JOB_NAME,COBALT_JOBID,MACHINE_NAME,QUEUED_TIMESTAMP,QUEUED_DATE_ID,START_TIMESTAMP,START_DATE_ID,END_TIMESTAMP,END_DATE_ID,USERNAME_GENID,PROJECT_NAME_GENID,QUEUE_NAME,WALLTIME_SECONDS,RUNTIME_SECONDS,NODES_USED,NODES_REQUESTED,CORES_USED,CORES_REQUESTED,LOCATION,EXIT_STATUS,ELIGIBLE_WAIT_SECONDS,ELIGIBLE_WAIT_FACTOR,QUEUED_WAIT_SECONDS,QUEUED_WAIT_FACTOR,REQUESTED_CORE_HOURS,USED_CORE_HOURS,CAPABILITY_USAGE_CORE_HOURS,NONCAPABILITY_USAGE_CORE_HOURS,BUCKETS3_A_USAGE_CORE_HOURS,BUCKETS3_B_USAGE_CORE_HOURS,BUCKETS3_C_USAGE_CORE_HOURS,MACHINE_PARTITION,EXIT_CODE,MODE,RESID,DATA_LOAD_STATUS,CAPABILITY,SIZE_BUCKETS3,PERCENTILE,NUM_TASKS_SUBBLOCK,NUM_TASKS_CONSECUTIVE,NUM_TASKS_MULTILOCATION,NUM_TASKS_SINGLE,COBALT_NUM_TASKS,IS_SINGLE,IS_CONSECUTIVE,IS_MULTILOCATION,IS_SUBBLOCK,IS_SUBBLOCK_ONLY,IS_MULTILOCATION_ONLY,IS_MULTILOCATION_SUBBLOCK,IS_CONSECUTIVE_ONLY,IS_SINGLE_ONLY,IS_NO_TASKS,IS_OTHER,OVERBURN_CORE_HOURS,IS_OVERBURN
581317.mira,581317,mira,2015-08-30 22:11:05,20150830,2015-08-30 22:13:43,20150830,2015-08-30 22:17:33,20150830,34871601655553,97534845395728,backfill,300.0,230.0,512.0,432.0,8192.0,6912.0,MIR-04480-377B1-512,0,159,0,159,0,439.68,521.1022,0.0,523.3777,0.0,0.0,523.3777,MIR-04480-377B1-512,0,script,-1,complete,Not capability,0% <= x < 16.7%,0% <= x < 16.7%,0,0,0,1,1,1,0,0,0,0,0,0,0,1,0,0,0.0,0
581321.mira,581321,mira,2015-08-30 22:16:34,20150830,2015-08-30 22:17:06,20150830,2015-08-30 22:22:00,20150830,34871601655553,97534845395728,backfill,300.0,294.0,512.0,432.0,8192.0,6912.0,MIR-04C00-37F31-512,0,32,0,32,0,564.48,669.0133,0.0,669.0133,0.0,0.0,669.0133,MIR-04C00-37F31-512,0,script,-1,complete,Not capability,0% <= x < 16.7%,0% <= x < 16.7%,0,0,0,1,1,1,0,0,0,0,0,0,0,1,0,0,0.0,0
581323.mira,581323,mira,2015-08-30 22:16:49,20150830,2015-08-30 22:18:14,20150830,2015-08-30 22:23:00,20150830,34871601655553,97534845395728,backfill,300.0,286.0,512.0,432.0,8192.0,6912.0,MIR-04080-373B1-512,0,85,0,85,0,547.2,648.5333,0.0,650.8088,0.0,0.0,650.8088,MIR-04080-373B1-512,0,script,-1,complete,Not capability,0% <= x < 16.7%,0% <= x < 16.7%,0,0,0,1,1,1,0,0,0,0,0,0,0,1,0,0,0.0,0
581322.mira,581322,mira,2015-08-30 22:16:39,20150830,2015-08-30 22:18:47,20150830,2015-08-30 22:22:42,20150830,34871601655553,97534845395728,backfill,300.0,235.0,512.0,432.0,8192.0,6912.0,MIR-04480-377B1-512,0,128,0,128,0,451.2,534.7556,0.0,534.7555,0.0,0.0,534.7555,MIR-04480-377B1-512,0,script,-1,complete,Not capability,0% <= x < 16.7%,0% <= x < 16.7%,0,0,0,1,1,1,0,0,0,0,0,0,0,1,0,0,0.0,0
581325.mira,581325,mira,2015-08-30 22:21:53,20150830,2015-08-30 22:23:10,20150830,2015-08-30 22:27:17,20150830,34871601655553,97534845395728,backfill,300.0,247.0,512.0,432.0,8192.0,6912.0,MIR-04C00-37F31-512,0,77,0,77,0,472.32,559.7867,0.0,562.0622,0.0,0.0,562.0622,MIR-04C00-37F31-512,0,script,-1,complete,Not capability,0% <= x < 16.7%,0% <= x < 16.7%,0,0,0,1,1,1,0,0,0,0,0,0,0,1,0,0,0.0,0
581326.mira,581326,mira,2015-08-30 22:21:58,20150830,2015-08-30 22:23:49,20150830,2015-08-30 22:29:06,20150830,34871601655553,97534845395728,backfill,300.0,317.0,512.0,432.0,8192.0,6912.0,MIR-044C0-377F1-512,0,111,0,111,0,606.72,719.0756,0.0,721.3511,0.0,0.0,721.3511,MIR-044C0-377F1-512,0,script,-1,complete,Not capability,0% <= x < 16.7%,0% <= x < 16.7%,0,0,0,1,1,1,0,0,0,0,0,0,0,1,0,0,0.0,0
581316.mira,581316,mira,2015-08-30 22:10:53,20150830,2015-08-30 22:24:20,20150830,2015-08-30 22:28:48,20150830,34871601655553,97534845395728,backfill,300.0,268.0,512.0,432.0,8192.0,6912.0,MIR-040C0-373F1-512,0,806,2,806,2,516.48,612.1244,0.0,609.8488,0.0,0.0,609.8488,MIR-040C0-373F1-512,0,script,-1,complete,Not capability,0% <= x < 16.7%,0% <= x < 16.7%,0,0,0,1,1,1,0,0,0,0,0,0,0,1,0,0,0.0,0
581335.mira,581335,mira,2015-08-30 22:27:31,20150830,2015-08-30 22:27:55,20150830,2015-08-30 22:32:09,20150830,34871601655553,97534845395728,backfill,300.0,254.0,512.0,432.0,8192.0,6912.0,MIR-04C40-37F71-512,0,25,0,25,0,485.76,575.7156,0.0,577.9911,0.0,0.0,577.9911,MIR-04C40-37F71-512,0,script,-1,complete,Not capability,0% <= x < 16.7%,0% <= x < 16.7%,0,0,0,1,1,1,0,0,0,0,0,0,0,1,0,0,0.0,0
581334.mira,581334,mira,2015-08-30 22:27:26,20150830,2015-08-30 22:29:34,20150830,2015-08-30 22:33:49,20150830,34871601655553,97534845395728,backfill,300.0,255.0,512.0,432.0,8192.0,6912.0,MIR-04480-377B1-512,0,128,0,128,0,489.6,580.2667,0.0,580.2666,0.0,0.0,580.2666,MIR-04480-377B1-512,0,script,-1,complete,Not capability,0% <= x < 16.7%,0% <= x < 16.7%,0,0,0,1,1,1,0,0,0,0,0,0,0,1,0,0,0.0,0
581332.mira,581332,mira,2015-08-30 22:27:08,20150830,2015-08-30 22:30:13,20150830,2015-08-30 22:34:24,20150830,34871601655553,97534845395728,backfill,300.0,251.0,512.0,432.0,8192.0,6912.0,MIR-040C0-373F1-512,0,185,0,185,0,481.92,571.1644,0.0,571.1644,0.0,0.0,571.1644,MIR-040C0-373F1-512,0,script,-1,complete,Not capability,0% <= x < 16.7%,0% <= x < 16.7%,0,0,0,1,1,1,0,0,0,0,0,0,0,1,0,0,0.0,0
581333.mira,581333,mira,2015-08-30 22:27:15,20150830,2015-08-30 22:32:57,20150830,2015-08-30 22:37:06,20150830,34871601655553,97534845395728,backfill,300.0,249.0,512.0,432.0,8192.0,6912.0,MIR-04C40-37F71-512,0,341,1,341,1,480.0,568.8889,0.0,566.6133,0.0,0.0,566.6133,MIR-04C40-37F71-512,0,script,-1,complete,Not capability,0% <= x < 16.7%,0% <= x < 16.7%,0,0,0,1,1,1,0,0,0,0,0,0,0,1,0,0,0.0,0
581338.mira,581338,mira,2015-08-30 22:32:57,20150830,2015-08-30 22:34:48,20150830,2015-08-30 22:39:00,20150830,34871601655553,97534845395728,backfill,300.0,252.0,512.0,432.0,8192.0,6912.0,MIR-04480-377B1-512,0,111,0,111,0,481.92,571.1644,0.0,573.44,0.0,0.0,573.44,MIR-04480-377B1-512,0,script,-1,complete,Not capability,0% <= x < 16.7%,0% <= x < 16.7%,0,0,0,1,1,1,0,0,0,0,0,0,0,1,0,0,0.0,0
581339.mira,581339,mira,2015-08-30 22:33:03,20150830,2015-08-30 22:35:58,20150830,2015-08-30 22:40:15,20150830,34871601655553,97534845395728,backfill,300.0,257.0,512.0,432.0,8192.0,6912.0,MIR-040C0-373F1-512,0,175,0,175,0,495.36,587.0933,0.0,584.8177,0.0,0.0,584.8177,MIR-040C0-373F1-512,0,script,-1,complete,Not capability,0% <= x < 16.7%,0% <= x < 16.7%,0,0,0,1,1,1,0,0,0,0,0,0,0,1,0,0,0.0,0
581337.mira,581337,mira,2015-08-30 22:32:42,20150830,2015-08-30 22:38:16,20150830,2015-08-30 22:42:40,20150830,34871601655553,97534845395728,backfill,300.0,264.0,512.0,432.0,8192.0,6912.0,MIR-04C00-37F31-512,0,334,1,334,1,506.88,600.7467,0.0,600.7466,0.0,0.0,600.7466,MIR-04C00-37F31-512,0,script,-1,complete,Not capability,0% <= x < 16.7%,0% <= x < 16.7%,0,0,0,1,1,1,0,0,0,0,0,0,0,1,0,0,0.0,0
581344.mira,581344,mira,2015-08-30 22:38:26,20150830,2015-08-30 22:39:50,20150830,2015-08-30 22:44:06,20150830,34871601655553,97534845395728,backfill,300.0,256.0,512.0,432.0,8192.0,6912.0,MIR-04480-377B1-512,0,84,0,84,0,491.52,582.5422,0.0,582.5422,0.0,0.0,582.5422,MIR-04480-377B1-512,0,script,-1,complete,Not capability,0% <= x < 16.7%,0% <= x < 16.7%,0,0,0,1,1,1,0,0,0,0,0,0,0,1,0,0,0.0,0
581342.mira,581342,mira,2015-08-30 22:38:16,20150830,2015-08-30 22:40:52,20150830,2015-08-30 22:44:48,20150830,34871601655553,97534845395728,backfill,300.0,236.0,512.0,432.0,8192.0,6912.0,MIR-04080-373B1-512,0,155,0,155,0,455.04,539.3067,0.0,537.0311,0.0,0.0,537.0311,MIR-04080-373B1-512,0,script,-1,complete,Not capability,0% <= x < 16.7%,0% <= x < 16.7%,0,0,0,1,1,1,0,0,0,0,0,0,0,1,0,0,0.0,0
581343.mira,581343,mira,2015-08-30 22:38:22,20150830,2015-08-30 22:43:36,20150830,2015-08-30 22:47:45,20150830,34871601655553,97534845395728,backfill,300.0,249.0,512.0,432.0,8192.0,6912.0,MIR-04C40-37F71-512,0,314,1,314,1,480.0,568.8889,0.0,566.6133,0.0,0.0,566.6133,MIR-04C40-37F71-512,0,script,-1,complete,Not capability,0% <= x < 16.7%,0% <= x < 16.7%,0,0,0,1,1,1,0,0,0,0,0,0,0,1,0,0,0.0,0
581349.mira,581349,mira,2015-08-30 22:43:55,20150830,2015-08-30 22:44:39,20150830,2015-08-30 22:48:20,20150830,34871601655553,97534845395728,backfill,300.0,221.0,512.0,432.0,8192.0,6912.0,MIR-04480-377B1-512,0,45,0,45,0,422.4,500.6222,0.0,502.8977,0.0,0.0,502.8977,MIR-04480-377B1-512,0,script,-1,complete,Not capability,0% <= x < 16.7%,0% <= x < 16.7%,0,0,0,1,1,1,0,0,0,0,0,0,0,1,0,0,0.0,0
581348.mira,581348,mira,2015-08-30 22:43:49,20150830,2015-08-30 22:45:52,20150830,2015-08-30 22:50:07,20150830,34871601655553,97534845395728,backfill,300.0,255.0,512.0,432.0,8192.0,6912.0,MIR-04080-373B1-512,0,124,0,124,0,487.68,577.9911,0.0,580.2666,0.0,0.0,580.2666,MIR-04080-373B1-512,0,script,-1,complete,Not capability,0% <= x < 16.7%,0% <= x < 16.7%,0,0,0,1,1,1,0,0,0,0,0,0,0,1,0,0,0.0,0
581347.mira,581347,mira,2015-08-30 22:43:40,20150830,2015-08-30 22:48:46,20150830,2015-08-30 22:53:03,20150830,34871601655553,97534845395728,backfill,300.0,257.0,512.0,432.0,8192.0,6912.0,MIR-04C00-37F31-512,0,307,1,307,1,491.52,582.5422,0.0,584.8177,0.0,0.0,584.8177,MIR-04C00-37F31-512,0,script,-1,complete,Not capability,0% <= x < 16.7%,0% <= x < 16.7%,0,0,0,1,1,1,0,0,0,0,0,0,0,1,0,0,0.0,0
581315.mira,581315,mira,2015-08-30 22:10:47,20150830,2015-08-30 22:49:16,20150830,2015-08-30 22:53:37,20150830,34871601655553,97534845395728,backfill,300.0,261.0,512.0,432.0,8192.0,6912.0,MIR-04480-377B1-512,0,2308,7,2308,7,501.12,593.92,0.0,593.92,0.0,0.0,593.92,MIR-04480-377B1-512,0,script,-1,complete,Not capability,0% <= x < 16.7%,0% <= x < 16.7%,0,0,0,1,1,1,0,0,0,0,0,0,0,1,0,0,0.0,0
581353.mira,581353,mira,2015-08-30 22:49:35,20150830,2015-08-30 22:50:52,20150830,2015-08-30 22:55:09,20150830,34871601655553,97534845395728,backfill,300.0,257.0,512.0,432.0,8192.0,6912.0,MIR-04040-37371-512,0,78,0,78,0,493.44,584.8178,0.0,584.8177,0.0,0.0,584.8177,MIR-04040-37371-512,0,script,-1,complete,Not capability,0% <= x < 16.7%,0% <= x < 16.7%,0,0,0,1,1,1,0,0,0,0,0,0,0,1,0,0,0.0,0
576688.mira,576688,mira,2015-08-28 17:22:31,20150828,2015-08-30 22:54:05,20150830,2015-08-30 23:00:02,20150830,11236472200246,41884634523598,prod-long,43200.0,357.0,512.0,512.0,8192.0,8192.0,MIR-40CC0-73FF1-512,1,192694,4,192694,4,814.6489,814.6489,0.0,812.3733,0.0,0.0,812.3733,MIR-40CC0-73FF1-512,1,c64,-1,complete,Not capability,0% <= x < 16.7%,0% <= x < 16.7%,0,0,0,1,1,1,0,0,0,0,0,0,0,1,0,0,0.0,0
581352.mira,581352,mira,2015-08-30 22:49:30,20150830,2015-08-30 22:54:41,20150830,2015-08-30 22:58:49,20150830,34871601655553,97534845395728,backfill,300.0,248.0,512.0,432.0,8192.0,6912.0,MIR-04C40-37F71-512,0,312,1,312,1,474.24,562.0622,0.0,564.3377,0.0,0.0,564.3377,MIR-04C40-37F71-512,0,script,-1,complete,Not capability,0% <= x < 16.7%,0% <= x < 16.7%,0,0,0,1,1,1,0,0,0,0,0,0,0,1,0,0,0.0,0
581356.mira,581356,mira,2015-08-30 22:54:52,20150830,2015-08-30 22:55:11,20150830,2015-08-30 22:58:31,20150830,34871601655553,97534845395728,backfill,300.0,200.0,512.0,432.0,8192.0,6912.0,MIR-044C0-377F1-512,0,19,0,19,0,384.0,455.1111,0.0,455.1111,0.0,0.0,455.1111,MIR-044C0-377F1-512,0,script,-1,complete,Not capability,0% <= x < 16.7%,0% <= x < 16.7%,0,0,0,1,1,1,0,0,0,0,0,0,0,1,0,0,0.0,0
581358.mira,581358,mira,2015-08-30 22:55:20,20150830,2015-08-30 22:55:43,20150830,2015-08-30 22:59:07,20150830,34871601655553,97534845395728,backfill,300.0,204.0,512.0,432.0,8192.0,6912.0,MIR-040C0-373F1-512,0,24,0,24,0,391.68,464.2133,0.0,464.2133,0.0,0.0,464.2133,MIR-040C0-373F1-512,0,script,-1,complete,Not capability,0% <= x < 16.7%,0% <= x < 16.7%,0,0,0,1,1,1,0,0,0,0,0,0,0,1,0,0,0.0,0
576691.mira,576691,mira,2015-08-28 17:23:02,20150828,2015-08-30 23:01:01,20150830,2015-08-30 23:06:57,20150830,11236472200246,41884634523598,prod-long,43200.0,356.0,512.0,512.0,8192.0,8192.0,MIR-40CC0-73FF1-512,1,193078,4,193078,4,810.0978,810.0978,0.0,810.0977,0.0,0.0,810.0977,MIR-40CC0-73FF1-512,1,c64,-1,complete,Not capability,0% <= x < 16.7%,0% <= x < 16.7%,0,0,0,1,1,1,0,0,0,0,0,0,0,1,0,0,0.0,0
580932.mira,580932,mira,2015-08-30 18:31:51,20150830,2015-08-30 23:02:36,20150830,2015-08-31 00:03:32,20150831,56854543954531,14990642440966,prod-short,3600.0,3656.0,1024.0,1024.0,16384.0,16384.0,MIR-04C80-37FF1-1-1024,143,10221,2,16245,4,16634.3111,16634.3111,0.0,16638.8622,0.0,0.0,16638.8622,MIR-04C80-37FF1-1-1024,143,c32,-1,complete,Not capability,0% <= x < 16.7%,0% <= x < 16.7%,0,0,0,1,1,1,0,0,0,0,0,0,0,1,0,0,0.0,0
581362.mira,581362,mira,2015-08-30 23:00:44,20150830,2015-08-30 23:03:04,20150830,2015-08-30 23:06:22,20150830,34871601655553,97534845395728,backfill,300.0,198.0,512.0,432.0,8192.0,6912.0,MIR-04C40-37F71-512,0,140,0,140,0,380.16,450.56,0.0,450.56,0.0,0.0,450.56,MIR-04C40-37F71-512,0,script,-1,complete,Not capability,0% <= x < 16.7%,0% <= x < 16.7%,0,0,0,1,1,1,0,0,0,0,0,0,0,1,0,0,0.0,0
580933.mira,580933,mira,2015-08-30 18:31:56,20150830,2015-08-30 23:03:39,20150830,2015-08-31 00:04:38,20150831,56854543954531,14990642440966,prod-short,3600.0,3659.0,1024.0,1024.0,16384.0,16384.0,MIR-04000-37371-1-1024,143,10280,2,16304,4,16652.5156,16652.5156,0.0,16652.5155,0.0,0.0,16652.5155,MIR-04000-37371-1-1024,143,c32,-1,complete,Not capability,0% <= x < 16.7%,0% <= x < 16.7%,0,0,0,1,1,1,0,0,0,0,0,0,0,1,0,0,0.0,0
581361.mira,581361,mira,2015-08-30 23:00:35,20150830,2015-08-30 23:04:20,20150830,2015-08-30 23:08:29,20150830,34871601655553,97534845395728,backfill,300.0,249.0,512.0,432.0,8192.0,6912.0,MIR-04080-373B1-512,0,225,0,225,0,478.08,566.6133,0.0,566.6133,0.0,0.0,566.6133,MIR-04080-373B1-512,0,script,-1,complete,Not capability,0% <= x < 16.7%,0% <= x < 16.7%,0,0,0,1,1,1,0,0,0,0,0,0,0,1,0,0,0.0,0
581360.mira,581360,mira,2015-08-30 23:00:30,20150830,2015-08-30 23:04:55,20150830,2015-08-30 23:08:44,20150830,34871601655553,97534845395728,backfill,300.0,229.0,512.0,432.0,8192.0,6912.0,MIR-04400-37731-512,0,265,0,265,0,441.6,523.3778,0.0,521.1022,0.0,0.0,521.1022,MIR-04400-37731-512,0,script,-1,complete,Not capability,0% <= x < 16.7%,0% <= x < 16.7%,0,0,0,1,1,1,0,0,0,0,0,0,0,1,0,0,0.0,0
580934.mira,580934,mira,2015-08-30 18:32:01,20150830,2015-08-30 23:05:30,20150830,2015-08-31 00:06:37,20150831,56854543954531,14990642440966,prod-short,3600.0,3667.0,1024.0,1024.0,16384.0,16384.0,MIR-04800-37B71-1-1024,143,10385,2,16409,4,16688.9244,16688.9244,0.0,16688.9244,0.0,0.0,16688.9244,MIR-04800-37B71-1-1024,143,c32,-1,complete,Not capability,0% <= x < 16.7%,0% <= x < 16.7%,0,0,0,1,1,1,0,0,0,0,0,0,0,1,0,0,0.0,0
581357.mira,581357,mira,2015-08-30 22:54:57,20150830,2015-08-30 23:07:20,20150830,2015-08-30 23:11:13,20150830,34871601655553,97534845395728,backfill,300.0,233.0,512.0,432.0,8192.0,6912.0,MIR-04C40-37F71-512,0,744,2,744,2,447.36,530.2044,0.0,530.2044,0.0,0.0,530.2044,MIR-04C40-37F71-512,0,script,-1,complete,Not capability,0% <= x < 16.7%,0% <= x < 16.7%,0,0,0,1,1,1,0,0,0,0,0,0,0,1,0,0,0.0,0
576692.mira,576692,mira,2015-08-28 17:23:27,20150828,2015-08-30 23:07:56,20150830,2015-08-30 23:13:14,20150830,11236472200246,41884634523598,prod-long,43200.0,318.0,512.0,512.0,8192.0,8192.0,MIR-40CC0-73FF1-512,1,193469,4,193469,4,723.6267,723.6267,0.0,723.6266,0.0,0.0,723.6266,MIR-40CC0-73FF1-512,1,c64,-1,complete,Not capability,0% <= x < 16.7%,0% <= x < 16.7%,0,0,0,1,1,1,0,0,0,0,0,0,0,1,0,0,0.0,0
581355.mira,581355,mira,2015-08-30 22:54:46,20150830,2015-08-30 23:09:02,20150830,2015-08-30 23:12:32,20150830,34871601655553,97534845395728,backfill,300.0,210.0,512.0,432.0,8192.0,6912.0,MIR-04080-373B1-512,0,856,2,856,2,403.2,477.8667,0.0,477.8666,0.0,0.0,477.8666,MIR-04080-373B1-512,0,script,-1,complete,Not capability,0% <= x < 16.7%,0% <= x < 16.7%,0,0,0,1,1,1,0,0,0,0,0,0,0,1,0,0,0.0,0
581351.mira,581351,mira,2015-08-30 22:49:28,20150830,2015-08-30 23:10:11,20150830,2015-08-30 23:14:42,20150830,34871601655553,97534845395728,backfill,300.0,271.0,512.0,432.0,8192.0,6912.0,MIR-044C0-377F1-512,0,1243,4,1243,4,520.32,616.6756,0.0,616.6755,0.0,0.0,616.6755,MIR-044C0-377F1-512,0,script,-1,complete,Not capability,0% <= x < 16.7%,0% <= x < 16.7%,0,0,0,1,1,1,0,0,0,0,0,0,0,1,0,0,0.0,0
581369.mira,581369,mira,2015-08-30 23:11:04,20150830,2015-08-30 23:11:42,20150830,2015-08-30 23:15:28,20150830,34871601655553,97534845395728,backfill,300.0,226.0,512.0,432.0,8192.0,6912.0,MIR-04C00-37F31-512,0,37,0,37,0,433.92,514.2756,0.0,514.2755,0.0,0.0,514.2755,MIR-04C00-37F31-512,0,script,-1,complete,Not capability,0% <= x < 16.7%,0% <= x < 16.7%,0,0,0,1,1,1,0,0,0,0,0,0,0,1,0,0,0.0,0
581367.mira,581367,mira,2015-08-30 23:10:53,20150830,2015-08-30 23:13:12,20150830,2015-08-30 23:16:26,20150830,34871601655553,97534845395728,backfill,300.0,194.0,512.0,432.0,8192.0,6912.0,MIR-040C0-373F1-512,0,139,0,139,0,372.48,441.4578,0.0,441.4577,0.0,0.0,441.4577,MIR-040C0-373F1-512,0,script,-1,complete,Not capability,0% <= x < 16.7%,0% <= x < 16.7%,0,0,0,1,1,1,0,0,0,0,0,0,0,1,0,0,0.0,0
572032.mira,572032,mira,2015-08-26 08:49:06,20150826,2015-08-30 23:14:21,20150830,2015-08-31 09:15:32,20150831,12165416969063,67895300298880,prod-long,36000.0,36071.0,512.0,512.0,8192.0,8192.0,MIR-40CC0-73FF1-512,143,397516,11,397516,11,82081.5644,82081.5644,0.0,82081.5644,0.0,0.0,82081.5644,MIR-40CC0-73FF1-512,143,script,-1,complete,Not capability,0% <= x < 16.7%,0% <= x < 16.7%,4,0,0,0,4,0,0,0,1,1,0,0,0,0,0,0,0.0,0
581368.mira,581368,mira,2015-08-30 23:10:58,20150830,2015-08-30 23:15:20,20150830,2015-08-30 23:18:37,20150830,34871601655553,97534845395728,backfill,300.0,197.0,512.0,432.0,8192.0,6912.0,MIR-044C0-377F1-512,0,261,0,261,0,378.24,448.2844,0.0,448.2844,0.0,0.0,448.2844,MIR-044C0-377F1-512,0,script,-1,complete,Not capability,0% <= x < 16.7%,0% <= x < 16.7%,0,0,0,1,1,1,0,0,0,0,0,0,0,1,0,0,0.0,0
581350.mira,581350,mira,2015-08-30 22:49:02,20150830,2015-08-30 23:15:55,20150830,2015-08-30 23:20:13,20150830,34871601655553,97534845395728,backfill,300.0,258.0,512.0,432.0,8192.0,6912.0,MIR-04C40-37F71-512,0,1613,5,1613,5,493.44,584.8178,0.0,587.0933,0.0,0.0,587.0933,MIR-04C40-37F71-512,0,script,-1,complete,Not capability,0% <= x < 16.7%,0% <= x < 16.7%,0,0,0,1,1,1,0,0,0,0,0,0,0,1,0,0,0.0,0
581371.mira,581371,mira,2015-08-30 23:16:35,20150830,2015-08-30 23:17:05,20150830,2015-08-30 23:20:47,20150830,34871601655553,97534845395728,backfill,300.0,222.0,512.0,432.0,8192.0,6912.0,MIR-040C0-373F1-512,0,30,0,30,0,426.24,505.1733,0.0,505.1733,0.0,0.0,505.1733,MIR-040C0-373F1-512,0,script,-1,complete,Not capability,0% <= x < 16.7%,0% <= x < 16.7%,0,0,0,1,1,1,0,0,0,0,0,0,0,1,0,0,0.0,0
581374.mira,581374,mira,2015-08-30 23:17:05,20150830,2015-08-30 23:19:22,20150830,2015-08-30 23:22:31,20150830,34871601655553,97534845395728,backfill,300.0,189.0,512.0,432.0,8192.0,6912.0,MIR-044C0-377F1-512,0,137,0,137,0,362.88,430.08,0.0,430.08,0.0,0.0,430.08,MIR-044C0-377F1-512,0,script,-1,complete,Not capability,0% <= x < 16.7%,0% <= x < 16.7%,0,0,0,1,1,1,0,0,0,0,0,0,0,1,0,0,0.0,0
581373.mira,581373,mira,2015-08-30 23:16:49,20150830,2015-08-30 23:20:54,20150830,2015-08-30 23:24:39,20150830,34871601655553,97534845395728,backfill,300.0,225.0,512.0,432.0,8192.0,6912.0,MIR-04C40-37F71-512,0,244,0,244,0,433.92,514.2756,0.0,512.0,0.0,0.0,512.0,MIR-04C40-37F71-512,0,script,-1,complete,Not capability,0% <= x < 16.7%,0% <= x < 16.7%,0,0,0,1,1,1,0,0,0,0,0,0,0,1,0,0,0.0,0
581372.mira,581372,mira,2015-08-30 23:16:40,20150830,2015-08-30 23:21:58,20150830,2015-08-30 23:25:11,20150830,34871601655553,97534845395728,backfill,300.0,193.0,512.0,432.0,8192.0,6912.0,MIR-040C0-373F1-512,0,318,1,318,1,368.64,436.9067,0.0,439.1822,0.0,0.0,439.1822,MIR-040C0-373F1-512,0,script,-1,complete,Not capability,0% <= x < 16.7%,0% <= x < 16.7%,0,0,0,1,1,1,0,0,0,0,0,0,0,1,0,0,0.0,0
581397.mira,581397,mira,2015-08-30 23:22:41,20150830,2015-08-30 23:23:43,20150830,2015-08-30 23:26:54,20150830,34871601655553,97534845395728,backfill,300.0,191.0,512.0,432.0,8192.0,6912.0,MIR-044C0-377F1-512,0,62,0,62,0,368.64,436.9067,0.0,434.6311,0.0,0.0,434.6311,MIR-044C0-377F1-512,0,script,-1,complete,Not capability,0% <= x < 16.7%,0% <= x < 16.7%,0,0,0,1,1,1,0,0,0,0,0,0,0,1,0,0,0.0,0
581398.mira,581398,mira,2015-08-30 23:22:46,20150830,2015-08-30 23:24:53,20150830,2015-08-30 23:28:29,20150830,34871601655553,97534845395728,backfill,300.0,216.0,512.0,432.0,8192.0,6912.0,MIR-04C40-37F71-512,0,128,0,128,0,414.72,491.52,0.0,491.52,0.0,0.0,491.52,MIR-04C40-37F71-512,0,script,-1,complete,Not capability,0% <= x < 16.7%,0% <= x < 16.7%,0,0,0,1,1,1,0,0,0,0,0,0,0,1,0,0,0.0,0
581396.mira,581396,mira,2015-08-30 23:22:35,20150830,2015-08-30 23:26:13,20150830,2015-08-30 23:29:28,20150830,34871601655553,97534845395728,backfill,300.0,195.0,512.0,432.0,8192.0,6912.0,MIR-04080-373B1-512,0,217,0,217,0,376.32,446.0089,0.0,443.7333,0.0,0.0,443.7333,MIR-04080-373B1-512,0,script,-1,complete,Not capability,0% <= x < 16.7%,0% <= x < 16.7%,0,0,0,1,1,1,0,0,0,0,0,0,0,1,0,0,0.0,0
581394.mira,581394,mira,2015-08-30 23:22:16,20150830,2015-08-30 23:28:04,20150830,2015-08-30 23:30:59,20150830,34871601655553,97534845395728,backfill,300.0,175.0,512.0,432.0,8192.0,6912.0,MIR-04440-37771-512,0,348,1,348,1,336.0,398.2222,0.0,398.2222,0.0,0.0,398.2222,MIR-04440-37771-512,0,script,-1,complete,Not capability,0% <= x < 16.7%,0% <= x < 16.7%,0,0,0,1,1,1,0,0,0,0,0,0,0,1,0,0,0.0,0
581401.mira,581401,mira,2015-08-30 23:28:06,20150830,2015-08-30 23:29:13,20150830,2015-08-30 23:32:36,20150830,34871601655553,97534845395728,backfill,300.0,203.0,512.0,432.0,8192.0,6912.0,MIR-04C40-37F71-512,0,66,0,66,0,391.68,464.2133,0.0,461.9377,0.0,0.0,461.9377,MIR-04C40-37F71-512,0,script,-1,complete,Not capability,0% <= x < 16.7%,0% <= x < 16.7%,0,0,0,1,1,1,0,0,0,0,0,0,0,1,0,0,0.0,0
581402.mira,581402,mira,2015-08-30 23:28:08,20150830,2015-08-30 23:30:28,20150830,2015-08-30 23:33:10,20150830,34871601655553,97534845395728,backfill,300.0,162.0,512.0,432.0,8192.0,6912.0,MIR-04080-373B1-512,0,139,0,139,0,312.96,370.9156,0.0,368.64,0.0,0.0,368.64,MIR-04080-373B1-512,0,script,-1,complete,Not capability,0% <= x < 16.7%,0% <= x < 16.7%,0,0,0,1,1,1,0,0,0,0,0,0,0,1,0,0,0.0,0
581400.mira,581400,mira,2015-08-30 23:27:57,20150830,2015-08-30 23:32:14,20150830,2015-08-30 23:36:06,20150830,34871601655553,97534845395728,backfill,300.0,232.0,512.0,432.0,8192.0,6912.0,MIR-044C0-377F1-512,0,258,0,258,0,445.44,527.9289,0.0,527.9288,0.0,0.0,527.9288,MIR-044C0-377F1-512,0,script,-1,complete,Not capability,0% <= x < 16.7%,0% <= x < 16.7%,0,0,0,1,1,1,0,0,0,0,0,0,0,1,0,0,0.0,0
581403.mira,581403,mira,2015-08-30 23:33:14,20150830,2015-08-30 23:33:38,20150830,2015-08-30 23:36:43,20150830,34871601655553,97534845395728,backfill,300.0,185.0,512.0,432.0,8192.0,6912.0,MIR-04C40-37F71-512,0,24,0,24,0,353.28,418.7022,0.0,420.9777,0.0,0.0,420.9777,MIR-04C40-37F71-512,0,script,-1,complete,Not capability,0% <= x < 16.7%,0% <= x < 16.7%,0,0,0,1,1,1,0,0,0,0,0,0,0,1,0,0,0.0,0
581408.mira,581408,mira,2015-08-30 23:33:40,20150830,2015-08-30 23:34:16,20150830,2015-08-30 23:37:45,20150830,34871601655553,97534845395728,backfill,300.0,209.0,512.0,432.0,8192.0,6912.0,MIR-040C0-373F1-512,0,36,0,36,0,403.2,477.8667,0.0,475.5911,0.0,0.0,475.5911,MIR-040C0-373F1-512,0,script,-1,complete,Not capability,0% <= x < 16.7%,0% <= x < 16.7%,0,0,0,1,1,1,0,0,0,0,0,0,0,1,0,0,0.0,0
581406.mira,581406,mira,2015-08-30 23:33:35,20150830,2015-08-30 23:37:15,20150830,2015-08-30 23:41:00,20150830,34871601655553,97534845395728,backfill,300.0,225.0,512.0,432.0,8192.0,6912.0,MIR-04440-37771-512,0,220,0,220,0,433.92,514.2756,0.0,512.0,0.0,0.0,512.0,MIR-04440-37771-512,0,script,-1,complete,Not capability,0% <= x < 16.7%,0% <= x < 16.7%,0,0,0,1,1,1,0,0,0,0,0,0,0,1,0,0,0.0,0
581405.mira,581405,mira,2015-08-30 23:33:30,20150830,2015-08-30 23:37:50,20150830,2015-08-30 23:40:45,20150830,34871601655553,97534845395728,backfill,300.0,175.0,512.0,432.0,8192.0,6912.0,MIR-04C00-37F31-512,0,260,0,260,0,337.92,400.4978,0.0,398.2222,0.0,0.0,398.2222,MIR-04C00-37F31-512,0,script,-1,complete,Not capability,0% <= x < 16.7%,0% <= x < 16.7%,0,0,0,1,1,1,0,0,0,0,0,0,0,1,0,0,0.0,0
581404.mira,581404,mira,2015-08-30 23:33:19,20150830,2015-08-30 23:38:28,20150830,2015-08-30 23:41:36,20150830,34871601655553,97534845395728,backfill,300.0,188.0,512.0,432.0,8192.0,6912.0,MIR-040C0-373F1-512,0,309,1,309,1,360.96,427.8044,0.0,427.8044,0.0,0.0,427.8044,MIR-040C0-373F1-512,0,script,-1,complete,Not capability,0% <= x < 16.7%,0% <= x < 16.7%,0,0,0,1,1,1,0,0,0,0,0,0,0,1,0,0,0.0,0
581412.mira,581412,mira,2015-08-30 23:39:06,20150830,2015-08-30 23:41:33,20150830,2015-08-30 23:44:53,20150830,34871601655553,97534845395728,backfill,300.0,200.0,512.0,432.0,8192.0,6912.0,MIR-04C00-37F31-512,0,147,0,147,0,385.92,457.3867,0.0,455.1111,0.0,0.0,455.1111,MIR-04C00-37F31-512,0,script,-1,complete,Not capability,0% <= x < 16.7%,0% <= x < 16.7%,0,0,0,1,1,1,0,0,0,0,0,0,0,1,0,0,0.0,0
581410.mira,581410,mira,2015-08-30 23:38:51,20150830,2015-08-30 23:42:13,20150830,2015-08-30 23:45:55,20150830,34871601655553,97534845395728,backfill,300.0,222.0,512.0,432.0,8192.0,6912.0,MIR-04480-377B1-512,0,202,0,202,0,426.24,505.1733,0.0,505.1733,0.0,0.0,505.1733,MIR-04480-377B1-512,0,script,-1,complete,Not capability,0% <= x < 16.7%,0% <= x < 16.7%,0,0,0,1,1,1,0,0,0,0,0,0,0,1,0,0,0.0,0
581411.mira,581411,mira,2015-08-30 23:39:00,20150830,2015-08-30 23:42:54,20150830,2015-08-30 23:46:47,20150830,34871601655553,97534845395728,backfill,300.0,233.0,512.0,432.0,8192.0,6912.0,MIR-04080-373B1-512,0,234,0,234,0,445.44,527.9289,0.0,530.2044,0.0,0.0,530.2044,MIR-04080-373B1-512,0,script,-1,complete,Not capability,0% <= x < 16.7%,0% <= x < 16.7%,0,0,0,1,1,1,0,0,0,0,0,0,0,1,0,0,0.0,0
581415.mira,581415,mira,2015-08-30 23:44:24,20150830,2015-08-30 23:45:37,20150830,2015-08-30 23:48:18,20150830,34871601655553,97534845395728,backfill,300.0,161.0,512.0,432.0,8192.0,6912.0,MIR-04C00-37F31-512,0,73,0,73,0,307.2,364.0889,0.0,366.3644,0.0,0.0,366.3644,MIR-04C00-37F31-512,0,script,-1,complete,Not capability,0% <= x < 16.7%,0% <= x < 16.7%,0,0,0,1,1,1,0,0,0,0,0,0,0,1,0,0,0.0,0
581414.mira,581414,mira,2015-08-30 23:44:17,20150830,2015-08-30 23:46:41,20150830,2015-08-30 23:49:14,20150830,34871601655553,97534845395728,backfill,300.0,153.0,512.0,432.0,8192.0,6912.0,MIR-044C0-377F1-512,0,144,0,144,0,293.76,348.16,0.0,348.16,0.0,0.0,348.16,MIR-044C0-377F1-512,0,script,-1,complete,Not capability,0% <= x < 16.7%,0% <= x < 16.7%,0,0,0,1,1,1,0,0,0,0,0,0,0,1,0,0,0.0,0
581413.mira,581413,mira,2015-08-30 23:44:12,20150830,2015-08-30 23:47:42,20150830,2015-08-30 23:50:53,20150830,34871601655553,97534845395728,backfill,300.0,191.0,512.0,432.0,8192.0,6912.0,MIR-04080-373B1-512,0,210,0,210,0,366.72,434.6311,0.0,434.6311,0.0,0.0,434.6311,MIR-04080-373B1-512,0,script,-1,complete,Not capability,0% <= x < 16.7%,0% <= x < 16.7%,0,0,0,1,1,1,0,0,0,0,0,0,0,1,0,0,0.0,0
581370.mira,581370,mira,2015-08-30 23:16:10,20150830,2015-08-30 23:49:20,20150830,2015-08-30 23:53:34,20150830,34871601655553,97534845395728,backfill,300.0,254.0,512.0,432.0,8192.0,6912.0,MIR-04C40-37F71-512,0,1990,6,1990,6,487.68,577.9911,0.0,577.9911,0.0,0.0,577.9911,MIR-04C40-37F71-512,0,script,-1,complete,Not capability,0% <= x < 16.7%,0% <= x < 16.7%,0,0,0,1,1,1,0,0,0,0,0,0,0,1,0,0,0.0,0
581419.mira,581419,mira,2015-08-30 23:49:30,20150830,2015-08-30 23:50:05,20150830,2015-08-30 23:52:46,20150830,34871601655553,97534845395728,backfill,300.0,161.0,512.0,432.0,8192.0,6912.0,MIR-04400-37731-512,0,36,0,36,0,309.12,366.3644,0.0,366.3644,0.0,0.0,366.3644,MIR-04400-37731-512,0,script,-1,complete,Not capability,0% <= x < 16.7%,0% <= x < 16.7%,0,0,0,1,1,1,0,0,0,0,0,0,0,1,0,0,0.0,0
581423.mira,581423,mira,2015-08-30 23:50:14,20150830,2015-08-30 23:51:40,20150830,2015-08-30 23:54:59,20150830,34871601655553,97534845395728,backfill,300.0,199.0,512.0,432.0,8192.0,6912.0,MIR-04080-373B1-512,0,85,0,85,0,384.0,455.1111,0.0,452.8355,0.0,0.0,452.8355,MIR-04080-373B1-512,0,script,-1,complete,Not capability,0% <= x < 16.7%,0% <= x < 16.7%,0,0,0,1,1,1,0,0,0,0,0,0,0,1,0,0,0.0,0
581422.mira,581422,mira,2015-08-30 23:50:09,20150830,2015-08-30 23:53:47,20150830,2015-08-30 23:56:53,20150830,34871601655553,97534845395728,backfill,300.0,186.0,512.0,432.0,8192.0,6912.0,MIR-044C0-377F1-512,0,218,0,218,0,357.12,423.2533,0.0,423.2533,0.0,0.0,423.2533,MIR-044C0-377F1-512,0,script,-1,complete,Not capability,0% <= x < 16.7%,0% <= x < 16.7%,0,0,0,1,1,1,0,0,0,0,0,0,0,1,0,0,0.0,0
581421.mira,581421,mira,2015-08-30 23:50:00,20150830,2015-08-30 23:54:28,20150830,2015-08-30 23:57:32,20150830,34871601655553,97534845395728,backfill,300.0,184.0,512.0,432.0,8192.0,6912.0,MIR-04C00-37F31-512,0,268,0,268,0,355.2,420.9778,0.0,418.7022,0.0,0.0,418.7022,MIR-04C00-37F31-512,0,script,-1,complete,Not capability,0% <= x < 16.7%,0% <= x < 16.7%,0,0,0,1,1,1,0,0,0,0,0,0,0,1,0,0,0.0,0
581420.mira,581420,mira,2015-08-30 23:49:44,20150830,2015-08-30 23:55:31,20150830,2015-08-30 23:58:32,20150830,34871601655553,97534845395728,backfill,300.0,181.0,512.0,432.0,8192.0,6912.0,MIR-04080-373B1-512,0,347,1,347,1,345.6,409.6,0.0,411.8755,0.0,0.0,411.8755,MIR-04080-373B1-512,0,script,-1,complete,Not capability,0% <= x < 16.7%,0% <= x < 16.7%,0,0,0,1,1,1,0,0,0,0,0,0,0,1,0,0,0.0,0
581427.mira,581427,mira,2015-08-30 23:55:46,20150830,2015-08-30 23:57:41,20150830,2015-08-30 23:59:54,20150830,34871601655553,97534845395728,backfill,300.0,133.0,512.0,432.0,8192.0,6912.0,MIR-044C0-377F1-512,0,115,0,115,0,253.44,300.3733,0.0,302.6488,0.0,0.0,302.6488,MIR-044C0-377F1-512,0,script,-1,complete,Not capability,0% <= x < 16.7%,0% <= x < 16.7%,0,0,0,1,1,1,0,0,0,0,0,0,0,1,0,0,0.0,0
581432.mira,581432,mira,2015-08-31 00:01:14,20150831,2015-08-31 00:04:18,20150831,2015-08-31 00:08:09,20150831,34871601655553,97534845395728,backfill,300.0,231.0,512.0,432.0,8192.0,6912.0,MIR-04C00-37F31-512,0,184,0,184,0,443.52,525.6533,0.0,525.6533,0.0,0.0,525.6533,MIR-04C00-37F31-512,0,script,-1,complete,Not capability,0% <= x < 16.7%,0% <= x < 16.7%,0,0,0,1,1,1,0,0,0,0,0,0,0,1,0,0,0.0,0
581431.mira,581431,mira,2015-08-31 00:01:09,20150831,2015-08-31 00:05:31,20150831,2015-08-31 00:08:51,20150831,34871601655553,97534845395728,backfill,300.0,200.0,512.0,432.0,8192.0,6912.0,MIR-04080-373B1-512,0,261,0,261,0,384.0,455.1111,0.0,455.1111,0.0,0.0,455.1111,MIR-04080-373B1-512,0,script,-1,complete,Not capability,0% <= x < 16.7%,0% <= x < 16.7%,0,0,0,1,1,1,0,0,0,0,0,0,0,1,0,0,0.0,0
581429.mira,581429,mira,2015-08-31 00:00:52,20150831,2015-08-31 00:07:13,20150831,2015-08-31 00:09:55,20150831,34871601655553,97534845395728,backfill,300.0,162.0,512.0,432.0,8192.0,6912.0,MIR-04800-37B31-512,0,382,1,382,1,311.04,368.64,0.0,368.64,0.0,0.0,368.64,MIR-04800-37B31-512,0,script,-1,complete,Not capability,0% <= x < 16.7%,0% <= x < 16.7%,0,0,0,1,1,1,0,0,0,0,0,0,0,1,0,0,0.0,0
581430.mira,581430,mira,2015-08-31 00:00:58,20150831,2015-08-31 00:08:34,20150831,2015-08-31 00:11:49,20150831,34871601655553,97534845395728,backfill,300.0,195.0,512.0,432.0,8192.0,6912.0,MIR-04C80-37FB1-512,0,457,1,457,1,372.48,441.4578,0.0,443.7333,0.0,0.0,443.7333,MIR-04C80-37FB1-512,0,script,-1,complete,Not capability,0% <= x < 16.7%,0% <= x < 16.7%,0,0,0,1,1,1,0,0,0,0,0,0,0,1,0,0,0.0,0
581426.mira,581426,mira,2015-08-30 23:55:41,20150830,2015-08-31 00:09:51,20150831,2015-08-31 00:12:23,20150831,34871601655553,97534845395728,backfill,300.0,152.0,512.0,432.0,8192.0,6912.0,MIR-04440-37771-512,0,850,2,850,2,293.76,348.16,0.0,345.8844,0.0,0.0,345.8844,MIR-04440-37771-512,0,script,-1,complete,Not capability,0% <= x < 16.7%,0% <= x < 16.7%,0,0,0,1,1,1,0,0,0,0,0,0,0,1,0,0,0.0,0
581425.mira,581425,mira,2015-08-30 23:55:36,20150830,2015-08-31 00:10:56,20150831,2015-08-31 00:13:05,20150831,34871601655553,97534845395728,backfill,300.0,129.0,512.0,432.0,8192.0,6912.0,MIR-04800-37B31-512,0,919,3,919,3,249.6,295.8222,0.0,293.5466,0.0,0.0,293.5466,MIR-04800-37B31-512,0,script,-1,complete,Not capability,0% <= x < 16.7%,0% <= x < 16.7%,0,0,0,1,1,1,0,0,0,0,0,0,0,1,0,0,0.0,0
576503.mira,576503,mira,2015-08-28 14:59:29,20150828,2015-08-31 00:12:34,20150831,2015-08-31 03:08:57,20150831,96189774897037,73414259670960,prod-short,10800.0,10583.0,512.0,512.0,8192.0,8192.0,MIR-40C40-73F71-512,0,47430,4,205984,19,24084.48,24084.48,0.0,24082.2044,0.0,0.0,24082.2044,MIR-40C40-73F71-512,0,script,-1,complete,Not capability,0% <= x < 16.7%,0% <= x < 16.7%,8,0,0,0,8,0,0,0,1,1,0,0,0,0,0,0,0.0,0
581439.mira,581439,mira,2015-08-31 00:12:09,20150831,2015-08-31 00:13:08,20150831,2015-08-31 00:17:35,20150831,34871601655553,97534845395728,backfill,300.0,267.0,512.0,432.0,8192.0,6912.0,MIR-04C00-37F31-512,0,59,0,59,0,512.64,607.5733,0.0,607.5733,0.0,0.0,607.5733,MIR-04C00-37F31-512,0,script,-1,complete,Not capability,0% <= x < 16.7%,0% <= x < 16.7%,0,0,0,1,1,1,0,0,0,0,0,0,0,1,0,0,0.0,0
581438.mira,581438,mira,2015-08-31 00:11:59,20150831,2015-08-31 00:13:43,20150831,2015-08-31 00:17:50,20150831,34871601655553,97534845395728,backfill,300.0,247.0,512.0,432.0,8192.0,6912.0,MIR-040C0-373F1-512,0,104,0,104,0,474.24,562.0622,0.0,562.0622,0.0,0.0,562.0622,MIR-040C0-373F1-512,0,script,-1,complete,Not capability,0% <= x < 16.7%,0% <= x < 16.7%,0,0,0,1,1,1,0,0,0,0,0,0,0,1,0,0,0.0,0
581436.mira,581436,mira,2015-08-31 00:11:38,20150831,2015-08-31 00:14:22,20150831,2015-08-31 00:17:08,20150831,34871601655553,97534845395728,backfill,300.0,166.0,512.0,432.0,8192.0,6912.0,MIR-04800-37B31-512,0,163,0,163,0,320.64,380.0178,0.0,377.7422,0.0,0.0,377.7422,MIR-04800-37B31-512,0,script,-1,complete,Not capability,0% <= x < 16.7%,0% <= x < 16.7%,0,0,0,1,1,1,0,0,0,0,0,0,0,1,0,0,0.0,0
581444.mira,581444,mira,2015-08-31 00:17:38,20150831,2015-08-31 00:18:17,20150831,2015-08-31 00:23:19,20150831,34871601655553,97534845395728,backfill,300.0,302.0,512.0,432.0,8192.0,6912.0,MIR-04840-37B71-512,0,39,0,39,0,579.84,687.2178,0.0,687.2177,0.0,0.0,687.2177,MIR-04840-37B71-512,0,script,-1,complete,Not capability,0% <= x < 16.7%,0% <= x < 16.7%,0,0,0,1,1,1,0,0,0,0,0,0,0,1,0,0,0.0,0
581447.mira,581447,mira,2015-08-31 00:18:18,20150831,2015-08-31 00:18:58,20150831,2015-08-31 00:23:02,20150831,34871601655553,97534845395728,backfill,300.0,244.0,512.0,432.0,8192.0,6912.0,MIR-04C00-37F31-512,0,41,0,41,0,468.48,555.2356,0.0,555.2355,0.0,0.0,555.2355,MIR-04C00-37F31-512,0,script,-1,complete,Not capability,0% <= x < 16.7%,0% <= x < 16.7%,0,0,0,1,1,1,0,0,0,0,0,0,0,1,0,0,0.0,0
581445.mira,581445,mira,2015-08-31 00:17:44,20150831,2015-08-31 00:19:43,20150831,2015-08-31 00:23:37,20150831,34871601655553,97534845395728,backfill,300.0,234.0,512.0,432.0,8192.0,6912.0,MIR-04000-37331-512,0,119,0,119,0,449.28,532.48,0.0,532.48,0.0,0.0,532.48,MIR-04000-37331-512,0,script,-1,complete,Not capability,0% <= x < 16.7%,0% <= x < 16.7%,0,0,0,1,1,1,0,0,0,0,0,0,0,1,0,0,0.0,0
581446.mira,581446,mira,2015-08-31 00:17:54,20150831,2015-08-31 00:23:46,20150831,2015-08-31 00:27:34,20150831,34871601655553,97534845395728,backfill,300.0,228.0,512.0,432.0,8192.0,6912.0,MIR-04800-37B31-512,0,351,1,351,1,439.68,521.1022,0.0,518.8266,0.0,0.0,518.8266,MIR-04800-37B31-512,0,script,-1,complete,Not capability,0% <= x < 16.7%,0% <= x < 16.7%,0,0,0,1,1,1,0,0,0,0,0,0,0,1,0,0,0.0,0
581450.mira,581450,mira,2015-08-31 00:23:36,20150831,2015-08-31 00:24:26,20150831,2015-08-31 00:28:39,20150831,34871601655553,97534845395728,backfill,300.0,253.0,512.0,432.0,8192.0,6912.0,MIR-04C80-37FB1-512,0,51,0,51,0,485.76,575.7156,0.0,575.7155,0.0,0.0,575.7155,MIR-04C80-37FB1-512,0,script,-1,complete,Not capability,0% <= x < 16.7%,0% <= x < 16.7%,0,0,0,1,1,1,0,0,0,0,0,0,0,1,0,0,0.0,0
581449.mira,581449,mira,2015-08-31 00:23:29,20150831,2015-08-31 00:25:00,20150831,2015-08-31 00:29:38,20150831,34871601655553,97534845395728,backfill,300.0,278.0,512.0,432.0,8192.0,6912.0,MIR-04080-373B1-512,0,90,0,90,0,533.76,632.6044,0.0,632.6044,0.0,0.0,632.6044,MIR-04080-373B1-512,0,script,-1,complete,Not capability,0% <= x < 16.7%,0% <= x < 16.7%,0,0,0,1,1,1,0,0,0,0,0,0,0,1,0,0,0.0,0
581443.mira,581443,mira,2015-08-31 00:17:22,20150831,2015-08-31 00:28:31,20150831,2015-08-31 00:32:01,20150831,34871601655553,97534845395728,backfill,300.0,210.0,512.0,432.0,8192.0,6912.0,MIR-04800-37B31-512,0,670,2,670,2,401.28,475.5911,0.0,477.8666,0.0,0.0,477.8666,MIR-04800-37B31-512,0,script,-1,complete,Not capability,0% <= x < 16.7%,0% <= x < 16.7%,0,0,0,1,1,1,0,0,0,0,0,0,0,1,0,0,0.0,0
581457.mira,581457,mira,2015-08-31 00:28:56,20150831,2015-08-31 00:29:34,20150831,2015-08-31 00:34:08,20150831,34871601655553,97534845395728,backfill,300.0,274.0,512.0,432.0,8192.0,6912.0,MIR-04C80-37FB1-512,0,38,0,38,0,526.08,623.5022,0.0,623.5022,0.0,0.0,623.5022,MIR-04C80-37FB1-512,0,script,-1,complete,Not capability,0% <= x < 16.7%,0% <= x < 16.7%,0,0,0,1,1,1,0,0,0,0,0,0,0,1,0,0,0.0,0
581455.mira,581455,mira,2015-08-31 00:28:50,20150831,2015-08-31 00:30:36,20150831,2015-08-31 00:35:03,20150831,34871601655553,97534845395728,backfill,300.0,267.0,512.0,432.0,8192.0,6912.0,MIR-04400-37731-512,0,107,0,107,0,512.64,607.5733,0.0,607.5733,0.0,0.0,607.5733,MIR-04400-37731-512,0,script,-1,complete,Not capability,0% <= x < 16.7%,0% <= x < 16.7%,0,0,0,1,1,1,0,0,0,0,0,0,0,1,0,0,0.0,0
581454.mira,581454,mira,2015-08-31 00:28:44,20150831,2015-08-31 00:32:44,20150831,2015-08-31 00:36:28,20150831,34871601655553,97534845395728,backfill,300.0,224.0,512.0,432.0,8192.0,6912.0,MIR-04800-37B31-512,0,240,0,240,0,430.08,509.7244,0.0,509.7244,0.0,0.0,509.7244,MIR-04800-37B31-512,0,script,-1,complete,Not capability,0% <= x < 16.7%,0% <= x < 16.7%,0,0,0,1,1,1,0,0,0,0,0,0,0,1,0,0,0.0,0
581461.mira,581461,mira,2015-08-31 00:34:22,20150831,2015-08-31 00:35:18,20150831,2015-08-31 00:39:40,20150831,34871601655553,97534845395728,backfill,300.0,262.0,512.0,432.0,8192.0,6912.0,MIR-04C80-37FB1-512,0,56,0,56,0,501.12,593.92,0.0,596.1955,0.0,0.0,596.1955,MIR-04C80-37FB1-512,0,script,-1,complete,Not capability,0% <= x < 16.7%,0% <= x < 16.7%,0,0,0,1,1,1,0,0,0,0,0,0,0,1,0,0,0.0,0
581459.mira,581459,mira,2015-08-31 00:34:03,20150831,2015-08-31 00:35:51,20150831,2015-08-31 00:39:39,20150831,34871601655553,97534845395728,backfill,300.0,228.0,512.0,432.0,8192.0,6912.0,MIR-04080-373B1-512,0,108,0,108,0,437.76,518.8267,0.0,518.8266,0.0,0.0,518.8266,MIR-04080-373B1-512,0,script,-1,complete,Not capability,0% <= x < 16.7%,0% <= x < 16.7%,0,0,0,1,1,1,0,0,0,0,0,0,0,1,0,0,0.0,0
581460.mira,581460,mira,2015-08-31 00:34:13,20150831,2015-08-31 00:37:07,20150831,2015-08-31 00:41:18,20150831,34871601655553,97534845395728,backfill,300.0,251.0,512.0,432.0,8192.0,6912.0,MIR-04840-37B71-512,0,174,0,174,0,483.84,573.44,0.0,571.1644,0.0,0.0,571.1644,MIR-04840-37B71-512,0,script,-1,complete,Not capability,0% <= x < 16.7%,0% <= x < 16.7%,0,0,0,1,1,1,0,0,0,0,0,0,0,1,0,0,0.0,0
581464.mira,581464,mira,2015-08-31 00:39:31,20150831,2015-08-31 00:40:48,20150831,2015-08-31 00:44:51,20150831,34871601655553,97534845395728,backfill,300.0,243.0,512.0,432.0,8192.0,6912.0,MIR-04C40-37F71-512,0,77,0,77,0,466.56,552.96,0.0,552.96,0.0,0.0,552.96,MIR-04C40-37F71-512,0,script,-1,complete,Not capability,0% <= x < 16.7%,0% <= x < 16.7%,0,0,0,1,1,1,0,0,0,0,0,0,0,1,0,0,0.0,0
581465.mira,581465,mira,2015-08-31 00:39:37,20150831,2015-08-31 00:41:23,20150831,2015-08-31 00:45:28,20150831,34871601655553,97534845395728,backfill,300.0,245.0,512.0,432.0,8192.0,6912.0,MIR-040C0-373F1-512,0,106,0,106,0,470.4,557.5111,0.0,557.5111,0.0,0.0,557.5111,MIR-040C0-373F1-512,0,script,-1,complete,Not capability,0% <= x < 16.7%,0% <= x < 16.7%,0,0,0,1,1,1,0,0,0,0,0,0,0,1,0,0,0.0,0
581437.mira,581437,mira,2015-08-31 00:11:49,20150831,2015-08-31 00:41:54,20150831,2015-08-31 00:45:10,20150831,34871601655553,97534845395728,backfill,300.0,196.0,512.0,432.0,8192.0,6912.0,MIR-04840-37B71-512,0,1806,6,1806,6,376.32,446.0089,0.0,446.0088,0.0,0.0,446.0088,MIR-04840-37B71-512,0,script,-1,complete,Not capability,0% <= x < 16.7%,0% <= x < 16.7%,0,0,0,1,1,1,0,0,0,0,0,0,0,1,0,0,0.0,0
581471.mira,581471,mira,2015-08-31 00:45:23,20150831,2015-08-31 00:46:13,20150831,2015-08-31 00:51:01,20150831,34871601655553,97534845395728,backfill,300.0,288.0,512.0,432.0,8192.0,6912.0,MIR-04840-37B71-512,0,50,0,50,0,552.96,655.36,0.0,655.36,0.0,0.0,655.36,MIR-04840-37B71-512,0,script,-1,complete,Not capability,0% <= x < 16.7%,0% <= x < 16.7%,0,0,0,1,1,1,0,0,0,0,0,0,0,1,0,0,0.0,0
581470.mira,581470,mira,2015-08-31 00:45:17,20150831,2015-08-31 00:46:47,20150831,2015-08-31 00:49:45,20150831,34871601655553,97534845395728,backfill,300.0,178.0,512.0,432.0,8192.0,6912.0,MIR-04C80-37FB1-512,0,91,0,91,0,339.84,402.7733,0.0,405.0488,0.0,0.0,405.0488,MIR-04C80-37FB1-512,0,script,-1,complete,Not capability,0% <= x < 16.7%,0% <= x < 16.7%,0,0,0,1,1,1,0,0,0,0,0,0,0,1,0,0,0.0,0
581469.mira,581469,mira,2015-08-31 00:45:08,20150831,2015-08-31 00:47:17,20150831,2015-08-31 00:50:45,20150831,34871601655553,97534845395728,backfill,300.0,208.0,512.0,432.0,8192.0,6912.0,MIR-04080-373B1-512,0,129,0,129,0,401.28,475.5911,0.0,473.3155,0.0,0.0,473.3155,MIR-04080-373B1-512,0,script,-1,complete,Not capability,0% <= x < 16.7%,0% <= x < 16.7%,0,0,0,1,1,1,0,0,0,0,0,0,0,1,0,0,0.0,0
581474.mira,581474,mira,2015-08-31 00:50:33,20150831,2015-08-31 00:50:55,20150831,2015-08-31 00:55:00,20150831,34871601655553,97534845395728,backfill,300.0,245.0,512.0,432.0,8192.0,6912.0,MIR-04C40-37F71-512,0,23,0,23,0,470.4,557.5111,0.0,557.5111,0.0,0.0,557.5111,MIR-04C40-37F71-512,0,script,-1,complete,Not capability,0% <= x < 16.7%,0% <= x < 16.7%,0,0,0,1,1,1,0,0,0,0,0,0,0,1,0,0,0.0,0
581475.mira,581475,mira,2015-08-31 00:50:39,20150831,2015-08-31 00:51:34,20150831,2015-08-31 00:55:38,20150831,34871601655553,97534845395728,backfill,300.0,244.0,512.0,432.0,8192.0,6912.0,MIR-04800-37B31-512,0,55,0,55,0,470.4,557.5111,0.0,555.2355,0.0,0.0,555.2355,MIR-04800-37B31-512,0,script,-1,complete,Not capability,0% <= x < 16.7%,0% <= x < 16.7%,0,0,0,1,1,1,0,0,0,0,0,0,0,1,0,0,0.0,0
581467.mira,581467,mira,2015-08-31 00:44:45,20150831,2015-08-31 00:52:07,20150831,2015-08-31 00:55:38,20150831,34871601655553,97534845395728,backfill,300.0,211.0,512.0,432.0,8192.0,6912.0,MIR-04000-37331-512,0,442,1,442,1,405.12,480.1422,0.0,480.1422,0.0,0.0,480.1422,MIR-04000-37331-512,0,script,-1,complete,Not capability,0% <= x < 16.7%,0% <= x < 16.7%,0,0,0,1,1,1,0,0,0,0,0,0,0,1,0,0,0.0,0
580772.mira,580772,mira,2015-08-30 16:23:25,20150830,2015-08-31 00:56:38,20150831,2015-08-31 10:57:55,20150831,80287249889358,57356241325548,prod-capability,36000.0,36077.0,8192.0,8192.0,131072.0,131072.0,MIR-04000-37FF1-8192,143,11266,0,30792,0,1313559.8933,1313559.8933,1313523.4844,0.0,0.0,1313523.4844,0.0,MIR-04000-37FF1-8192,143,script,-1,complete,Capability,16.7% <= x < 33.3%,16.7% <= x < 33.3%,64,64,64,0,64,0,1,1,1,0,0,0,0,0,0,1,0.0,0
580935.mira,580935,mira,2015-08-30 18:32:07,20150830,2015-08-31 01:46:30,20150831,2015-08-31 02:47:13,20150831,56854543954531,14990642440966,prod-short,3600.0,3643.0,1024.0,1024.0,16384.0,16384.0,MIR-40800-73B71-1-1024,143,20038,5,26062,7,16584.2489,16584.2489,0.0,16579.6977,0.0,0.0,16579.6977,MIR-40800-73B71-1-1024,143,c32,-1,complete,Not capability,0% <= x < 16.7%,0% <= x < 16.7%,0,0,0,1,1,1,0,0,0,0,0,0,0,1,0,0,0.0,0
580937.mira,580937,mira,2015-08-30 18:32:23,20150830,2015-08-31 01:47:35,20150831,2015-08-31 02:48:30,20150831,56854543954531,14990642440966,prod-short,3600.0,3655.0,1024.0,1024.0,16384.0,16384.0,MIR-40880-73BF1-1-1024,143,20089,5,26113,7,16634.3111,16634.3111,0.0,16634.3111,0.0,0.0,16634.3111,MIR-40880-73BF1-1-1024,143,c32,-1,complete,Not capability,0% <= x < 16.7%,0% <= x < 16.7%,0,0,0,1,1,1,0,0,0,0,0,0,0,1,0,0,0.0,0
580938.mira,580938,mira,2015-08-30 18:32:28,20150830,2015-08-31 01:48:38,20150831,2015-08-31 02:49:23,20150831,56854543954531,14990642440966,prod-short,3600.0,3645.0,1024.0,1024.0,16384.0,16384.0,MIR-00480-337F1-1-1024,143,20145,5,26170,7,16588.8,16588.8,0.0,16588.8,0.0,0.0,16588.8,MIR-00480-337F1-1-1024,143,c32,-1,complete,Not capability,0% <= x < 16.7%,0% <= x < 16.7%,0,0,0,1,1,1,0,0,0,0,0,0,0,1,0,0,0.0,0
580939.mira,580939,mira,2015-08-30 18:32:32,20150830,2015-08-31 01:49:14,20150831,2015-08-31 02:50:08,20150831,56854543954531,14990642440966,prod-short,3600.0,3654.0,1024.0,1024.0,16384.0,16384.0,MIR-00400-33771-1-1024,143,20175,5,26202,7,16625.2089,16625.2089,0.0,16629.76,0.0,0.0,16629.76,MIR-00400-33771-1-1024,143,c32,-1,complete,Not capability,0% <= x < 16.7%,0% <= x < 16.7%,0,0,0,1,1,1,0,0,0,0,0,0,0,1,0,0,0.0,0
578677.mira,578677,mira,2015-08-29 16:44:02,20150829,2015-08-31 02:40:16,20150831,2015-08-31 08:41:14,20150831,18521055867206,96053935958097,prod-short,21600.0,21658.0,4096.0,4096.0,65536.0,65536.0,MIR-40000-737F1-4096,143,115228,5,122174,5,394271.8578,394271.8578,0.0,394271.8577,0.0,0.0,394271.8577,MIR-40000-737F1-4096,143,script,-1,complete,Not capability,0% <= x < 16.7%,0% <= x < 16.7%,0,0,0,1,1,1,0,0,0,0,0,0,0,1,0,0,0.0,0
578691.mira,578691,mira,2015-08-29 16:50:37,20150829,2015-08-31 02:48:08,20150831,2015-08-31 08:49:03,20150831,18521055867206,96053935958097,prod-short,21600.0,21655.0,1024.0,1024.0,16384.0,16384.0,MIR-40800-73B71-1-1024,143,115699,5,122250,5,98554.3111,98554.3111,0.0,98554.3111,0.0,0.0,98554.3111,MIR-40800-73B71-1-1024,143,script,-1,complete,Not capability,0% <= x < 16.7%,0% <= x < 16.7%,0,0,0,1,1,1,0,0,0,0,0,0,0,1,0,0,0.0,0
578702.mira,578702,mira,2015-08-29 17:00:19,20150829,2015-08-31 02:49:35,20150831,2015-08-31 08:49:52,20150831,18521055867206,96053935958097,prod-short,21600.0,21617.0,1024.0,1024.0,16384.0,16384.0,MIR-40880-73BF1-1-1024,143,115785,5,121756,5,98381.3689,98381.3689,0.0,98381.3688,0.0,0.0,98381.3688,MIR-40880-73BF1-1-1024,143,script,-1,complete,Not capability,0% <= x < 16.7%,0% <= x < 16.7%,0,0,0,1,1,1,0,0,0,0,0,0,0,1,0,0,0.0,0
578703.mira,578703,mira,2015-08-29 17:00:54,20150829,2015-08-31 02:50:04,20150831,2015-08-31 08:50:29,20150831,18521055867206,96053935958097,prod-short,21600.0,21625.0,1024.0,1024.0,16384.0,16384.0,MIR-00480-337F1-1-1024,143,115815,5,121750,5,98417.7778,98417.7778,0.0,98417.7777,0.0,0.0,98417.7777,MIR-00480-337F1-1-1024,143,script,-1,complete,Not capability,0% <= x < 16.7%,0% <= x < 16.7%,0,0,0,1,1,1,0,0,0,0,0,0,0,1,0,0,0.0,0
578704.mira,578704,mira,2015-08-29 17:01:35,20150829,2015-08-31 02:51:05,20150831,2015-08-31 08:51:45,20150831,18521055867206,96053935958097,prod-short,21600.0,21640.0,1024.0,1024.0,16384.0,16384.0,MIR-00400-33771-1-1024,143,115876,5,121770,5,98486.0444,98486.0444,0.0,98486.0444,0.0,0.0,98486.0444,MIR-00400-33771-1-1024,143,script,-1,complete,Not capability,0% <= x < 16.7%,0% <= x < 16.7%,0,0,0,1,1,1,0,0,0,0,0,0,0,1,0,0,0.0,0
581204.mira,581204,mira,2015-08-30 21:21:27,20150830,2015-08-31 03:09:53,20150831,2015-08-31 04:10:51,20150831,9137045922287,73414259670960,prod-short,3600.0,3658.0,512.0,512.0,8192.0,8192.0,MIR-40C40-73F71-512,143,20906,5,20906,5,8326.2578,8326.2578,0.0,8323.9822,0.0,0.0,8323.9822,MIR-40C40-73F71-512,143,script,-1,complete,Not capability,0% <= x < 16.7%,0% <= x < 16.7%,0,0,0,1,1,1,0,0,0,0,0,0,0,1,0,0,0.0,0
581280.mira,581280,mira,2015-08-30 21:50:24,20150830,2015-08-31 04:05:38,20150831,2015-08-31 05:06:36,20150831,56854543954531,14990642440966,prod-short,3600.0,3658.0,1024.0,1024.0,16384.0,16384.0,MIR-08C80-3BFF1-1-1024,143,22513,6,22513,6,16647.9644,16647.9644,0.0,16647.9644,0.0,0.0,16647.9644,MIR-08C80-3BFF1-1-1024,143,c32,-1,complete,Not capability,0% <= x < 16.7%,0% <= x < 16.7%,0,0,0,1,1,1,0,0,0,0,0,0,0,1,0,0,0.0,0
581481.mira,581481,mira,2015-08-31 00:56:07,20150831,2015-08-31 04:06:13,20150831,2015-08-31 04:09:59,20150831,34871601655553,97534845395728,backfill,300.0,226.0,512.0,432.0,8192.0,6912.0,MIR-08C00-3BF31-512,0,11406,38,11406,38,435.84,516.5511,0.0,514.2755,0.0,0.0,514.2755,MIR-08C00-3BF31-512,0,script,-1,complete,Not capability,0% <= x < 16.7%,0% <= x < 16.7%,0,0,0,1,1,1,0,0,0,0,0,0,0,1,0,0,0.0,0
581482.mira,581482,mira,2015-08-31 00:56:17,20150831,2015-08-31 04:06:58,20150831,2015-08-31 04:10:18,20150831,34871601655553,97534845395728,backfill,300.0,200.0,512.0,432.0,8192.0,6912.0,MIR-08800-3BB31-512,0,11440,38,11440,38,384.0,455.1111,0.0,455.1111,0.0,0.0,455.1111,MIR-08800-3BB31-512,0,script,-1,complete,Not capability,0% <= x < 16.7%,0% <= x < 16.7%,0,0,0,1,1,1,0,0,0,0,0,0,0,1,0,0,0.0,0
581480.mira,581480,mira,2015-08-31 00:56:01,20150831,2015-08-31 04:07:42,20150831,2015-08-31 04:11:35,20150831,34871601655553,97534845395728,backfill,300.0,233.0,512.0,432.0,8192.0,6912.0,MIR-08080-3B3B1-512,0,11502,38,11502,38,447.36,530.2044,0.0,530.2044,0.0,0.0,530.2044,MIR-08080-3B3B1-512,0,script,-1,complete,Not capability,0% <= x < 16.7%,0% <= x < 16.7%,0,0,0,1,1,1,0,0,0,0,0,0,0,1,0,0,0.0,0
581479.mira,581479,mira,2015-08-31 00:55:54,20150831,2015-08-31 04:10:29,20150831,2015-08-31 04:14:51,20150831,34871601655553,97534845395728,backfill,300.0,262.0,512.0,432.0,8192.0,6912.0,MIR-08C00-3BF31-512,0,11675,38,11675,38,503.04,596.1956,0.0,596.1955,0.0,0.0,596.1955,MIR-08C00-3BF31-512,0,script,-1,complete,Not capability,0% <= x < 16.7%,0% <= x < 16.7%,0,0,0,1,1,1,0,0,0,0,0,0,0,1,0,0,0.0,0
581590.mira,581590,mira,2015-08-31 04:09:18,20150831,2015-08-31 04:11:03,20150831,2015-08-31 04:43:57,20150831,50394197576862,38970600412679,prod-short,3180.0,1974.0,2048.0,2048.0,32768.0,32768.0,MIR-08800-3BBF1-2048,0,104,0,104,0,17967.7867,17967.7867,0.0,17967.7866,0.0,0.0,17967.7866,MIR-08800-3BBF1-2048,0,script,-1,complete,Not capability,0% <= x < 16.7%,0% <= x < 16.7%,0,24,0,0,24,0,1,0,0,0,0,0,1,0,0,0,0.0,0
581219.mira,581219,mira,2015-08-30 21:27:49,20150830,2015-08-31 04:11:32,20150831,2015-08-31 05:12:36,20150831,47972554363297,57356241325548,prod-short,3600.0,3664.0,512.0,512.0,8192.0,8192.0,MIR-40C40-73F71-512,143,24224,6,24224,6,8335.36,8335.36,0.0,8337.6355,0.0,0.0,8337.6355,MIR-40C40-73F71-512,143,script,-1,complete,Not capability,0% <= x < 16.7%,0% <= x < 16.7%,8,0,0,0,8,0,0,0,1,1,0,0,0,0,0,0,0.0,0
581596.mira,581596,mira,2015-08-31 04:12:07,20150831,2015-08-31 04:12:30,20150831,2015-08-31 04:16:23,20150831,34871601655553,97534845395728,backfill,300.0,233.0,512.0,432.0,8192.0,6912.0,MIR-080C0-3B3F1-512,0,23,0,23,0,449.28,532.48,0.0,530.2044,0.0,0.0,530.2044,MIR-080C0-3B3F1-512,0,script,-1,complete,Not capability,0% <= x < 16.7%,0% <= x < 16.7%,0,0,0,1,1,1,0,0,0,0,0,0,0,1,0,0,0.0,0
581599.mira,581599,mira,2015-08-31 04:12:30,20150831,2015-08-31 04:15:33,20150831,2015-08-31 04:18:50,20150831,34871601655553,97534845395728,backfill,300.0,197.0,512.0,432.0,8192.0,6912.0,MIR-08C00-3BF31-512,0,183,0,183,0,376.32,446.0089,0.0,448.2844,0.0,0.0,448.2844,MIR-08C00-3BF31-512,0,script,-1,complete,Not capability,0% <= x < 16.7%,0% <= x < 16.7%,0,0,0,1,1,1,0,0,0,0,0,0,0,1,0,0,0.0,0
581597.mira,581597,mira,2015-08-31 04:12:12,20150831,2015-08-31 04:17:20,20150831,2015-08-31 04:20:44,20150831,34871601655553,97534845395728,backfill,300.0,204.0,512.0,432.0,8192.0,6912.0,MIR-08440-3B771-512,0,308,1,308,1,391.68,464.2133,0.0,464.2133,0.0,0.0,464.2133,MIR-08440-3B771-512,0,script,-1,complete,Not capability,0% <= x < 16.7%,0% <= x < 16.7%,0,0,0,1,1,1,0,0,0,0,0,0,0,1,0,0,0.0,0
581604.mira,581604,mira,2015-08-31 04:17:49,20150831,2015-08-31 04:18:54,20150831,2015-08-31 04:22:54,20150831,34871601655553,97534845395728,backfill,300.0,240.0,512.0,432.0,8192.0,6912.0,MIR-08C40-3BF71-512,0,64,0,64,0,460.8,546.1333,0.0,546.1333,0.0,0.0,546.1333,MIR-08C40-3BF71-512,0,script,-1,complete,Not capability,0% <= x < 16.7%,0% <= x < 16.7%,0,0,0,1,1,1,0,0,0,0,0,0,0,1,0,0,0.0,0
581605.mira,581605,mira,2015-08-31 04:17:57,20150831,2015-08-31 04:21:28,20150831,2015-08-31 04:24:43,20150831,34871601655553,97534845395728,backfill,300.0,195.0,512.0,432.0,8192.0,6912.0,MIR-08480-3B7B1-512,0,210,0,210,0,376.32,446.0089,0.0,443.7333,0.0,0.0,443.7333,MIR-08480-3B7B1-512,0,script,-1,complete,Not capability,0% <= x < 16.7%,0% <= x < 16.7%,0,0,0,1,1,1,0,0,0,0,0,0,0,1,0,0,0.0,0
581281.mira,581281,mira,2015-08-30 21:50:29,20150830,2015-08-31 04:22:29,20150831,2015-08-31 05:23:45,20150831,56854543954531,14990642440966,prod-short,3600.0,3676.0,1024.0,1024.0,16384.0,16384.0,MIR-00800-33B71-1-1024,143,23521,6,23521,6,16729.8844,16729.8844,0.0,16729.8844,0.0,0.0,16729.8844,MIR-00800-33B71-1-1024,143,c32,-1,complete,Not capability,0% <= x < 16.7%,0% <= x < 16.7%,0,0,0,1,1,1,0,0,0,0,0,0,0,1,0,0,0.0,0
581282.mira,581282,mira,2015-08-30 21:50:31,20150830,2015-08-31 04:23:03,20150831,2015-08-31 05:24:01,20150831,56854543954531,14990642440966,prod-short,3600.0,3658.0,1024.0,1024.0,16384.0,16384.0,MIR-00880-33BF1-1-1024,143,23552,6,23552,6,16647.9644,16647.9644,0.0,16647.9644,0.0,0.0,16647.9644,MIR-00880-33BF1-1-1024,143,c32,-1,complete,Not capability,0% <= x < 16.7%,0% <= x < 16.7%,0,0,0,1,1,1,0,0,0,0,0,0,0,1,0,0,0.0,0
581611.mira,581611,mira,2015-08-31 04:23:13,20150831,2015-08-31 04:23:37,20150831,2015-08-31 04:27:16,20150831,34871601655553,97534845395728,backfill,300.0,219.0,512.0,432.0,8192.0,6912.0,MIR-08C00-3BF31-512,0,24,0,24,0,420.48,498.3467,0.0,498.3466,0.0,0.0,498.3466,MIR-08C00-3BF31-512,0,script,-1,complete,Not capability,0% <= x < 16.7%,0% <= x < 16.7%,0,0,0,1,1,1,0,0,0,0,0,0,0,1,0,0,0.0,0
581610.mira,581610,mira,2015-08-31 04:23:05,20150831,2015-08-31 04:25:56,20150831,2015-08-31 04:29:27,20150831,34871601655553,97534845395728,backfill,300.0,211.0,512.0,432.0,8192.0,6912.0,MIR-08440-3B771-512,0,170,0,170,0,407.04,482.4178,0.0,480.1422,0.0,0.0,480.1422,MIR-08440-3B771-512,0,script,-1,complete,Not capability,0% <= x < 16.7%,0% <= x < 16.7%,0,0,0,1,1,1,0,0,0,0,0,0,0,1,0,0,0.0,0
581609.mira,581609,mira,2015-08-31 04:23:03,20150831,2015-08-31 04:28:36,20150831,2015-08-31 04:31:26,20150831,34871601655553,97534845395728,backfill,300.0,170.0,512.0,432.0,8192.0,6912.0,MIR-08C00-3BF31-512,0,332,1,332,1,328.32,389.12,0.0,386.8444,0.0,0.0,386.8444,MIR-08C00-3BF31-512,0,script,-1,complete,Not capability,0% <= x < 16.7%,0% <= x < 16.7%,0,0,0,1,1,1,0,0,0,0,0,0,0,1,0,0,0.0,0
581283.mira,581283,mira,2015-08-30 21:50:39,20150830,2015-08-31 04:29:26,20150831,2015-08-31 05:30:34,20150831,56854543954531,14990642440966,prod-short,3600.0,3668.0,1024.0,1024.0,16384.0,16384.0,MIR-00080-333F1-1-1024,143,23928,6,23928,6,16693.4756,16693.4756,0.0,16693.4755,0.0,0.0,16693.4755,MIR-00080-333F1-1-1024,143,c32,-1,complete,Not capability,0% <= x < 16.7%,0% <= x < 16.7%,0,0,0,1,1,1,0,0,0,0,0,0,0,1,0,0,0.0,0
581284.mira,581284,mira,2015-08-30 21:50:53,20150830,2015-08-31 04:29:59,20150831,2015-08-31 05:30:53,20150831,56854543954531,14990642440966,prod-short,3600.0,3654.0,1024.0,1024.0,16384.0,16384.0,MIR-00000-33371-1-1024,143,23946,6,23946,6,16634.3111,16634.3111,0.0,16629.76,0.0,0.0,16629.76,MIR-00000-33371-1-1024,143,c32,-1,complete,Not capability,0% <= x < 16.7%,0% <= x < 16.7%,0,0,0,1,1,1,0,0,0,0,0,0,0,1,0,0,0.0,0
581617.mira,581617,mira,2015-08-31 04:28:26,20150831,2015-08-31 04:30:36,20150831,2015-08-31 04:33:36,20150831,34871601655553,97534845395728,backfill,300.0,180.0,512.0,432.0,8192.0,6912.0,MIR-08440-3B771-512,0,130,0,130,0,343.68,407.3244,0.0,409.6,0.0,0.0,409.6,MIR-08440-3B771-512,0,script,-1,complete,Not capability,0% <= x < 16.7%,0% <= x < 16.7%,0,0,0,1,1,1,0,0,0,0,0,0,0,1,0,0,0.0,0
581616.mira,581616,mira,2015-08-31 04:28:21,20150831,2015-08-31 04:31:55,20150831,2015-08-31 04:34:38,20150831,34871601655553,97534845395728,backfill,300.0,163.0,512.0,432.0,8192.0,6912.0,MIR-08C00-3BF31-512,0,213,0,213,0,312.96,370.9156,0.0,370.9155,0.0,0.0,370.9155,MIR-08C00-3BF31-512,0,script,-1,complete,Not capability,0% <= x < 16.7%,0% <= x < 16.7%,0,0,0,1,1,1,0,0,0,0,0,0,0,1,0,0,0.0,0
581625.mira,581625,mira,2015-08-31 04:33:56,20150831,2015-08-31 04:34:35,20150831,2015-08-31 04:37:16,20150831,34871601655553,97534845395728,backfill,300.0,161.0,512.0,432.0,8192.0,6912.0,MIR-08040-3B371-512,0,38,0,38,0,311.04,368.64,0.0,366.3644,0.0,0.0,366.3644,MIR-08040-3B371-512,0,script,-1,complete,Not capability,0% <= x < 16.7%,0% <= x < 16.7%,0,0,0,1,1,1,0,0,0,0,0,0,0,1,0,0,0.0,0
581624.mira,581624,mira,2015-08-31 04:33:44,20150831,2015-08-31 04:35:41,20150831,2015-08-31 04:38:34,20150831,34871601655553,97534845395728,backfill,300.0,173.0,512.0,432.0,8192.0,6912.0,MIR-08C00-3BF31-512,0,117,0,117,0,332.16,393.6711,0.0,393.6711,0.0,0.0,393.6711,MIR-08C00-3BF31-512,0,script,-1,complete,Not capability,0% <= x < 16.7%,0% <= x < 16.7%,0,0,0,1,1,1,0,0,0,0,0,0,0,1,0,0,0.0,0
581623.mira,581623,mira,2015-08-31 04:33:35,20150831,2015-08-31 04:38:11,20150831,2015-08-31 04:41:12,20150831,34871601655553,97534845395728,backfill,300.0,181.0,512.0,432.0,8192.0,6912.0,MIR-08440-3B771-512,0,275,0,275,0,349.44,414.1511,0.0,411.8755,0.0,0.0,411.8755,MIR-08440-3B771-512,0,script,-1,complete,Not capability,0% <= x < 16.7%,0% <= x < 16.7%,0,0,0,1,1,1,0,0,0,0,0,0,0,1,0,0,0.0,0
581477.mira,581477,mira,2015-08-31 00:55:48,20150831,2015-08-31 04:39:15,20150831,2015-08-31 04:43:10,20150831,34871601655553,97534845395728,backfill,300.0,235.0,512.0,432.0,8192.0,6912.0,MIR-08C40-3BF71-512,0,13406,44,13406,44,451.2,534.7556,0.0,534.7555,0.0,0.0,534.7555,MIR-08C40-3BF71-512,0,script,-1,complete,Not capability,0% <= x < 16.7%,0% <= x < 16.7%,0,0,0,1,1,1,0,0,0,0,0,0,0,1,0,0,0.0,0
581632.mira,581632,mira,2015-08-31 04:39:24,20150831,2015-08-31 04:41:50,20150831,2015-08-31 04:45:10,20150831,34871601655553,97534845395728,backfill,300.0,200.0,512.0,432.0,8192.0,6912.0,MIR-084C0-3B7F1-512,0,146,0,146,0,382.08,452.8356,0.0,455.1111,0.0,0.0,455.1111,MIR-084C0-3B7F1-512,0,script,-1,complete,Not capability,0% <= x < 16.7%,0% <= x < 16.7%,0,0,0,1,1,1,0,0,0,0,0,0,0,1,0,0,0.0,0
581630.mira,581630,mira,2015-08-31 04:39:18,20150831,2015-08-31 04:44:03,20150831,2015-08-31 04:47:10,20150831,34871601655553,97534845395728,backfill,300.0,187.0,512.0,432.0,8192.0,6912.0,MIR-08C00-3BF31-512,0,285,0,285,0,359.04,425.5289,0.0,425.5288,0.0,0.0,425.5288,MIR-08C00-3BF31-512,0,script,-1,complete,Not capability,0% <= x < 16.7%,0% <= x < 16.7%,0,0,0,1,1,1,0,0,0,0,0,0,0,1,0,0,0.0,0
581631.mira,581631,mira,2015-08-31 04:39:24,20150831,2015-08-31 04:45:05,20150831,2015-08-31 05:03:04,20150831,50394197576862,38970600412679,prod-short,1020.0,1079.0,2048.0,2048.0,32768.0,32768.0,MIR-08800-3BBF1-2048,143,157,0,342,0,9812.1956,9812.1956,0.0,9821.2977,0.0,0.0,9821.2977,MIR-08800-3BBF1-2048,143,script,-1,complete,Not capability,0% <= x < 16.7%,0% <= x < 16.7%,0,6,0,0,6,0,1,0,0,0,0,0,1,0,0,0,0.0,0
581639.mira,581639,mira,2015-08-31 04:44:42,20150831,2015-08-31 04:46:05,20150831,2015-08-31 04:49:45,20150831,34871601655553,97534845395728,backfill,300.0,220.0,512.0,432.0,8192.0,6912.0,MIR-08040-3B371-512,0,82,0,82,0,422.4,500.6222,0.0,500.6222,0.0,0.0,500.6222,MIR-08040-3B371-512,0,script,-1,complete,Not capability,0% <= x < 16.7%,0% <= x < 16.7%,0,0,0,1,1,1,0,0,0,0,0,0,0,1,0,0,0.0,0
581638.mira,581638,mira,2015-08-31 04:44:35,20150831,2015-08-31 04:47:40,20150831,2015-08-31 04:51:00,20150831,34871601655553,97534845395728,backfill,300.0,200.0,512.0,432.0,8192.0,6912.0,MIR-08C00-3BF31-512,0,184,0,184,0,384.0,455.1111,0.0,455.1111,0.0,0.0,455.1111,MIR-08C00-3BF31-512,0,script,-1,complete,Not capability,0% <= x < 16.7%,0% <= x < 16.7%,0,0,0,1,1,1,0,0,0,0,0,0,0,1,0,0,0.0,0
581651.mira,581651,mira,2015-08-31 04:49:57,20150831,2015-08-31 04:50:43,20150831,2015-08-31 04:53:56,20150831,34871601655553,97534845395728,backfill,300.0,193.0,512.0,432.0,8192.0,6912.0,MIR-08440-3B771-512,0,47,0,47,0,368.64,436.9067,0.0,439.1822,0.0,0.0,439.1822,MIR-08440-3B771-512,0,script,-1,complete,Not capability,0% <= x < 16.7%,0% <= x < 16.7%,0,0,0,1,1,1,0,0,0,0,0,0,0,1,0,0,0.0,0
581652.mira,581652,mira,2015-08-31 04:50:04,20150831,2015-08-31 04:51:40,20150831,2015-08-31 04:54:41,20150831,34871601655553,97534845395728,backfill,300.0,181.0,512.0,432.0,8192.0,6912.0,MIR-08C40-3BF71-512,0,97,0,97,0,347.52,411.8756,0.0,411.8755,0.0,0.0,411.8755,MIR-08C40-3BF71-512,0,script,-1,complete,Not capability,0% <= x < 16.7%,0% <= x < 16.7%,0,0,0,1,1,1,0,0,0,0,0,0,0,1,0,0,0.0,0
581650.mira,581650,mira,2015-08-31 04:49:52,20150831,2015-08-31 04:54:47,20150831,2015-08-31 04:57:37,20150831,34871601655553,97534845395728,backfill,300.0,170.0,512.0,432.0,8192.0,6912.0,MIR-08000-3B331-512,0,295,0,295,0,328.32,389.12,0.0,386.8444,0.0,0.0,386.8444,MIR-08000-3B331-512,0,script,-1,complete,Not capability,0% <= x < 16.7%,0% <= x < 16.7%,0,0,0,1,1,1,0,0,0,0,0,0,0,1,0,0,0.0,0
581629.mira,581629,mira,2015-08-31 04:39:09,20150831,2015-08-31 04:55:29,20150831,2015-08-31 04:58:50,20150831,34871601655553,97534845395728,backfill,300.0,201.0,512.0,432.0,8192.0,6912.0,MIR-08C00-3BF31-512,0,981,3,981,3,385.92,457.3867,0.0,457.3866,0.0,0.0,457.3866,MIR-08C00-3BF31-512,0,script,-1,complete,Not capability,0% <= x < 16.7%,0% <= x < 16.7%,0,0,0,1,1,1,0,0,0,0,0,0,0,1,0,0,0.0,0
581659.mira,581659,mira,2015-08-31 04:55:32,20150831,2015-08-31 04:58:56,20150831,2015-08-31 05:02:33,20150831,34871601655553,97534845395728,backfill,300.0,217.0,512.0,432.0,8192.0,6912.0,MIR-08080-3B3B1-512,0,204,0,204,0,414.72,491.52,0.0,493.7955,0.0,0.0,493.7955,MIR-08080-3B3B1-512,0,script,-1,complete,Not capability,0% <= x < 16.7%,0% <= x < 16.7%,0,0,0,1,1,1,0,0,0,0,0,0,0,1,0,0,0.0,0
581660.mira,581660,mira,2015-08-31 04:55:43,20150831,2015-08-31 05:00:15,20150831,2015-08-31 05:03:04,20150831,34871601655553,97534845395728,backfill,300.0,169.0,512.0,432.0,8192.0,6912.0,MIR-08C40-3BF71-512,0,272,0,272,0,326.4,386.8444,0.0,384.5688,0.0,0.0,384.5688,MIR-08C40-3BF71-512,0,script,-1,complete,Not capability,0% <= x < 16.7%,0% <= x < 16.7%,0,0,0,1,1,1,0,0,0,0,0,0,0,1,0,0,0.0,0
581688.mira,581688,mira,2015-08-31 05:06:29,20150831,2015-08-31 05:07:14,20150831,2015-08-31 05:10:37,20150831,34871601655553,97534845395728,backfill,300.0,203.0,512.0,432.0,8192.0,6912.0,MIR-08CC0-3BFF1-512,0,45,0,45,0,389.76,461.9378,0.0,461.9377,0.0,0.0,461.9377,MIR-08CC0-3BFF1-512,0,script,-1,complete,Not capability,0% <= x < 16.7%,0% <= x < 16.7%,0,0,0,1,1,1,0,0,0,0,0,0,0,1,0,0,0.0,0
581694.mira,581694,mira,2015-08-31 05:09:55,20150831,2015-08-31 05:11:23,20150831,2015-08-31 05:14:29,20150831,9137045922287,73414259670960,prod-short,300.0,186.0,512.0,512.0,8192.0,8192.0,MIR-08CC0-3BFF1-512,0,88,0,88,0,423.2533,423.2533,0.0,423.2533,0.0,0.0,423.2533,MIR-08CC0-3BFF1-512,0,script,-1,complete,Not capability,0% <= x < 16.7%,0% <= x < 16.7%,0,0,0,1,1,1,0,0,0,0,0,0,0,1,0,0,0.0,0
581220.mira,581220,mira,2015-08-30 21:27:54,20150830,2015-08-31 05:13:06,20150831,2015-08-31 05:59:24,20150831,47972554363297,57356241325548,prod-short,3600.0,2778.0,512.0,512.0,8192.0,8192.0,MIR-40C40-73F71-512,0,27913,7,27913,7,6321.4933,6321.4933,0.0,6321.4933,0.0,0.0,6321.4933,MIR-40C40-73F71-512,0,script,-1,complete,Not capability,0% <= x < 16.7%,0% <= x < 16.7%,8,0,0,0,8,0,0,0,1,1,0,0,0,0,0,0,0.0,0
581705.mira,581705,mira,2015-08-31 05:14:48,20150831,2015-08-31 05:15:38,20150831,2015-08-31 05:26:28,20150831,50394197576862,38970600412679,prod-short,600.0,650.0,2048.0,2048.0,32768.0,32768.0,MIR-08C00-3BFF1-2048,143,51,0,51,0,5916.4444,5916.4444,0.0,5916.4444,0.0,0.0,5916.4444,MIR-08C00-3BFF1-2048,143,script,-1,complete,Not capability,0% <= x < 16.7%,0% <= x < 16.7%,0,6,0,0,6,0,1,0,0,0,0,0,1,0,0,0,0.0,0
581700.mira,581700,mira,2015-08-31 05:11:45,20150831,2015-08-31 05:16:18,20150831,2015-08-31 05:18:59,20150831,34871601655553,97534845395728,backfill,300.0,161.0,512.0,432.0,8192.0,6912.0,MIR-08840-3BB71-512,0,273,0,273,0,311.04,368.64,0.0,366.3644,0.0,0.0,366.3644,MIR-08840-3BB71-512,0,script,-1,complete,Not capability,0% <= x < 16.7%,0% <= x < 16.7%,0,0,0,1,1,1,0,0,0,0,0,0,0,1,0,0,0.0,0
581687.mira,581687,mira,2015-08-31 05:06:24,20150831,2015-08-31 05:16:50,20150831,2015-08-31 05:20:44,20150831,34871601655553,97534845395728,backfill,300.0,234.0,512.0,432.0,8192.0,6912.0,MIR-08400-3B731-512,0,626,2,626,2,447.36,530.2044,0.0,532.48,0.0,0.0,532.48,MIR-08400-3B731-512,0,script,-1,complete,Not capability,0% <= x < 16.7%,0% <= x < 16.7%,0,0,0,1,1,1,0,0,0,0,0,0,0,1,0,0,0.0,0
581678.mira,581678,mira,2015-08-31 05:00:53,20150831,2015-08-31 05:19:52,20150831,2015-08-31 05:23:30,20150831,34871601655553,97534845395728,backfill,300.0,218.0,512.0,432.0,8192.0,6912.0,MIR-088C0-3BBF1-512,0,1138,3,1138,3,418.56,496.0711,0.0,496.0711,0.0,0.0,496.0711,MIR-088C0-3BBF1-512,0,script,-1,complete,Not capability,0% <= x < 16.7%,0% <= x < 16.7%,0,0,0,1,1,1,0,0,0,0,0,0,0,1,0,0,0.0,0
581285.mira,581285,mira,2015-08-30 21:50:57,20150830,2015-08-31 05:24:32,20150831,2015-08-31 06:25:16,20150831,56854543954531,14990642440966,prod-short,3600.0,3644.0,1024.0,1024.0,16384.0,16384.0,MIR-00880-33BF1-1-1024,143,25039,6,27215,7,16584.2489,16584.2489,0.0,16584.2488,0.0,0.0,16584.2488,MIR-00880-33BF1-1-1024,143,c32,-1,complete,Not capability,0% <= x < 16.7%,0% <= x < 16.7%,0,0,0,1,1,1,0,0,0,0,0,0,0,1,0,0,0.0,0
581286.mira,581286,mira,2015-08-30 21:51:02,20150830,2015-08-31 05:25:12,20150831,2015-08-31 06:26:14,20150831,56854543954531,14990642440966,prod-short,3600.0,3662.0,1024.0,1024.0,16384.0,16384.0,MIR-00800-33B71-1-1024,143,25074,6,27251,7,16661.6178,16661.6178,0.0,16666.1688,0.0,0.0,16666.1688,MIR-00800-33B71-1-1024,143,c32,-1,complete,Not capability,0% <= x < 16.7%,0% <= x < 16.7%,0,0,0,1,1,1,0,0,0,0,0,0,0,1,0,0,0.0,0
572745.mira,572745,mira,2015-08-26 16:36:44,20150826,2015-08-31 05:28:37,20150831,2015-08-31 06:32:42,20150831,71567357551105,17493214559505,prod-capability,21600.0,3845.0,16384.0,16384.0,262144.0,262144.0,MIR-08000-7BFF1-16384,1,81125,3,391913,18,279984.3556,279984.3556,279984.3555,0.0,279984.3555,0.0,0.0,MIR-08000-7BFF1-16384,1,c2,-1,complete,Capability,33.3% <= x <= 100%,33.3% <= x < 50.0%,0,0,0,1,1,1,0,0,0,0,0,0,0,1,0,0,279984.3555,1
581287.mira,581287,mira,2015-08-30 21:51:15,20150830,2015-08-31 05:31:16,20150831,2015-08-31 06:32:24,20150831,56854543954531,14990642440966,prod-short,3600.0,3668.0,1024.0,1024.0,16384.0,16384.0,MIR-00080-333F1-1-1024,143,25423,7,27600,7,16698.0267,16698.0267,0.0,16693.4755,0.0,0.0,16693.4755,MIR-00080-333F1-1-1024,143,c32,-1,complete,Not capability,0% <= x < 16.7%,0% <= x < 16.7%,0,0,0,1,1,1,0,0,0,0,0,0,0,1,0,0,0.0,0
581288.mira,581288,mira,2015-08-30 21:51:21,20150830,2015-08-31 05:31:55,20150831,2015-08-31 06:33:05,20150831,56854543954531,14990642440966,prod-short,3600.0,3670.0,1024.0,1024.0,16384.0,16384.0,MIR-00000-33371-1-1024,143,25457,7,27633,7,16707.1289,16707.1289,0.0,16702.5777,0.0,0.0,16702.5777,MIR-00000-33371-1-1024,143,c32,-1,complete,Not capability,0% <= x < 16.7%,0% <= x < 16.7%,0,0,0,1,1,1,0,0,0,0,0,0,0,1,0,0,0.0,0
581222.mira,581222,mira,2015-08-30 21:27:58,20150830,2015-08-31 06:00:07,20150831,2015-08-31 07:01:26,20150831,47972554363297,57356241325548,prod-short,3600.0,3679.0,512.0,512.0,8192.0,8192.0,MIR-40C40-73F71-512,143,30729,8,30729,8,8371.7689,8371.7689,0.0,8371.7688,0.0,0.0,8371.7688,MIR-40C40-73F71-512,143,script,-1,complete,Not capability,0% <= x < 16.7%,0% <= x < 16.7%,8,0,0,0,8,0,0,0,1,1,0,0,0,0,0,0,0.0,0
581289.mira,581289,mira,2015-08-30 21:51:29,20150830,2015-08-31 06:26:11,20150831,2015-08-31 07:27:15,20150831,56854543954531,14990642440966,prod-short,3600.0,3664.0,1024.0,1024.0,16384.0,16384.0,MIR-00880-33BF1-1-1024,143,28705,7,30881,8,16679.8222,16679.8222,0.0,16675.2711,0.0,0.0,16675.2711,MIR-00880-33BF1-1-1024,143,c32,-1,complete,Not capability,0% <= x < 16.7%,0% <= x < 16.7%,0,0,0,1,1,1,0,0,0,0,0,0,0,1,0,0,0.0,0
581225.mira,581225,mira,2015-08-30 21:28:13,20150830,2015-08-31 06:27:11,20150831,2015-08-31 07:19:29,20150831,47972554363297,57356241325548,prod-short,3600.0,3138.0,512.0,512.0,8192.0,8192.0,MIR-00840-33B71-512,0,32339,8,32339,8,7140.6933,7140.6933,0.0,7140.6933,0.0,0.0,7140.6933,MIR-00840-33B71-512,0,script,-1,complete,Not capability,0% <= x < 16.7%,0% <= x < 16.7%,8,0,0,0,8,0,0,0,1,1,0,0,0,0,0,0,0.0,0
581254.mira,581254,mira,2015-08-30 21:39:49,20150830,2015-08-31 06:27:43,20150831,2015-08-31 07:28:21,20150831,47972554363297,57356241325548,prod-short,3600.0,3638.0,512.0,512.0,8192.0,8192.0,MIR-00800-33B31-512,143,31674,8,31674,8,8278.4711,8278.4711,0.0,8278.4711,0.0,0.0,8278.4711,MIR-00800-33B31-512,143,script,-1,complete,Not capability,0% <= x < 16.7%,0% <= x < 16.7%,8,0,0,0,8,0,0,0,1,1,0,0,0,0,0,0,0.0,0
581256.mira,581256,mira,2015-08-30 21:39:54,20150830,2015-08-31 06:33:18,20150831,2015-08-31 07:34:22,20150831,47972554363297,57356241325548,prod-short,3600.0,3664.0,512.0,512.0,8192.0,8192.0,MIR-000C0-333F1-512,143,32004,8,32004,8,8337.6356,8337.6356,0.0,8337.6355,0.0,0.0,8337.6355,MIR-000C0-333F1-512,143,script,-1,complete,Not capability,0% <= x < 16.7%,0% <= x < 16.7%,8,0,0,0,8,0,0,0,1,1,0,0,0,0,0,0,0.0,0
581257.mira,581257,mira,2015-08-30 21:39:58,20150830,2015-08-31 06:33:56,20150831,2015-08-31 07:34:40,20150831,47972554363297,57356241325548,prod-short,3600.0,3644.0,512.0,512.0,8192.0,8192.0,MIR-00080-333B1-512,143,32038,8,32038,8,8289.8489,8289.8489,0.0,8292.1244,0.0,0.0,8292.1244,MIR-00080-333B1-512,143,script,-1,complete,Not capability,0% <= x < 16.7%,0% <= x < 16.7%,8,0,0,0,8,0,0,0,1,1,0,0,0,0,0,0,0.0,0
576500.mira,576500,mira,2015-08-28 14:58:58,20150828,2015-08-31 06:34:38,20150831,2015-08-31 09:31:42,20150831,96189774897037,73414259670960,prod-short,10800.0,10624.0,512.0,512.0,8192.0,8192.0,MIR-00000-33331-512,0,70207,6,228939,21,24177.7778,24177.7778,0.0,24175.5022,0.0,0.0,24175.5022,MIR-00000-33331-512,0,script,-1,complete,Not capability,0% <= x < 16.7%,0% <= x < 16.7%,8,0,0,0,8,0,0,0,1,1,0,0,0,0,0,0,0.0,0
581212.mira,581212,mira,2015-08-30 21:22:31,20150830,2015-08-31 06:35:07,20150831,2015-08-31 10:26:16,20150831,9137045922287,73414259670960,prod-short,13800.0,13869.0,512.0,512.0,8192.0,8192.0,MIR-00040-33371-512,143,33155,2,33155,2,31561.9556,31561.9556,0.0,31559.68,0.0,0.0,31559.68,MIR-00040-33371-512,143,script,-1,complete,Not capability,0% <= x < 16.7%,0% <= x < 16.7%,0,0,0,1,1,1,0,0,0,0,0,0,0,1,0,0,0.0,0
579412.mira,579412,mira,2015-08-30 00:44:22,20150830,2015-08-31 06:35:40,20150831,2015-08-31 08:57:48,20150831,50394197576862,38970600412679,prod-short,21600.0,8528.0,4096.0,4096.0,65536.0,65536.0,MIR-48000-7B7F1-4096,0,107478,4,107478,4,155247.5022,155247.5022,0.0,155247.5022,0.0,0.0,155247.5022,MIR-48000-7B7F1-4096,0,script,-1,complete,Not capability,0% <= x < 16.7%,0% <= x < 16.7%,0,28,0,0,28,0,1,0,0,0,0,0,1,0,0,0,0.0,0
570382.mira,570382,mira,2015-08-25 12:05:03,20150825,2015-08-31 06:36:14,20150831,2015-08-31 12:03:02,20150831,22495244966119,55265355648130,prod-short,21600.0,19608.0,2048.0,2048.0,32768.0,32768.0,MIR-08800-3BBF1-2048,0,75842,3,498671,23,178467.2711,178467.2711,0.0,178476.3733,0.0,0.0,178476.3733,MIR-08800-3BBF1-2048,0,c16,-1,complete,Not capability,0% <= x < 16.7%,0% <= x < 16.7%,0,0,0,1,1,1,0,0,0,0,0,0,0,1,0,0,0.0,0
581213.mira,581213,mira,2015-08-30 21:22:41,20150830,2015-08-31 06:36:46,20150831,2015-08-31 10:28:07,20150831,9137045922287,73414259670960,prod-short,13800.0,13881.0,512.0,512.0,8192.0,8192.0,MIR-48880-7BBB1-512,143,33246,2,33246,2,31584.7111,31584.7111,0.0,31586.9866,0.0,0.0,31586.9866,MIR-48880-7BBB1-512,143,script,-1,complete,Not capability,0% <= x < 16.7%,0% <= x < 16.7%,0,0,0,1,1,1,0,0,0,0,0,0,0,1,0,0,0.0,0
581214.mira,581214,mira,2015-08-30 21:23:06,20150830,2015-08-31 06:37:26,20150831,2015-08-31 10:28:22,20150831,9137045922287,73414259670960,prod-short,13800.0,13856.0,512.0,512.0,8192.0,8192.0,MIR-48800-7BB31-512,143,33259,2,33259,2,31530.0978,31530.0978,0.0,31530.0977,0.0,0.0,31530.0977,MIR-48800-7BB31-512,143,script,-1,complete,Not capability,0% <= x < 16.7%,0% <= x < 16.7%,0,0,0,1,1,1,0,0,0,0,0,0,0,1,0,0,0.0,0
579715.mira,579715,mira,2015-08-30 03:49:39,20150830,2015-08-31 06:37:58,20150831,2015-08-31 07:28:20,20150831,66662098079296,85016681153800,prod-short,21600.0,3022.0,1024.0,1024.0,16384.0,16384.0,MIR-08000-3B371-1-1024,139,96500,4,96500,4,13753.4578,13753.4578,0.0,13753.4577,0.0,0.0,13753.4577,MIR-08000-3B371-1-1024,139,c8,-1,complete,Not capability,0% <= x < 16.7%,0% <= x < 16.7%,0,0,0,1,1,1,0,0,0,0,0,0,0,1,0,0,0.0,0
580472.mira,580472,mira,2015-08-30 12:09:46,20150830,2015-08-31 06:38:30,20150831,2015-08-31 11:51:36,20150831,50394197576862,38970600412679,prod-short,21600.0,18786.0,2048.0,2048.0,32768.0,32768.0,MIR-08400-3B7F1-2048,0,66525,3,66525,3,170994.3467,170994.3467,0.0,170994.3466,0.0,0.0,170994.3466,MIR-08400-3B7F1-2048,0,script,-1,complete,Not capability,0% <= x < 16.7%,0% <= x < 16.7%,0,96,0,0,96,0,1,0,0,0,0,0,1,0,0,0,0.0,0
574742.mira,574742,mira,2015-08-27 18:55:08,20150827,2015-08-31 06:39:17,20150831,2015-08-31 08:16:02,20150831,19538777423807,64663463907625,prod-short,7200.0,5805.0,512.0,512.0,8192.0,8192.0,MIR-48840-7BB71-512,0,36332,5,301450,41,13207.3244,13207.3244,0.0,13209.6,0.0,0.0,13209.6,MIR-48840-7BB71-512,0,c8,-1,complete,Not capability,0% <= x < 16.7%,0% <= x < 16.7%,0,0,0,1,1,1,0,0,0,0,0,0,0,1,0,0,0.0,0
581715.mira,581715,mira,2015-08-31 05:16:18,20150831,2015-08-31 06:39:56,20150831,2015-08-31 07:08:33,20150831,50394197576862,38970600412679,prod-short,3240.0,1717.0,4096.0,4096.0,65536.0,65536.0,MIR-08C00-7BFF1-4096,0,5017,1,5017,1,31275.2356,31275.2356,0.0,31257.0311,0.0,0.0,31257.0311,MIR-08C00-7BFF1-4096,0,script,-1,complete,Not capability,0% <= x < 16.7%,0% <= x < 16.7%,0,16,0,0,16,0,1,0,0,0,0,0,1,0,0,0,0.0,0
576808.mira,576808,mira,2015-08-28 19:13:03,20150828,2015-08-31 06:40:30,20150831,2015-08-31 09:36:48,20150831,96189774897037,73414259670960,prod-short,10800.0,10578.0,512.0,512.0,8192.0,8192.0,MIR-080C0-3B3F1-512,0,31295,2,214046,19,24073.1022,24073.1022,0.0,24070.8266,0.0,0.0,24070.8266,MIR-080C0-3B3F1-512,0,script,-1,complete,Not capability,0% <= x < 16.7%,0% <= x < 16.7%,8,0,0,0,8,0,0,0,1,1,0,0,0,0,0,0,0.0,0
579758.mira,579758,mira,2015-08-30 04:18:38,20150830,2015-08-31 06:41:06,20150831,2015-08-31 09:38:44,20150831,96189774897037,73414259670960,prod-short,10800.0,10658.0,512.0,512.0,8192.0,8192.0,MIR-08080-3B3B1-512,0,31283,2,94947,8,24255.1467,24255.1467,0.0,24252.8711,0.0,0.0,24252.8711,MIR-08080-3B3B1-512,0,script,-1,complete,Not capability,0% <= x < 16.7%,0% <= x < 16.7%,8,0,0,0,8,0,0,0,1,1,0,0,0,0,0,0,0.0,0
581747.mira,581747,mira,2015-08-31 05:27:11,20150831,2015-08-31 06:41:40,20150831,2015-08-31 06:44:42,20150831,34871601655553,97534845395728,backfill,300.0,182.0,512.0,432.0,8192.0,6912.0,MIR-40C00-73F31-512,0,4469,14,4469,14,347.52,411.8756,0.0,414.1511,0.0,0.0,414.1511,MIR-40C00-73F31-512,0,script,-1,complete,Not capability,0% <= x < 16.7%,0% <= x < 16.7%,0,0,0,1,1,1,0,0,0,0,0,0,0,1,0,0,0.0,0
581502.mira,581502,mira,2015-08-31 02:02:49,20150831,2015-08-31 06:43:21,20150831,2015-08-31 07:37:04,20150831,68678370941746,26995251945683,prod-short,3600.0,3223.0,512.0,512.0,8192.0,8192.0,MIR-40C80-73FB1-512,0,16831,4,16831,4,7336.3911,7336.3911,0.0,7334.1155,0.0,0.0,7334.1155,MIR-40C80-73FB1-512,0,script,-1,complete,Not capability,0% <= x < 16.7%,0% <= x < 16.7%,0,0,0,1,1,1,0,0,0,0,0,0,0,1,0,0,0.0,0
581737.mira,581737,mira,2015-08-31 05:22:02,20150831,2015-08-31 06:45:25,20150831,2015-08-31 06:49:08,20150831,34871601655553,97534845395728,backfill,300.0,223.0,512.0,432.0,8192.0,6912.0,MIR-40C00-73F31-512,0,5004,16,5004,16,426.24,505.1733,0.0,507.4488,0.0,0.0,507.4488,MIR-40C00-73F31-512,0,script,-1,complete,Not capability,0% <= x < 16.7%,0% <= x < 16.7%,0,0,0,1,1,1,0,0,0,0,0,0,0,1,0,0,0.0,0
581820.mira,581820,mira,2015-08-31 06:47:37,20150831,2015-08-31 06:50:05,20150831,2015-08-31 06:53:30,20150831,34871601655553,97534845395728,backfill,300.0,205.0,512.0,432.0,8192.0,6912.0,MIR-40C00-73F31-512,0,148,0,148,0,393.6,466.4889,0.0,466.4888,0.0,0.0,466.4888,MIR-40C00-73F31-512,0,script,-1,complete,Not capability,0% <= x < 16.7%,0% <= x < 16.7%,0,0,0,1,1,1,0,0,0,0,0,0,0,1,0,0,0.0,0
581827.mira,581827,mira,2015-08-31 06:52:47,20150831,2015-08-31 06:54:14,20150831,2015-08-31 06:58:31,20150831,34871601655553,97534845395728,backfill,300.0,257.0,512.0,432.0,8192.0,6912.0,MIR-40C00-73F31-512,0,87,0,87,0,495.36,587.0933,0.0,584.8177,0.0,0.0,584.8177,MIR-40C00-73F31-512,0,script,-1,complete,Not capability,0% <= x < 16.7%,0% <= x < 16.7%,0,0,0,1,1,1,0,0,0,0,0,0,0,1,0,0,0.0,0
580892.mira,580892,mira,2015-08-30 18:10:50,20150830,2015-08-31 06:59:34,20150831,2015-08-31 10:41:38,20150831,11261749645351,83102796172305,prod-short,18000.0,13324.0,512.0,512.0,8192.0,8192.0,MIR-00C40-33F71-512,0,46124,2,46124,2,30317.2267,30317.2267,0.0,30319.5022,0.0,0.0,30319.5022,MIR-00C40-33F71-512,0,script,-1,complete,Not capability,0% <= x < 16.7%,0% <= x < 16.7%,64,0,0,0,64,0,0,0,1,1,0,0,0,0,0,0,0.0,0
581664.mira,581664,mira,2015-08-31 04:56:29,20150831,2015-08-31 07:00:11,20150831,2015-08-31 08:01:02,20150831,56854543954531,14990642440966,prod-short,3600.0,3651.0,1024.0,1024.0,16384.0,16384.0,MIR-00C80-33FF1-1-1024,143,6835,1,7421,2,16616.1067,16616.1067,0.0,16616.1066,0.0,0.0,16616.1066,MIR-00C80-33FF1-1-1024,143,c32,-1,complete,Not capability,0% <= x < 16.7%,0% <= x < 16.7%,0,0,0,1,1,1,0,0,0,0,0,0,0,1,0,0,0.0,0
581174.mira,581174,mira,2015-08-30 21:00:29,20150830,2015-08-31 07:00:42,20150831,2015-08-31 09:10:17,20150831,50394197576862,38970600412679,prod-short,21600.0,7775.0,512.0,512.0,8192.0,8192.0,MIR-00C00-33F31-512,0,36013,1,36013,1,17692.4444,17692.4444,0.0,17692.4444,0.0,0.0,17692.4444,MIR-00C00-33F31-512,0,script,-1,complete,Not capability,0% <= x < 16.7%,0% <= x < 16.7%,0,104,0,0,104,0,1,0,0,0,0,0,1,0,0,0,0.0,0
581259.mira,581259,mira,2015-08-30 21:40:11,20150830,2015-08-31 07:01:39,20150831,2015-08-31 08:02:14,20150831,47972554363297,57356241325548,prod-short,3600.0,3635.0,512.0,512.0,8192.0,8192.0,MIR-40C00-73F31-512,0,32066,8,33689,9,8271.6444,8271.6444,0.0,8271.6444,0.0,0.0,8271.6444,MIR-40C00-73F31-512,0,script,-1,complete,Not capability,0% <= x < 16.7%,0% <= x < 16.7%,8,0,0,0,8,0,0,0,1,1,0,0,0,0,0,0,0.0,0
581831.mira,581831,mira,2015-08-31 06:58:10,20150831,2015-08-31 07:02:16,20150831,2015-08-31 07:05:00,20150831,34871601655553,97534845395728,backfill,300.0,164.0,512.0,432.0,8192.0,6912.0,MIR-40C40-73F71-512,0,246,0,246,0,314.88,373.1911,0.0,373.1911,0.0,0.0,373.1911,MIR-40C40-73F71-512,0,script,-1,complete,Not capability,0% <= x < 16.7%,0% <= x < 16.7%,0,0,0,1,1,1,0,0,0,0,0,0,0,1,0,0,0.0,0
581834.mira,581834,mira,2015-08-31 07:03:19,20150831,2015-08-31 07:06:13,20150831,2015-08-31 07:08:34,20150831,34871601655553,97534845395728,backfill,300.0,141.0,512.0,432.0,8192.0,6912.0,MIR-40C40-73F71-512,0,173,0,173,0,270.72,320.8533,0.0,320.8533,0.0,0.0,320.8533,MIR-40C40-73F71-512,0,script,-1,complete,Not capability,0% <= x < 16.7%,0% <= x < 16.7%,0,0,0,1,1,1,0,0,0,0,0,0,0,1,0,0,0.0,0
581665.mira,581665,mira,2015-08-31 04:56:34,20150831,2015-08-31 07:09:09,20150831,2015-08-31 08:10:00,20150831,56854543954531,14990642440966,prod-short,3600.0,3651.0,1024.0,1024.0,16384.0,16384.0,MIR-08C00-3BF71-1-1024,143,7374,2,7956,2,16611.5556,16611.5556,0.0,16616.1066,0.0,0.0,16616.1066,MIR-08C00-3BF71-1-1024,143,c32,-1,complete,Not capability,0% <= x < 16.7%,0% <= x < 16.7%,0,0,0,1,1,1,0,0,0,0,0,0,0,1,0,0,0.0,0
581666.mira,581666,mira,2015-08-31 04:56:40,20150831,2015-08-31 07:09:48,20150831,2015-08-31 08:10:46,20150831,56854543954531,14990642440966,prod-short,3600.0,3658.0,1024.0,1024.0,16384.0,16384.0,MIR-08C80-3BFF1-1-1024,143,7413,2,7988,2,16647.9644,16647.9644,0.0,16647.9644,0.0,0.0,16647.9644,MIR-08C80-3BFF1-1-1024,143,c32,-1,complete,Not capability,0% <= x < 16.7%,0% <= x < 16.7%,0,0,0,1,1,1,0,0,0,0,0,0,0,1,0,0,0.0,0
581667.mira,581667,mira,2015-08-31 04:56:46,20150831,2015-08-31 07:10:33,20150831,2015-08-31 08:12:10,20150831,56854543954531,14990642440966,prod-short,3600.0,3697.0,1024.0,1024.0,16384.0,16384.0,MIR-48C00-7BF71-1-1024,143,7457,2,8026,2,16825.4578,16825.4578,0.0,16825.4577,0.0,0.0,16825.4577,MIR-48C00-7BF71-1-1024,143,c32,-1,complete,Not capability,0% <= x < 16.7%,0% <= x < 16.7%,0,0,0,1,1,1,0,0,0,0,0,0,0,1,0,0,0.0,0
581504.mira,581504,mira,2015-08-31 02:04:02,20150831,2015-08-31 07:11:11,20150831,2015-08-31 08:03:59,20150831,68678370941746,26995251945683,prod-short,3600.0,3168.0,512.0,512.0,8192.0,8192.0,MIR-48CC0-7BFF1-512,0,18430,5,18430,5,7206.6844,7206.6844,0.0,7208.96,0.0,0.0,7208.96,MIR-48CC0-7BFF1-512,0,script,-1,complete,Not capability,0% <= x < 16.7%,0% <= x < 16.7%,0,0,0,1,1,1,0,0,0,0,0,0,0,1,0,0,0.0,0
576814.mira,576814,mira,2015-08-28 19:14:35,20150828,2015-08-31 07:11:46,20150831,2015-08-31 10:08:27,20150831,96189774897037,73414259670960,prod-short,10800.0,10601.0,512.0,512.0,8192.0,8192.0,MIR-48C80-7BFB1-512,0,14568,1,215830,19,24125.44,24125.44,0.0,24123.1644,0.0,0.0,24123.1644,MIR-48C80-7BFB1-512,0,script,-1,complete,Not capability,0% <= x < 16.7%,0% <= x < 16.7%,8,0,0,0,8,0,0,0,1,1,0,0,0,0,0,0,0.0,0
581839.mira,581839,mira,2015-08-31 07:08:29,20150831,2015-08-31 07:12:27,20150831,2015-08-31 07:15:27,20150831,34871601655553,97534845395728,backfill,300.0,180.0,512.0,432.0,8192.0,6912.0,MIR-40C40-73F71-512,0,239,0,239,0,343.68,407.3244,0.0,409.6,0.0,0.0,409.6,MIR-40C40-73F71-512,0,script,-1,complete,Not capability,0% <= x < 16.7%,0% <= x < 16.7%,0,0,0,1,1,1,0,0,0,0,0,0,0,1,0,0,0.0,0
581844.mira,581844,mira,2015-08-31 07:13:35,20150831,2015-08-31 07:16:34,20150831,2015-08-31 07:19:12,20150831,34871601655553,97534845395728,backfill,300.0,158.0,512.0,432.0,8192.0,6912.0,MIR-40C40-73F71-512,0,179,0,179,0,305.28,361.8133,0.0,359.5377,0.0,0.0,359.5377,MIR-40C40-73F71-512,0,script,-1,complete,Not capability,0% <= x < 16.7%,0% <= x < 16.7%,0,0,0,1,1,1,0,0,0,0,0,0,0,1,0,0,0.0,0
581264.mira,581264,mira,2015-08-30 21:40:46,20150830,2015-08-31 07:19:54,20150831,2015-08-31 08:20:49,20150831,47972554363297,57356241325548,prod-short,3600.0,3655.0,512.0,512.0,8192.0,8192.0,MIR-40C40-73F71-512,143,32072,8,34749,9,8317.1556,8317.1556,0.0,8317.1555,0.0,0.0,8317.1555,MIR-40C40-73F71-512,143,script,-1,complete,Not capability,0% <= x < 16.7%,0% <= x < 16.7%,8,0,0,0,8,0,0,0,1,1,0,0,0,0,0,0,0.0,0
581706.mira,581706,mira,2015-08-31 05:14:53,20150831,2015-08-31 07:20:29,20150831,2015-08-31 08:24:35,20150831,9137045922287,73414259670960,prod-short,5400.0,3846.0,512.0,512.0,8192.0,8192.0,MIR-00840-33B71-512,0,7536,1,7536,1,8751.7867,8751.7867,0.0,8751.7866,0.0,0.0,8751.7866,MIR-00840-33B71-512,0,script,-1,complete,Not capability,0% <= x < 16.7%,0% <= x < 16.7%,0,0,0,1,1,1,0,0,0,0,0,0,0,1,0,0,0.0,0
581668.mira,581668,mira,2015-08-31 04:56:54,20150831,2015-08-31 07:28:18,20150831,2015-08-31 08:29:15,20150831,56854543954531,14990642440966,prod-short,3600.0,3657.0,1024.0,1024.0,16384.0,16384.0,MIR-00880-33BF1-1-1024,143,7546,2,9084,2,16638.8622,16638.8622,0.0,16643.4133,0.0,0.0,16643.4133,MIR-00880-33BF1-1-1024,143,c32,-1,complete,Not capability,0% <= x < 16.7%,0% <= x < 16.7%,0,0,0,1,1,1,0,0,0,0,0,0,0,1,0,0,0.0,0
581265.mira,581265,mira,2015-08-30 21:40:54,20150830,2015-08-31 07:29:23,20150831,2015-08-31 08:25:09,20150831,47972554363297,57356241325548,prod-short,3600.0,3346.0,512.0,512.0,8192.0,8192.0,MIR-00800-33B31-512,0,32128,8,35309,9,7611.7333,7611.7333,0.0,7614.0088,0.0,0.0,7614.0088,MIR-00800-33B31-512,0,script,-1,complete,Not capability,0% <= x < 16.7%,0% <= x < 16.7%,8,0,0,0,8,0,0,0,1,1,0,0,0,0,0,0,0.0,0
581476.mira,581476,mira,2015-08-31 00:55:30,20150831,2015-08-31 07:30:01,20150831,2015-08-31 11:33:54,20150831,50394197576862,38970600412679,prod-short,21600.0,14633.0,1024.0,1024.0,16384.0,16384.0,MIR-08000-3B371-1-1024,0,23670,1,23670,1,66600.96,66600.96,0.0,66596.4088,0.0,0.0,66596.4088,MIR-08000-3B371-1-1024,0,script,-1,complete,Not capability,0% <= x < 16.7%,0% <= x < 16.7%,0,112,0,0,112,0,1,0,0,0,0,0,1,0,0,0,0.0,0
581267.mira,581267,mira,2015-08-30 21:40:59,20150830,2015-08-31 07:35:09,20150831,2015-08-31 08:36:26,20150831,47972554363297,57356241325548,prod-short,3600.0,3677.0,512.0,512.0,8192.0,8192.0,MIR-000C0-333F1-512,143,32191,8,35651,9,8367.2178,8367.2178,0.0,8367.2177,0.0,0.0,8367.2177,MIR-000C0-333F1-512,143,script,-1,complete,Not capability,0% <= x < 16.7%,0% <= x < 16.7%,8,0,0,0,8,0,0,0,1,1,0,0,0,0,0,0,0.0,0
581269.mira,581269,mira,2015-08-30 21:41:12,20150830,2015-08-31 07:35:45,20150831,2015-08-31 08:31:33,20150831,47972554363297,57356241325548,prod-short,3600.0,3348.0,512.0,512.0,8192.0,8192.0,MIR-00080-333B1-512,0,32213,8,35673,9,7618.56,7618.56,0.0,7618.56,0.0,0.0,7618.56,MIR-00080-333B1-512,0,script,-1,complete,Not capability,0% <= x < 16.7%,0% <= x < 16.7%,8,0,0,0,8,0,0,0,1,1,0,0,0,0,0,0,0.0,0
581858.mira,581858,mira,2015-08-31 07:23:56,20150831,2015-08-31 07:37:56,20150831,2015-08-31 07:40:59,20150831,34871601655553,97534845395728,backfill,300.0,183.0,512.0,432.0,8192.0,6912.0,MIR-40C80-73FB1-512,0,841,2,841,2,349.44,414.1511,0.0,416.4266,0.0,0.0,416.4266,MIR-40C80-73FB1-512,0,script,-1,complete,Not capability,0% <= x < 16.7%,0% <= x < 16.7%,0,0,0,1,1,1,0,0,0,0,0,0,0,1,0,0,0.0,0
581849.mira,581849,mira,2015-08-31 07:18:45,20150831,2015-08-31 07:41:42,20150831,2015-08-31 07:44:30,20150831,34871601655553,97534845395728,backfill,300.0,168.0,512.0,432.0,8192.0,6912.0,MIR-40C80-73FB1-512,0,1377,4,1377,4,322.56,382.2933,0.0,382.2933,0.0,0.0,382.2933,MIR-40C80-73FB1-512,0,script,-1,complete,Not capability,0% <= x < 16.7%,0% <= x < 16.7%,0,0,0,1,1,1,0,0,0,0,0,0,0,1,0,0,0.0,0
581889.mira,581889,mira,2015-08-31 07:44:19,20150831,2015-08-31 07:45:41,20150831,2015-08-31 07:48:34,20150831,34871601655553,97534845395728,backfill,300.0,173.0,512.0,432.0,8192.0,6912.0,MIR-40C80-73FB1-512,0,81,0,81,0,334.08,395.9467,0.0,393.6711,0.0,0.0,393.6711,MIR-40C80-73FB1-512,0,script,-1,complete,Not capability,0% <= x < 16.7%,0% <= x < 16.7%,0,0,0,1,1,1,0,0,0,0,0,0,0,1,0,0,0.0,0
581736.mira,581736,mira,2015-08-31 05:21:56,20150831,2015-08-31 07:49:45,20150831,2015-08-31 07:52:49,20150831,34871601655553,97534845395728,backfill,300.0,184.0,512.0,432.0,8192.0,6912.0,MIR-40C80-73FB1-512,0,8869,29,8869,29,355.2,420.9778,0.0,418.7022,0.0,0.0,418.7022,MIR-40C80-73FB1-512,0,script,-1,complete,Not capability,0% <= x < 16.7%,0% <= x < 16.7%,0,0,0,1,1,1,0,0,0,0,0,0,0,1,0,0,0.0,0
581894.mira,581894,mira,2015-08-31 07:49:39,20150831,2015-08-31 07:53:57,20150831,2015-08-31 07:56:52,20150831,34871601655553,97534845395728,backfill,300.0,175.0,512.0,432.0,8192.0,6912.0,MIR-40C80-73FB1-512,0,257,0,257,0,337.92,400.4978,0.0,398.2222,0.0,0.0,398.2222,MIR-40C80-73FB1-512,0,script,-1,complete,Not capability,0% <= x < 16.7%,0% <= x < 16.7%,0,0,0,1,1,1,0,0,0,0,0,0,0,1,0,0,0.0,0
581905.mira,581905,mira,2015-08-31 07:54:45,20150831,2015-08-31 07:57:35,20150831,2015-08-31 08:00:03,20150831,34871601655553,97534845395728,backfill,300.0,148.0,512.0,432.0,8192.0,6912.0,MIR-40C80-73FB1-512,0,169,0,169,0,286.08,339.0578,0.0,336.7822,0.0,0.0,336.7822,MIR-40C80-73FB1-512,0,script,-1,complete,Not capability,0% <= x < 16.7%,0% <= x < 16.7%,0,0,0,1,1,1,0,0,0,0,0,0,0,1,0,0,0.0,0
581908.mira,581908,mira,2015-08-31 07:59:52,20150831,2015-08-31 08:00:46,20150831,2015-08-31 08:04:16,20150831,34871601655553,97534845395728,backfill,300.0,210.0,512.0,432.0,8192.0,6912.0,MIR-40C80-73FB1-512,0,54,0,54,0,403.2,477.8667,0.0,477.8666,0.0,0.0,477.8666,MIR-40C80-73FB1-512,0,script,-1,complete,Not capability,0% <= x < 16.7%,0% <= x < 16.7%,0,0,0,1,1,1,0,0,0,0,0,0,0,1,0,0,0.0,0
581670.mira,581670,mira,2015-08-31 04:56:59,20150831,2015-08-31 08:01:51,20150831,2015-08-31 09:02:27,20150831,56854543954531,14990642440966,prod-short,3600.0,3636.0,1024.0,1024.0,16384.0,16384.0,MIR-00C80-33FF1-1-1024,143,7611,2,11092,3,16552.3911,16552.3911,0.0,16547.84,0.0,0.0,16547.84,MIR-00C80-33FF1-1-1024,143,c32,-1,complete,Not capability,0% <= x < 16.7%,0% <= x < 16.7%,0,0,0,1,1,1,0,0,0,0,0,0,0,1,0,0,0.0,0
581893.mira,581893,mira,2015-08-31 07:49:28,20150831,2015-08-31 08:03:04,20150831,2015-08-31 08:07:22,20150831,34871601655553,97534845395728,backfill,300.0,258.0,512.0,432.0,8192.0,6912.0,MIR-40C00-73F31-512,0,816,2,816,2,497.28,589.3689,0.0,587.0933,0.0,0.0,587.0933,MIR-40C00-73F31-512,0,script,-1,complete,Not capability,0% <= x < 16.7%,0% <= x < 16.7%,0,0,0,1,1,1,0,0,0,0,0,0,0,1,0,0,0.0,0
581249.mira,581249,mira,2015-08-30 21:38:19,20150830,2015-08-31 08:05:02,20150831,2015-08-31 12:06:12,20150831,47972554363297,57356241325548,prod-short,14400.0,14470.0,512.0,512.0,8192.0,8192.0,MIR-48CC0-7BFF1-512,143,32580,2,37604,2,32927.2889,32927.2889,0.0,32927.2888,0.0,0.0,32927.2888,MIR-48CC0-7BFF1-512,143,script,-1,complete,Not capability,0% <= x < 16.7%,0% <= x < 16.7%,8,0,0,0,8,0,0,0,1,1,0,0,0,0,0,0,0.0,0
581921.mira,581921,mira,2015-08-31 08:05:11,20150831,2015-08-31 08:05:37,20150831,2015-08-31 08:10:15,20150831,34871601655553,97534845395728,backfill,300.0,278.0,512.0,432.0,8192.0,6912.0,MIR-40C80-73FB1-512,0,26,0,26,0,533.76,632.6044,0.0,632.6044,0.0,0.0,632.6044,MIR-40C80-73FB1-512,0,script,-1,complete,Not capability,0% <= x < 16.7%,0% <= x < 16.7%,0,0,0,1,1,1,0,0,0,0,0,0,0,1,0,0,0.0,0
581920.mira,581920,mira,2015-08-31 08:05:06,20150831,2015-08-31 08:08:12,20150831,2015-08-31 08:12:53,20150831,34871601655553,97534845395728,backfill,300.0,281.0,512.0,432.0,8192.0,6912.0,MIR-40C00-73F31-512,0,185,0,185,0,539.52,639.4311,0.0,639.4311,0.0,0.0,639.4311,MIR-40C00-73F31-512,0,script,-1,complete,Not capability,0% <= x < 16.7%,0% <= x < 16.7%,0,0,0,1,1,1,0,0,0,0,0,0,0,1,0,0,0.0,0
581671.mira,581671,mira,2015-08-31 04:57:05,20150831,2015-08-31 08:10:43,20150831,2015-08-31 09:11:33,20150831,56854543954531,14990642440966,prod-short,3600.0,3650.0,1024.0,1024.0,16384.0,16384.0,MIR-08C00-3BF71-1-1024,143,7672,2,11617,3,16616.1067,16616.1067,0.0,16611.5555,0.0,0.0,16611.5555,MIR-08C00-3BF71-1-1024,143,c32,-1,complete,Not capability,0% <= x < 16.7%,0% <= x < 16.7%,0,0,0,1,1,1,0,0,0,0,0,0,0,1,0,0,0.0,0
581928.mira,581928,mira,2015-08-31 08:10:19,20150831,2015-08-31 08:11:14,20150831,2015-08-31 08:15:45,20150831,34871601655553,97534845395728,backfill,300.0,271.0,512.0,432.0,8192.0,6912.0,MIR-40C80-73FB1-512,0,54,0,54,0,520.32,616.6756,0.0,616.6755,0.0,0.0,616.6755,MIR-40C80-73FB1-512,0,script,-1,complete,Not capability,0% <= x < 16.7%,0% <= x < 16.7%,0,0,0,1,1,1,0,0,0,0,0,0,0,1,0,0,0.0,0
581672.mira,581672,mira,2015-08-31 04:57:11,20150831,2015-08-31 08:11:47,20150831,2015-08-31 09:12:50,20150831,56854543954531,14990642440966,prod-short,3600.0,3663.0,1024.0,1024.0,16384.0,16384.0,MIR-08C80-3BFF1-1-1024,143,7734,2,11676,3,16670.72,16670.72,0.0,16670.72,0.0,0.0,16670.72,MIR-08C80-3BFF1-1-1024,143,c32,-1,complete,Not capability,0% <= x < 16.7%,0% <= x < 16.7%,0,0,0,1,1,1,0,0,0,0,0,0,0,1,0,0,0.0,0
581673.mira,581673,mira,2015-08-31 04:57:16,20150831,2015-08-31 08:12:50,20150831,2015-08-31 09:13:48,20150831,56854543954531,14990642440966,prod-short,3600.0,3658.0,1024.0,1024.0,16384.0,16384.0,MIR-48C00-7BF71-1-1024,143,7795,2,11734,3,16652.5156,16652.5156,0.0,16647.9644,0.0,0.0,16647.9644,MIR-48C00-7BF71-1-1024,143,c32,-1,complete,Not capability,0% <= x < 16.7%,0% <= x < 16.7%,0,0,0,1,1,1,0,0,0,0,0,0,0,1,0,0,0.0,0
581929.mira,581929,mira,2015-08-31 08:10:24,20150831,2015-08-31 08:13:53,20150831,2015-08-31 08:18:24,20150831,34871601655553,97534845395728,backfill,300.0,271.0,512.0,432.0,8192.0,6912.0,MIR-40C00-73F31-512,0,208,0,208,0,520.32,616.6756,0.0,616.6755,0.0,0.0,616.6755,MIR-40C00-73F31-512,0,script,-1,complete,Not capability,0% <= x < 16.7%,0% <= x < 16.7%,0,0,0,1,1,1,0,0,0,0,0,0,0,1,0,0,0.0,0
581934.mira,581934,mira,2015-08-31 08:15:32,20150831,2015-08-31 08:16:32,20150831,2015-08-31 08:20:50,20150831,34871601655553,97534845395728,backfill,300.0,258.0,512.0,432.0,8192.0,6912.0,MIR-40C80-73FB1-512,0,60,0,60,0,493.44,584.8178,0.0,587.0933,0.0,0.0,587.0933,MIR-40C80-73FB1-512,0,script,-1,complete,Not capability,0% <= x < 16.7%,0% <= x < 16.7%,0,0,0,1,1,1,0,0,0,0,0,0,0,1,0,0,0.0,0
581558.mira,581558,mira,2015-08-31 03:25:44,20150831,2015-08-31 08:17:15,20150831,2015-08-31 11:10:28,20150831,96189774897037,73414259670960,prod-short,10800.0,10393.0,512.0,512.0,8192.0,8192.0,MIR-48840-7BB71-512,0,17491,1,17491,1,23652.1244,23652.1244,0.0,23649.8488,0.0,0.0,23649.8488,MIR-48840-7BB71-512,0,script,-1,complete,Not capability,0% <= x < 16.7%,0% <= x < 16.7%,8,0,0,0,8,0,0,0,1,1,0,0,0,0,0,0,0.0,0
581946.mira,581946,mira,2015-08-31 08:20:41,20150831,2015-08-31 08:21:37,20150831,2015-08-31 08:25:54,20150831,34871601655553,97534845395728,backfill,300.0,257.0,512.0,432.0,8192.0,6912.0,MIR-40C80-73FB1-512,0,56,0,56,0,495.36,587.0933,0.0,584.8177,0.0,0.0,584.8177,MIR-40C80-73FB1-512,0,script,-1,complete,Not capability,0% <= x < 16.7%,0% <= x < 16.7%,0,0,0,1,1,1,0,0,0,0,0,0,0,1,0,0,0.0,0
581947.mira,581947,mira,2015-08-31 08:20:46,20150831,2015-08-31 08:22:04,20150831,2015-08-31 08:26:41,20150831,34871601655553,97534845395728,backfill,300.0,277.0,512.0,432.0,8192.0,6912.0,MIR-40C00-73F31-512,0,79,0,79,0,529.92,628.0533,0.0,630.3288,0.0,0.0,630.3288,MIR-40C00-73F31-512,0,script,-1,complete,Not capability,0% <= x < 16.7%,0% <= x < 16.7%,0,0,0,1,1,1,0,0,0,0,0,0,0,1,0,0,0.0,0
581250.mira,581250,mira,2015-08-30 21:38:31,20150830,2015-08-31 08:25:34,20150831,2015-08-31 12:26:24,20150831,47972554363297,57356241325548,prod-short,14400.0,14450.0,512.0,512.0,8192.0,8192.0,MIR-00840-33B71-512,143,32870,2,38823,2,32879.5022,32879.5022,0.0,32881.7777,0.0,0.0,32881.7777,MIR-00840-33B71-512,143,script,-1,complete,Not capability,0% <= x < 16.7%,0% <= x < 16.7%,8,0,0,0,8,0,0,0,1,1,0,0,0,0,0,0,0.0,0
581251.mira,581251,mira,2015-08-30 21:38:53,20150830,2015-08-31 08:26:06,20150831,2015-08-31 12:27:14,20150831,47972554363297,57356241325548,prod-short,14400.0,14468.0,512.0,512.0,8192.0,8192.0,MIR-00800-33B31-512,143,32880,2,38833,2,32922.7378,32922.7378,0.0,32922.7377,0.0,0.0,32922.7377,MIR-00800-33B31-512,143,script,-1,complete,Not capability,0% <= x < 16.7%,0% <= x < 16.7%,8,0,0,0,8,0,0,0,1,1,0,0,0,0,0,0,0.0,0
581951.mira,581951,mira,2015-08-31 08:26:10,20150831,2015-08-31 08:26:42,20150831,2015-08-31 08:30:59,20150831,34871601655553,97534845395728,backfill,300.0,257.0,512.0,432.0,8192.0,6912.0,MIR-40C80-73FB1-512,0,33,0,33,0,493.44,584.8178,0.0,584.8177,0.0,0.0,584.8177,MIR-40C80-73FB1-512,0,script,-1,complete,Not capability,0% <= x < 16.7%,0% <= x < 16.7%,0,0,0,1,1,1,0,0,0,0,0,0,0,1,0,0,0.0,0
581952.mira,581952,mira,2015-08-31 08:26:24,20150831,2015-08-31 08:27:20,20150831,2015-08-31 08:31:59,20150831,34871601655553,97534845395728,backfill,300.0,279.0,512.0,432.0,8192.0,6912.0,MIR-40C40-73F71-512,0,55,0,55,0,535.68,634.88,0.0,634.88,0.0,0.0,634.88,MIR-40C40-73F71-512,0,script,-1,complete,Not capability,0% <= x < 16.7%,0% <= x < 16.7%,0,0,0,1,1,1,0,0,0,0,0,0,0,1,0,0,0.0,0
581674.mira,581674,mira,2015-08-31 04:57:25,20150831,2015-08-31 08:29:55,20150831,2015-08-31 09:31:42,20150831,56854543954531,14990642440966,prod-short,3600.0,3707.0,1024.0,1024.0,16384.0,16384.0,MIR-00880-33BF1-1-1024,143,7858,2,12749,3,16875.52,16875.52,0.0,16870.9688,0.0,0.0,16870.9688,MIR-00880-33BF1-1-1024,143,c32,-1,complete,Not capability,0% <= x < 16.7%,0% <= x < 16.7%,0,0,0,1,1,1,0,0,0,0,0,0,0,1,0,0,0.0,0
581680.mira,581680,mira,2015-08-31 05:00:59,20150831,2015-08-31 08:31:25,20150831,2015-08-31 08:35:09,20150831,34871601655553,97534845395728,backfill,300.0,224.0,512.0,432.0,8192.0,6912.0,MIR-40C80-73FB1-512,0,12625,42,12625,42,432.0,512.0,0.0,509.7244,0.0,0.0,509.7244,MIR-40C80-73FB1-512,0,script,-1,complete,Not capability,0% <= x < 16.7%,0% <= x < 16.7%,0,0,0,1,1,1,0,0,0,0,0,0,0,1,0,0,0.0,0
581252.mira,581252,mira,2015-08-30 21:39:13,20150830,2015-08-31 08:32:38,20150831,2015-08-31 12:33:56,20150831,47972554363297,57356241325548,prod-short,14400.0,14478.0,512.0,512.0,8192.0,8192.0,MIR-00080-333B1-512,143,32925,2,39205,2,32945.4933,32945.4933,0.0,32945.4933,0.0,0.0,32945.4933,MIR-00080-333B1-512,143,script,-1,complete,Not capability,0% <= x < 16.7%,0% <= x < 16.7%,8,0,0,0,8,0,0,0,1,1,0,0,0,0,0,0,0.0,0
581965.mira,581965,mira,2015-08-31 08:31:30,20150831,2015-08-31 08:33:16,20150831,2015-08-31 08:37:52,20150831,34871601655553,97534845395728,backfill,300.0,276.0,512.0,432.0,8192.0,6912.0,MIR-40C00-73F31-512,0,106,0,106,0,529.92,628.0533,0.0,628.0533,0.0,0.0,628.0533,MIR-40C00-73F31-512,0,script,-1,complete,Not capability,0% <= x < 16.7%,0% <= x < 16.7%,0,0,0,1,1,1,0,0,0,0,0,0,0,1,0,0,0.0,0
581966.mira,581966,mira,2015-08-31 08:31:40,20150831,2015-08-31 08:36:15,20150831,2015-08-31 08:40:08,20150831,34871601655553,97534845395728,backfill,300.0,233.0,512.0,432.0,8192.0,6912.0,MIR-40C80-73FB1-512,0,275,0,275,0,447.36,530.2044,0.0,530.2044,0.0,0.0,530.2044,MIR-40C80-73FB1-512,0,script,-1,complete,Not capability,0% <= x < 16.7%,0% <= x < 16.7%,0,0,0,1,1,1,0,0,0,0,0,0,0,1,0,0,0.0,0
581066.mira,581066,mira,2015-08-30 19:56:18,20150830,2015-08-31 08:37:20,20150831,2015-08-31 08:39:51,20150831,31168607310936,51793106622897,prod-short,10800.0,151.0,512.0,16.0,8192.0,256.0,MIR-000C0-333F1-512,134,45663,4,45663,4,10.7378,343.6089,0.0,343.6088,0.0,0.0,343.6088,MIR-000C0-333F1-512,134,script,-1,complete,Not capability,0% <= x < 16.7%,0% <= x < 16.7%,0,0,0,1,1,1,0,0,0,0,0,0,0,1,0,0,0.0,0
581972.mira,581972,mira,2015-08-31 08:36:55,20150831,2015-08-31 08:39:00,20150831,2015-08-31 08:42:59,20150831,34871601655553,97534845395728,backfill,300.0,239.0,512.0,432.0,8192.0,6912.0,MIR-40C40-73F71-512,0,124,0,124,0,460.8,546.1333,0.0,543.8577,0.0,0.0,543.8577,MIR-40C40-73F71-512,0,script,-1,complete,Not capability,0% <= x < 16.7%,0% <= x < 16.7%,0,0,0,1,1,1,0,0,0,0,0,0,0,1,0,0,0.0,0
581071.mira,581071,mira,2015-08-30 19:57:24,20150830,2015-08-31 08:40:15,20150831,2015-08-31 08:42:10,20150831,31168607310936,51793106622897,prod-short,10800.0,115.0,512.0,4.0,8192.0,64.0,MIR-000C0-333F1-512,134,45772,4,45772,4,2.0444,261.6889,0.0,261.6888,0.0,0.0,261.6888,MIR-000C0-333F1-512,134,script,-1,complete,Not capability,0% <= x < 16.7%,0% <= x < 16.7%,0,0,0,1,1,1,0,0,0,0,0,0,0,1,0,0,0.0,0
581985.mira,581985,mira,2015-08-31 08:40:33,20150831,2015-08-31 08:41:16,20150831,2015-08-31 08:48:46,20150831,94731157596563,34761664008145,prod-short,1800.0,450.0,512.0,512.0,8192.0,8192.0,MIR-40C80-73FB1-512,0,42,0,42,0,1024.0,1024.0,0.0,1024.0,0.0,0.0,1024.0,MIR-40C80-73FB1-512,0,c16,-1,complete,Not capability,0% <= x < 16.7%,0% <= x < 16.7%,0,0,0,1,1,1,0,0,0,0,0,0,0,1,0,0,0.0,0
581983.mira,581983,mira,2015-08-31 08:40:20,20150831,2015-08-31 08:42:22,20150831,2015-08-31 08:45:25,20150831,94731157596563,34761664008145,prod-short,1800.0,183.0,4096.0,4096.0,65536.0,65536.0,MIR-40000-737F1-4096,0,123,0,123,0,3331.4133,3331.4133,0.0,3331.4133,0.0,0.0,3331.4133,MIR-40000-737F1-4096,0,c16,-1,complete,Not capability,0% <= x < 16.7%,0% <= x < 16.7%,0,0,0,1,1,1,0,0,0,0,0,0,0,1,0,0,0.0,0
574744.mira,574744,mira,2015-08-27 18:55:13,20150827,2015-08-31 08:42:59,20150831,2015-08-31 10:12:20,20150831,19538777423807,64663463907625,prod-short,7200.0,5361.0,512.0,512.0,8192.0,8192.0,MIR-000C0-333F1-512,0,1618,0,308866,42,12196.9778,12196.9778,0.0,12199.2533,0.0,0.0,12199.2533,MIR-000C0-333F1-512,0,c8,-1,complete,Not capability,0% <= x < 16.7%,0% <= x < 16.7%,0,0,0,1,1,1,0,0,0,0,0,0,0,1,0,0,0.0,0
581976.mira,581976,mira,2015-08-31 08:39:40,20150831,2015-08-31 08:44:03,20150831,2015-08-31 08:49:03,20150831,94731157596563,34761664008145,prod-short,1800.0,300.0,1024.0,1024.0,16384.0,16384.0,MIR-40C00-73F71-1-1024,0,262,0,262,0,1369.8844,1369.8844,0.0,1365.3333,0.0,0.0,1365.3333,MIR-40C00-73F71-1-1024,0,c16,-1,complete,Not capability,0% <= x < 16.7%,0% <= x < 16.7%,0,0,0,1,1,1,0,0,0,0,0,0,0,1,0,0,0.0,0
581992.mira,581992,mira,2015-08-31 08:42:08,20150831,2015-08-31 08:46:37,20150831,2015-08-31 08:50:53,20150831,34871601655553,97534845395728,backfill,300.0,256.0,512.0,432.0,8192.0,6912.0,MIR-40400-73731-512,0,268,0,268,0,491.52,582.5422,0.0,582.5422,0.0,0.0,582.5422,MIR-40400-73731-512,0,script,-1,complete,Not capability,0% <= x < 16.7%,0% <= x < 16.7%,0,0,0,1,1,1,0,0,0,0,0,0,0,1,0,0,0.0,0
582000.mira,582000,mira,2015-08-31 08:47:18,20150831,2015-08-31 08:49:45,20150831,2015-08-31 08:54:11,20150831,34871601655553,97534845395728,backfill,300.0,266.0,512.0,432.0,8192.0,6912.0,MIR-40C80-73FB1-512,0,146,0,146,0,512.64,607.5733,0.0,605.2977,0.0,0.0,605.2977,MIR-40C80-73FB1-512,0,script,-1,complete,Not capability,0% <= x < 16.7%,0% <= x < 16.7%,0,0,0,1,1,1,0,0,0,0,0,0,0,1,0,0,0.0,0
581991.mira,581991,mira,2015-08-31 08:42:03,20150831,2015-08-31 08:50:19,20150831,2015-08-31 08:54:28,20150831,34871601655553,97534845395728,backfill,300.0,249.0,512.0,432.0,8192.0,6912.0,MIR-40C00-73F31-512,0,495,1,495,1,480.0,568.8889,0.0,566.6133,0.0,0.0,566.6133,MIR-40C00-73F31-512,0,script,-1,complete,Not capability,0% <= x < 16.7%,0% <= x < 16.7%,0,0,0,1,1,1,0,0,0,0,0,0,0,1,0,0,0.0,0
581971.mira,581971,mira,2015-08-31 08:36:50,20150831,2015-08-31 08:51:25,20150831,2015-08-31 08:55:59,20150831,34871601655553,97534845395728,backfill,300.0,274.0,512.0,432.0,8192.0,6912.0,MIR-40880-73BB1-512,0,875,2,875,2,524.16,621.2267,0.0,623.5022,0.0,0.0,623.5022,MIR-40880-73BB1-512,0,script,-1,complete,Not capability,0% <= x < 16.7%,0% <= x < 16.7%,0,0,0,1,1,1,0,0,0,0,0,0,0,1,0,0,0.0,0
581658.mira,581658,mira,2015-08-31 04:55:26,20150831,2015-08-31 08:52:02,20150831,2015-08-31 08:55:18,20150831,34871601655553,97534845395728,backfill,300.0,196.0,512.0,432.0,8192.0,6912.0,MIR-40000-73331-512,0,14196,47,14196,47,376.32,446.0089,0.0,446.0088,0.0,0.0,446.0088,MIR-40000-73331-512,0,script,-1,complete,Not capability,0% <= x < 16.7%,0% <= x < 16.7%,0,0,0,1,1,1,0,0,0,0,0,0,0,1,0,0,0.0,0
581979.mira,581979,mira,2015-08-31 08:39:58,20150831,2015-08-31 08:52:34,20150831,2015-08-31 08:56:43,20150831,94731157596563,34761664008145,prod-short,1800.0,249.0,2048.0,2048.0,32768.0,32768.0,MIR-00400-337F1-2048,0,757,0,757,0,2266.4533,2266.4533,0.0,2266.4533,0.0,0.0,2266.4533,MIR-00400-337F1-2048,0,c16,-1,complete,Not capability,0% <= x < 16.7%,0% <= x < 16.7%,0,0,0,1,1,1,0,0,0,0,0,0,0,1,0,0,0.0,0
582008.mira,582008,mira,2015-08-31 08:52:31,20150831,2015-08-31 08:54:58,20150831,2015-08-31 08:58:42,20150831,34871601655553,97534845395728,backfill,300.0,224.0,512.0,432.0,8192.0,6912.0,MIR-40C80-73FB1-512,0,147,0,147,0,428.16,507.4489,0.0,509.7244,0.0,0.0,509.7244,MIR-40C80-73FB1-512,0,script,-1,complete,Not capability,0% <= x < 16.7%,0% <= x < 16.7%,0,0,0,1,1,1,0,0,0,0,0,0,0,1,0,0,0.0,0
581468.mira,581468,mira,2015-08-31 00:44:51,20150831,2015-08-31 08:55:28,20150831,2015-08-31 08:59:21,20150831,34871601655553,97534845395728,backfill,300.0,233.0,512.0,432.0,8192.0,6912.0,MIR-40C40-73F71-512,0,29437,98,29437,98,449.28,532.48,0.0,530.2044,0.0,0.0,530.2044,MIR-40C40-73F71-512,0,script,-1,complete,Not capability,0% <= x < 16.7%,0% <= x < 16.7%,0,0,0,1,1,1,0,0,0,0,0,0,0,1,0,0,0.0,0
581424.mira,581424,mira,2015-08-30 23:55:21,20150830,2015-08-31 08:56:01,20150831,2015-08-31 08:58:41,20150831,34871601655553,97534845395728,backfill,300.0,160.0,512.0,432.0,8192.0,6912.0,MIR-40080-733B1-512,0,32439,108,32439,108,309.12,366.3644,0.0,364.0888,0.0,0.0,364.0888,MIR-40080-733B1-512,0,script,-1,complete,Not capability,0% <= x < 16.7%,0% <= x < 16.7%,0,0,0,1,1,1,0,0,0,0,0,0,0,1,0,0,0.0,0
581302.mira,581302,mira,2015-08-30 21:59:33,20150830,2015-08-31 08:56:32,20150831,2015-08-31 08:59:36,20150831,34871601655553,97534845395728,backfill,300.0,184.0,512.0,432.0,8192.0,6912.0,MIR-408C0-73BF1-512,0,39420,131,39420,131,353.28,418.7022,0.0,418.7022,0.0,0.0,418.7022,MIR-408C0-73BF1-512,0,script,-1,complete,Not capability,0% <= x < 16.7%,0% <= x < 16.7%,0,0,0,1,1,1,0,0,0,0,0,0,0,1,0,0,0.0,0
581300.mira,581300,mira,2015-08-30 21:59:05,20150830,2015-08-31 08:57:03,20150831,2015-08-31 09:00:49,20150831,34871601655553,97534845395728,backfill,300.0,226.0,512.0,432.0,8192.0,6912.0,MIR-00480-337B1-512,0,39478,131,39478,131,433.92,514.2756,0.0,514.2755,0.0,0.0,514.2755,MIR-00480-337B1-512,0,script,-1,complete,Not capability,0% <= x < 16.7%,0% <= x < 16.7%,0,0,0,1,1,1,0,0,0,0,0,0,0,1,0,0,0.0,0
566118.mira,566118,mira,2015-08-21 16:22:28,20150821,2015-08-31 08:58:33,20150831,2015-08-31 11:20:55,20150831,88781968359268,902672531503,backfill,14400.0,8542.0,4096.0,4096.0,65536.0,65536.0,MIR-48000-7B7F1-4096,0,837364,58,837364,58,155556.9778,155556.9778,0.0,155502.3644,0.0,0.0,155502.3644,MIR-48000-7B7F1-4096,0,script,-1,complete,Not capability,0% <= x < 16.7%,0% <= x < 16.7%,0,0,0,1,1,1,0,0,0,0,0,0,0,1,0,0,0.0,0
582021.mira,582021,mira,2015-08-31 08:57:54,20150831,2015-08-31 08:59:37,20150831,2015-08-31 09:04:33,20150831,34871601655553,97534845395728,backfill,300.0,296.0,512.0,432.0,8192.0,6912.0,MIR-40C80-73FB1-512,0,71,0,103,0,568.32,673.5644,0.0,673.5644,0.0,0.0,673.5644,MIR-40C80-73FB1-512,0,script,-1,complete,Not capability,0% <= x < 16.7%,0% <= x < 16.7%,0,0,0,1,1,1,0,0,0,0,0,0,0,1,0,0,0.0,0
582020.mira,582020,mira,2015-08-31 08:57:46,20150831,2015-08-31 09:00:17,20150831,2015-08-31 09:03:54,20150831,34871601655553,97534845395728,backfill,300.0,217.0,512.0,432.0,8192.0,6912.0,MIR-40C00-73F31-512,0,112,0,151,0,416.64,493.7956,0.0,493.7955,0.0,0.0,493.7955,MIR-40C00-73F31-512,0,script,-1,complete,Not capability,0% <= x < 16.7%,0% <= x < 16.7%,0,0,0,1,1,1,0,0,0,0,0,0,0,1,0,0,0.0,0
582019.mira,582019,mira,2015-08-31 08:57:41,20150831,2015-08-31 09:00:48,20150831,2015-08-31 09:05:19,20150831,34871601655553,97534845395728,backfill,300.0,271.0,512.0,432.0,8192.0,6912.0,MIR-40880-73BB1-512,0,142,0,186,0,522.24,618.9511,0.0,616.6755,0.0,0.0,616.6755,MIR-40880-73BB1-512,0,script,-1,complete,Not capability,0% <= x < 16.7%,0% <= x < 16.7%,0,0,0,1,1,1,0,0,0,0,0,0,0,1,0,0,0.0,0
582022.mira,582022,mira,2015-08-31 08:58:09,20150831,2015-08-31 09:01:23,20150831,2015-08-31 09:05:49,20150831,34871601655553,97534845395728,backfill,300.0,266.0,512.0,432.0,8192.0,6912.0,MIR-40480-737B1-512,0,178,0,195,0,510.72,605.2978,0.0,605.2977,0.0,0.0,605.2977,MIR-40480-737B1-512,0,script,-1,complete,Not capability,0% <= x < 16.7%,0% <= x < 16.7%,0,0,0,1,1,1,0,0,0,0,0,0,0,1,0,0,0.0,0
581301.mira,581301,mira,2015-08-30 21:59:28,20150830,2015-08-31 09:01:52,20150831,2015-08-31 09:04:47,20150831,34871601655553,97534845395728,backfill,300.0,175.0,512.0,432.0,8192.0,6912.0,MIR-00400-33731-512,0,39664,132,39745,132,336.0,398.2222,0.0,398.2222,0.0,0.0,398.2222,MIR-00400-33731-512,0,script,-1,complete,Not capability,0% <= x < 16.7%,0% <= x < 16.7%,0,0,0,1,1,1,0,0,0,0,0,0,0,1,0,0,0.0,0
564115.mira,564115,mira,2015-08-20 04:08:36,20150820,2015-08-31 09:03:37,20150831,2015-08-31 12:04:43,20150831,94435408522577,902672531503,backfill-1024-torus,10800.0,10866.0,1024.0,1024.0,16384.0,16384.0,MIR-00C80-33FF1-1024,143,795073,73,968101,89,49452.3733,49452.3733,0.0,49452.3733,0.0,0.0,49452.3733,MIR-00C80-33FF1-1024,143,script,-1,complete,Not capability,0% <= x < 16.7%,0% <= x < 16.7%,0,0,0,1,1,1,0,0,0,0,0,0,0,1,0,0,0.0,0
582033.mira,582033,mira,2015-08-31 09:04:18,20150831,2015-08-31 09:04:45,20150831,2015-08-31 09:08:05,20150831,34871601655553,97534845395728,backfill,300.0,200.0,512.0,432.0,8192.0,6912.0,MIR-40C80-73FB1-512,0,26,0,26,0,385.92,457.3867,0.0,455.1111,0.0,0.0,455.1111,MIR-40C80-73FB1-512,0,script,-1,complete,Not capability,0% <= x < 16.7%,0% <= x < 16.7%,0,0,0,1,1,1,0,0,0,0,0,0,0,1,0,0,0.0,0
582034.mira,582034,mira,2015-08-31 09:04:23,20150831,2015-08-31 09:05:19,20150831,2015-08-31 09:09:07,20150831,34871601655553,97534845395728,backfill,300.0,228.0,512.0,432.0,8192.0,6912.0,MIR-40C00-73F31-512,0,55,0,55,0,437.76,518.8267,0.0,518.8266,0.0,0.0,518.8266,MIR-40C00-73F31-512,0,script,-1,complete,Not capability,0% <= x < 16.7%,0% <= x < 16.7%,0,0,0,1,1,1,0,0,0,0,0,0,0,1,0,0,0.0,0
582030.mira,582030,mira,2015-08-31 09:03:49,20150831,2015-08-31 09:05:51,20150831,2015-08-31 09:10:01,20150831,34871601655553,97534845395728,backfill,300.0,250.0,512.0,432.0,8192.0,6912.0,MIR-004C0-337F1-512,0,122,0,122,0,481.92,571.1644,0.0,568.8888,0.0,0.0,568.8888,MIR-004C0-337F1-512,0,script,-1,complete,Not capability,0% <= x < 16.7%,0% <= x < 16.7%,0,0,0,1,1,1,0,0,0,0,0,0,0,1,0,0,0.0,0
582031.mira,582031,mira,2015-08-31 09:04:09,20150831,2015-08-31 09:06:27,20150831,2015-08-31 09:10:18,20150831,34871601655553,97534845395728,backfill,300.0,231.0,512.0,432.0,8192.0,6912.0,MIR-40840-73B71-512,0,137,0,137,0,443.52,525.6533,0.0,525.6533,0.0,0.0,525.6533,MIR-40840-73B71-512,0,script,-1,complete,Not capability,0% <= x < 16.7%,0% <= x < 16.7%,0,0,0,1,1,1,0,0,0,0,0,0,0,1,0,0,0.0,0
582027.mira,582027,mira,2015-08-31 09:03:19,20150831,2015-08-31 09:06:57,20150831,2015-08-31 09:10:50,20150831,34871601655553,97534845395728,backfill,300.0,233.0,512.0,432.0,8192.0,6912.0,MIR-40400-73731-512,0,197,0,217,0,447.36,530.2044,0.0,530.2044,0.0,0.0,530.2044,MIR-40400-73731-512,0,script,-1,complete,Not capability,0% <= x < 16.7%,0% <= x < 16.7%,0,0,0,1,1,1,0,0,0,0,0,0,0,1,0,0,0.0,0
582028.mira,582028,mira,2015-08-31 09:03:43,20150831,2015-08-31 09:08:35,20150831,2015-08-31 09:13:05,20150831,34871601655553,97534845395728,backfill,300.0,270.0,512.0,432.0,8192.0,6912.0,MIR-40C80-73FB1-512,0,238,0,291,0,520.32,616.6756,0.0,614.4,0.0,0.0,614.4,MIR-40C80-73FB1-512,0,script,-1,complete,Not capability,0% <= x < 16.7%,0% <= x < 16.7%,0,0,0,1,1,1,0,0,0,0,0,0,0,1,0,0,0.0,0
582048.mira,582048,mira,2015-08-31 09:10:23,20150831,2015-08-31 09:10:44,20150831,2015-08-31 09:14:39,20150831,34871601655553,97534845395728,backfill,300.0,235.0,512.0,432.0,8192.0,6912.0,MIR-004C0-337F1-512,0,22,0,22,0,451.2,534.7556,0.0,534.7555,0.0,0.0,534.7555,MIR-004C0-337F1-512,0,script,-1,complete,Not capability,0% <= x < 16.7%,0% <= x < 16.7%,0,0,0,1,1,1,0,0,0,0,0,0,0,1,0,0,0.0,0
582051.mira,582051,mira,2015-08-31 09:10:34,20150831,2015-08-31 09:11:18,20150831,2015-08-31 09:14:39,20150831,34871601655553,97534845395728,backfill,300.0,201.0,512.0,432.0,8192.0,6912.0,MIR-00C00-33F31-512,0,45,0,45,0,385.92,457.3867,0.0,457.3866,0.0,0.0,457.3866,MIR-00C00-33F31-512,0,script,-1,complete,Not capability,0% <= x < 16.7%,0% <= x < 16.7%,0,0,0,1,1,1,0,0,0,0,0,0,0,1,0,0,0.0,0
582049.mira,582049,mira,2015-08-31 09:10:28,20150831,2015-08-31 09:13:33,20150831,2015-08-31 09:16:45,20150831,34871601655553,97534845395728,backfill,300.0,192.0,512.0,432.0,8192.0,6912.0,MIR-08CC0-3BFF1-512,0,186,0,186,0,368.64,436.9067,0.0,436.9066,0.0,0.0,436.9066,MIR-08CC0-3BFF1-512,0,script,-1,complete,Not capability,0% <= x < 16.7%,0% <= x < 16.7%,0,0,0,1,1,1,0,0,0,0,0,0,0,1,0,0,0.0,0
582047.mira,582047,mira,2015-08-31 09:10:16,20150831,2015-08-31 09:14:45,20150831,2015-08-31 09:17:53,20150831,34871601655553,97534845395728,backfill,300.0,188.0,512.0,432.0,8192.0,6912.0,MIR-48C40-7BF71-512,0,268,0,268,0,366.72,434.6311,0.0,427.8044,0.0,0.0,427.8044,MIR-48C40-7BF71-512,0,script,-1,complete,Not capability,0% <= x < 16.7%,0% <= x < 16.7%,0,0,0,1,1,1,0,0,0,0,0,0,0,1,0,0,0.0,0
582046.mira,582046,mira,2015-08-31 09:10:11,20150831,2015-08-31 09:15:16,20150831,2015-08-31 09:19:10,20150831,34871601655553,97534845395728,backfill,300.0,234.0,512.0,432.0,8192.0,6912.0,MIR-48C00-7BF31-512,0,304,1,304,1,451.2,534.7556,0.0,532.48,0.0,0.0,532.48,MIR-48C00-7BF31-512,0,script,-1,complete,Not capability,0% <= x < 16.7%,0% <= x < 16.7%,0,0,0,1,1,1,0,0,0,0,0,0,0,1,0,0,0.0,0
582044.mira,582044,mira,2015-08-31 09:09:53,20150831,2015-08-31 09:15:53,20150831,2015-08-31 09:19:10,20150831,34871601655553,97534845395728,backfill,300.0,197.0,512.0,432.0,8192.0,6912.0,MIR-00C00-33F31-512,0,360,1,360,1,378.24,448.2844,0.0,448.2844,0.0,0.0,448.2844,MIR-00C00-33F31-512,0,script,-1,complete,Not capability,0% <= x < 16.7%,0% <= x < 16.7%,0,0,0,1,1,1,0,0,0,0,0,0,0,1,0,0,0.0,0
582059.mira,582059,mira,2015-08-31 09:16:01,20150831,2015-08-31 09:16:25,20150831,2015-08-31 09:19:11,20150831,34871601655553,97534845395728,backfill,300.0,166.0,512.0,432.0,8192.0,6912.0,MIR-00480-337B1-512,0,23,0,23,0,318.72,377.7422,0.0,377.7422,0.0,0.0,377.7422,MIR-00480-337B1-512,0,script,-1,complete,Not capability,0% <= x < 16.7%,0% <= x < 16.7%,0,0,0,1,1,1,0,0,0,0,0,0,0,1,0,0,0.0,0
582061.mira,582061,mira,2015-08-31 09:16:13,20150831,2015-08-31 09:17:49,20150831,2015-08-31 09:21:58,20150831,34871601655553,97534845395728,backfill,300.0,249.0,512.0,432.0,8192.0,6912.0,MIR-08CC0-3BFF1-512,0,93,0,96,0,480.0,568.8889,0.0,566.6133,0.0,0.0,566.6133,MIR-08CC0-3BFF1-512,0,script,-1,complete,Not capability,0% <= x < 16.7%,0% <= x < 16.7%,0,0,0,1,1,1,0,0,0,0,0,0,0,1,0,0,0.0,0
580759.mira,580759,mira,2015-08-30 16:01:23,20150830,2015-08-31 09:18:54,20150831,2015-08-31 10:32:10,20150831,50394197576862,38970600412679,prod-capability,10800.0,4396.0,8192.0,8192.0,131072.0,131072.0,MIR-40000-73FF1-8192,0,62251,5,62251,5,160017.0667,160017.0667,160053.4755,0.0,0.0,160053.4755,0.0,MIR-40000-73FF1-8192,0,script,-1,complete,Capability,16.7% <= x < 33.3%,16.7% <= x < 33.3%,0,8,0,0,8,0,1,0,0,0,0,0,1,0,0,0,0.0,0
582058.mira,582058,mira,2015-08-31 09:15:58,20150831,2015-08-31 09:19:26,20150831,2015-08-31 09:22:15,20150831,34871601655553,97534845395728,backfill,300.0,169.0,512.0,432.0,8192.0,6912.0,MIR-48C40-7BF71-512,0,200,0,209,0,326.4,386.8444,0.0,384.5688,0.0,0.0,384.5688,MIR-48C40-7BF71-512,0,script,-1,complete,Not capability,0% <= x < 16.7%,0% <= x < 16.7%,0,0,0,1,1,1,0,0,0,0,0,0,0,1,0,0,0.0,0
582057.mira,582057,mira,2015-08-31 09:15:53,20150831,2015-08-31 09:20:02,20150831,2015-08-31 09:23:32,20150831,34871601655553,97534845395728,backfill,300.0,210.0,512.0,432.0,8192.0,6912.0,MIR-48C00-7BF31-512,0,239,0,249,0,403.2,477.8667,0.0,477.8666,0.0,0.0,477.8666,MIR-48C00-7BF31-512,0,script,-1,complete,Not capability,0% <= x < 16.7%,0% <= x < 16.7%,0,0,0,1,1,1,0,0,0,0,0,0,0,1,0,0,0.0,0
582045.mira,582045,mira,2015-08-31 09:10:01,20150831,2015-08-31 09:20:47,20150831,2015-08-31 09:24:04,20150831,34871601655553,97534845395728,backfill,300.0,197.0,512.0,432.0,8192.0,6912.0,MIR-00C00-33F31-512,0,637,2,647,2,376.32,446.0089,0.0,448.2844,0.0,0.0,448.2844,MIR-00C00-33F31-512,0,script,-1,complete,Not capability,0% <= x < 16.7%,0% <= x < 16.7%,0,0,0,1,1,1,0,0,0,0,0,0,0,1,0,0,0.0,0
582043.mira,582043,mira,2015-08-31 09:09:48,20150831,2015-08-31 09:21:20,20150831,2015-08-31 09:25:54,20150831,34871601655553,97534845395728,backfill,300.0,274.0,512.0,432.0,8192.0,6912.0,MIR-00400-33731-512,0,683,2,693,2,526.08,623.5022,0.0,623.5022,0.0,0.0,623.5022,MIR-00400-33731-512,0,script,-1,complete,Not capability,0% <= x < 16.7%,0% <= x < 16.7%,0,0,0,1,1,1,0,0,0,0,0,0,0,1,0,0,0.0,0
582073.mira,582073,mira,2015-08-31 09:21:27,20150831,2015-08-31 09:22:07,20150831,2015-08-31 09:26:11,20150831,34871601655553,97534845395728,backfill,300.0,244.0,512.0,432.0,8192.0,6912.0,MIR-08C40-3BF71-512,0,39,0,39,0,470.4,557.5111,0.0,555.2355,0.0,0.0,555.2355,MIR-08C40-3BF71-512,0,script,-1,complete,Not capability,0% <= x < 16.7%,0% <= x < 16.7%,0,0,0,1,1,1,0,0,0,0,0,0,0,1,0,0,0.0,0
582079.mira,582079,mira,2015-08-31 09:22:39,20150831,2015-08-31 09:23:53,20150831,2015-08-31 09:26:57,20150831,34871601655553,97534845395728,backfill,300.0,184.0,512.0,432.0,8192.0,6912.0,MIR-48C40-7BF71-512,0,73,0,73,0,357.12,423.2533,0.0,418.7022,0.0,0.0,418.7022,MIR-48C40-7BF71-512,0,script,-1,complete,Not capability,0% <= x < 16.7%,0% <= x < 16.7%,0,0,0,1,1,1,0,0,0,0,0,0,0,1,0,0,0.0,0
582078.mira,582078,mira,2015-08-31 09:22:30,20150831,2015-08-31 09:24:23,20150831,2015-08-31 09:27:51,20150831,34871601655553,97534845395728,backfill,300.0,208.0,512.0,432.0,8192.0,6912.0,MIR-48C00-7BF31-512,0,113,0,113,0,401.28,475.5911,0.0,473.3155,0.0,0.0,473.3155,MIR-48C00-7BF31-512,0,script,-1,complete,Not capability,0% <= x < 16.7%,0% <= x < 16.7%,0,0,0,1,1,1,0,0,0,0,0,0,0,1,0,0,0.0,0
582077.mira,582077,mira,2015-08-31 09:22:21,20150831,2015-08-31 09:25:01,20150831,2015-08-31 09:28:08,20150831,34871601655553,97534845395728,backfill,300.0,187.0,512.0,432.0,8192.0,6912.0,MIR-00C00-33F31-512,0,159,0,159,0,360.96,427.8044,0.0,425.5288,0.0,0.0,425.5288,MIR-00C00-33F31-512,0,script,-1,complete,Not capability,0% <= x < 16.7%,0% <= x < 16.7%,0,0,0,1,1,1,0,0,0,0,0,0,0,1,0,0,0.0,0
582076.mira,582076,mira,2015-08-31 09:22:13,20150831,2015-08-31 09:25:55,20150831,2015-08-31 09:30:14,20150831,34871601655553,97534845395728,backfill,300.0,259.0,512.0,432.0,8192.0,6912.0,MIR-08CC0-3BFF1-512,0,195,0,221,0,499.2,591.6444,0.0,589.3688,0.0,0.0,589.3688,MIR-08CC0-3BFF1-512,0,script,-1,complete,Not capability,0% <= x < 16.7%,0% <= x < 16.7%,0,0,0,1,1,1,0,0,0,0,0,0,0,1,0,0,0.0,0
582075.mira,582075,mira,2015-08-31 09:21:58,20150831,2015-08-31 09:26:35,20150831,2015-08-31 09:29:46,20150831,34871601655553,97534845395728,backfill,300.0,191.0,512.0,432.0,8192.0,6912.0,MIR-00480-337B1-512,0,246,0,277,0,366.72,434.6311,0.0,434.6311,0.0,0.0,434.6311,MIR-00480-337B1-512,0,script,-1,complete,Not capability,0% <= x < 16.7%,0% <= x < 16.7%,0,0,0,1,1,1,0,0,0,0,0,0,0,1,0,0,0.0,0
582074.mira,582074,mira,2015-08-31 09:21:32,20150831,2015-08-31 09:27:29,20150831,2015-08-31 09:30:31,20150831,34871601655553,97534845395728,backfill,300.0,182.0,512.0,432.0,8192.0,6912.0,MIR-48C40-7BF71-512,0,303,1,356,1,351.36,416.4267,0.0,414.1511,0.0,0.0,414.1511,MIR-48C40-7BF71-512,0,script,-1,complete,Not capability,0% <= x < 16.7%,0% <= x < 16.7%,0,0,0,1,1,1,0,0,0,0,0,0,0,1,0,0,0.0,0
582084.mira,582084,mira,2015-08-31 09:28:12,20150831,2015-08-31 09:28:33,20150831,2015-08-31 09:32:05,20150831,34871601655553,97534845395728,backfill,300.0,212.0,512.0,432.0,8192.0,6912.0,MIR-48C00-7BF31-512,0,21,0,21,0,407.04,482.4178,0.0,482.4177,0.0,0.0,482.4177,MIR-48C00-7BF31-512,0,script,-1,complete,Not capability,0% <= x < 16.7%,0% <= x < 16.7%,0,0,0,1,1,1,0,0,0,0,0,0,0,1,0,0,0.0,0
582088.mira,582088,mira,2015-08-31 09:28:42,20150831,2015-08-31 09:29:07,20150831,2015-08-31 09:32:06,20150831,34871601655553,97534845395728,backfill,300.0,179.0,512.0,432.0,8192.0,6912.0,MIR-00C00-33F31-512,0,24,0,24,0,345.6,409.6,0.0,407.3244,0.0,0.0,407.3244,MIR-00C00-33F31-512,0,script,-1,complete,Not capability,0% <= x < 16.7%,0% <= x < 16.7%,0,0,0,1,1,1,0,0,0,0,0,0,0,1,0,0,0.0,0
582090.mira,582090,mira,2015-08-31 09:29:02,20150831,2015-08-31 09:30:16,20150831,2015-08-31 09:33:34,20150831,34871601655553,97534845395728,backfill,300.0,198.0,512.0,432.0,8192.0,6912.0,MIR-00400-33731-512,0,57,0,74,0,382.08,452.8356,0.0,450.56,0.0,0.0,450.56,MIR-00400-33731-512,0,script,-1,complete,Not capability,0% <= x < 16.7%,0% <= x < 16.7%,0,0,0,1,1,1,0,0,0,0,0,0,0,1,0,0,0.0,0
582089.mira,582089,mira,2015-08-31 09:28:48,20150831,2015-08-31 09:30:53,20150831,2015-08-31 09:34:02,20150831,34871601655553,97534845395728,backfill,300.0,189.0,512.0,432.0,8192.0,6912.0,MIR-08CC0-3BFF1-512,0,108,0,125,0,362.88,430.08,0.0,430.08,0.0,0.0,430.08,MIR-08CC0-3BFF1-512,0,script,-1,complete,Not capability,0% <= x < 16.7%,0% <= x < 16.7%,0,0,0,1,1,1,0,0,0,0,0,0,0,1,0,0,0.0,0
582087.mira,582087,mira,2015-08-31 09:28:33,20150831,2015-08-31 09:31:24,20150831,2015-08-31 09:35:25,20150831,34871601655553,97534845395728,backfill,300.0,241.0,512.0,432.0,8192.0,6912.0,MIR-48C40-7BF71-512,0,153,0,170,0,464.64,550.6844,0.0,548.4088,0.0,0.0,548.4088,MIR-48C40-7BF71-512,0,script,-1,complete,Not capability,0% <= x < 16.7%,0% <= x < 16.7%,0,0,0,1,1,1,0,0,0,0,0,0,0,1,0,0,0.0,0
582085.mira,582085,mira,2015-08-31 09:28:17,20150831,2015-08-31 09:32:25,20150831,2015-08-31 09:36:12,20150831,34871601655553,97534845395728,backfill,300.0,227.0,512.0,432.0,8192.0,6912.0,MIR-00000-33331-512,0,206,0,248,0,435.84,516.5511,0.0,516.5511,0.0,0.0,516.5511,MIR-00000-33331-512,0,script,-1,complete,Not capability,0% <= x < 16.7%,0% <= x < 16.7%,0,0,0,1,1,1,0,0,0,0,0,0,0,1,0,0,0.0,0
579763.mira,579763,mira,2015-08-30 04:21:18,20150830,2015-08-31 09:32:55,20150831,2015-08-31 12:29:25,20150831,96189774897037,73414259670960,prod-short,10800.0,10590.0,512.0,512.0,8192.0,8192.0,MIR-48C00-7BF31-512,0,74,0,105098,9,24098.1333,24098.1333,0.0,24098.1333,0.0,0.0,24098.1333,MIR-48C00-7BF31-512,0,script,-1,complete,Not capability,0% <= x < 16.7%,0% <= x < 16.7%,8,0,0,0,8,0,0,0,1,1,0,0,0,0,0,0,0.0,0
582083.mira,582083,mira,2015-08-31 09:28:07,20150831,2015-08-31 09:33:25,20150831,2015-08-31 09:36:31,20150831,34871601655553,97534845395728,backfill,300.0,186.0,512.0,432.0,8192.0,6912.0,MIR-00C00-33F31-512,0,276,0,318,1,357.12,423.2533,0.0,423.2533,0.0,0.0,423.2533,MIR-00C00-33F31-512,0,script,-1,complete,Not capability,0% <= x < 16.7%,0% <= x < 16.7%,0,0,0,1,1,1,0,0,0,0,0,0,0,1,0,0,0.0,0
581291.mira,581291,mira,2015-08-30 21:53:02,20150830,2015-08-31 09:34:02,20150831,2015-08-31 09:37:11,20150831,34871601655553,97534845395728,backfill,300.0,189.0,512.0,432.0,8192.0,6912.0,MIR-00880-33BB1-512,0,41619,138,42059,140,364.8,432.3556,0.0,430.08,0.0,0.0,430.08,MIR-00880-33BB1-512,0,script,-1,complete,Not capability,0% <= x < 16.7%,0% <= x < 16.7%,0,0,0,1,1,1,0,0,0,0,0,0,0,1,0,0,0.0,0
582101.mira,582101,mira,2015-08-31 09:34:13,20150831,2015-08-31 09:34:38,20150831,2015-08-31 09:37:44,20150831,34871601655553,97534845395728,backfill,300.0,186.0,512.0,432.0,8192.0,6912.0,MIR-004C0-337F1-512,0,24,0,24,0,359.04,425.5289,0.0,423.2533,0.0,0.0,423.2533,MIR-004C0-337F1-512,0,script,-1,complete,Not capability,0% <= x < 16.7%,0% <= x < 16.7%,0,0,0,1,1,1,0,0,0,0,0,0,0,1,0,0,0.0,0
582104.mira,582104,mira,2015-08-31 09:34:39,20150831,2015-08-31 09:35:25,20150831,2015-08-31 09:39:46,20150831,34871601655553,97534845395728,backfill,300.0,261.0,512.0,432.0,8192.0,6912.0,MIR-48C40-7BF71-512,0,25,0,47,0,499.2,591.6444,0.0,593.92,0.0,0.0,593.92,MIR-48C40-7BF71-512,0,script,-1,complete,Not capability,0% <= x < 16.7%,0% <= x < 16.7%,0,0,0,1,1,1,0,0,0,0,0,0,0,1,0,0,0.0,0
582109.mira,582109,mira,2015-08-31 09:35:21,20150831,2015-08-31 09:36:47,20150831,2015-08-31 09:40:18,20150831,34871601655553,97534845395728,backfill,300.0,211.0,512.0,432.0,8192.0,6912.0,MIR-00000-33331-512,0,62,0,85,0,405.12,480.1422,0.0,480.1422,0.0,0.0,480.1422,MIR-00000-33331-512,0,script,-1,complete,Not capability,0% <= x < 16.7%,0% <= x < 16.7%,0,0,0,1,1,1,0,0,0,0,0,0,0,1,0,0,0.0,0
582111.mira,582111,mira,2015-08-31 09:35:36,20150831,2015-08-31 09:37:34,20150831,2015-08-31 09:41:17,20150831,34871601655553,97534845395728,backfill,300.0,223.0,512.0,432.0,8192.0,6912.0,MIR-00C00-33F31-512,0,105,0,118,0,428.16,507.4489,0.0,507.4488,0.0,0.0,507.4488,MIR-00C00-33F31-512,0,script,-1,complete,Not capability,0% <= x < 16.7%,0% <= x < 16.7%,0,0,0,1,1,1,0,0,0,0,0,0,0,1,0,0,0.0,0
582110.mira,582110,mira,2015-08-31 09:35:31,20150831,2015-08-31 09:38:27,20150831,2015-08-31 09:42:27,20150831,34871601655553,97534845395728,backfill,300.0,240.0,512.0,432.0,8192.0,6912.0,MIR-00880-33BB1-512,0,157,0,175,0,462.72,548.4089,0.0,546.1333,0.0,0.0,546.1333,MIR-00880-33BB1-512,0,script,-1,complete,Not capability,0% <= x < 16.7%,0% <= x < 16.7%,0,0,0,1,1,1,0,0,0,0,0,0,0,1,0,0,0.0,0
582107.mira,582107,mira,2015-08-31 09:35:02,20150831,2015-08-31 09:39:02,20150831,2015-08-31 09:42:09,20150831,34871601655553,97534845395728,backfill,300.0,187.0,512.0,432.0,8192.0,6912.0,MIR-08C40-3BF71-512,0,217,0,240,0,360.96,427.8044,0.0,425.5288,0.0,0.0,425.5288,MIR-08C40-3BF71-512,0,script,-1,complete,Not capability,0% <= x < 16.7%,0% <= x < 16.7%,0,0,0,1,1,1,0,0,0,0,0,0,0,1,0,0,0.0,0
576810.mira,576810,mira,2015-08-28 19:13:09,20150828,2015-08-31 09:39:45,20150831,2015-08-31 12:37:29,20150831,96189774897037,73414259670960,prod-short,10800.0,10664.0,512.0,512.0,8192.0,8192.0,MIR-080C0-3B3F1-512,0,176,0,224796,20,24268.8,24268.8,0.0,24266.5244,0.0,0.0,24266.5244,MIR-080C0-3B3F1-512,0,script,-1,complete,Not capability,0% <= x < 16.7%,0% <= x < 16.7%,8,0,0,0,8,0,0,0,1,1,0,0,0,0,0,0,0.0,0
579759.mira,579759,mira,2015-08-30 04:18:43,20150830,2015-08-31 09:40:18,20150831,2015-08-31 12:39:11,20150831,96189774897037,73414259670960,prod-short,10800.0,10733.0,512.0,512.0,8192.0,8192.0,MIR-48C40-7BF71-512,0,95,0,105696,9,24423.5378,24423.5378,0.0,24423.5377,0.0,0.0,24423.5377,MIR-48C40-7BF71-512,0,script,-1,complete,Not capability,0% <= x < 16.7%,0% <= x < 16.7%,8,0,0,0,8,0,0,0,1,1,0,0,0,0,0,0,0.0,0
582105.mira,582105,mira,2015-08-31 09:34:44,20150831,2015-08-31 09:40:48,20150831,2015-08-31 09:44:10,20150831,34871601655553,97534845395728,backfill,300.0,202.0,512.0,432.0,8192.0,6912.0,MIR-08080-3B3B1-512,0,311,1,364,1,387.84,459.6622,0.0,459.6622,0.0,0.0,459.6622,MIR-08080-3B3B1-512,0,script,-1,complete,Not capability,0% <= x < 16.7%,0% <= x < 16.7%,0,0,0,1,1,1,0,0,0,0,0,0,0,1,0,0,0.0,0
582114.mira,582114,mira,2015-08-31 09:40:55,20150831,2015-08-31 09:41:21,20150831,2015-08-31 09:44:27,20150831,34871601655553,97534845395728,backfill,300.0,186.0,512.0,432.0,8192.0,6912.0,MIR-00000-33331-512,0,26,0,26,0,357.12,423.2533,0.0,423.2533,0.0,0.0,423.2533,MIR-00000-33331-512,0,script,-1,complete,Not capability,0% <= x < 16.7%,0% <= x < 16.7%,0,0,0,1,1,1,0,0,0,0,0,0,0,1,0,0,0.0,0
582115.mira,582115,mira,2015-08-31 09:41:00,20150831,2015-08-31 09:41:50,20150831,2015-08-31 09:44:45,20150831,34871601655553,97534845395728,backfill,300.0,175.0,512.0,432.0,8192.0,6912.0,MIR-00C00-33F31-512,0,51,0,51,0,334.08,395.9467,0.0,398.2222,0.0,0.0,398.2222,MIR-00C00-33F31-512,0,script,-1,complete,Not capability,0% <= x < 16.7%,0% <= x < 16.7%,0,0,0,1,1,1,0,0,0,0,0,0,0,1,0,0,0.0,0
582122.mira,582122,mira,2015-08-31 09:41:59,20150831,2015-08-31 09:42:33,20150831,2015-08-31 09:45:10,20150831,34871601655553,97534845395728,backfill,300.0,157.0,512.0,432.0,8192.0,6912.0,MIR-08C00-3BF31-512,0,34,0,34,0,303.36,359.5378,0.0,357.2622,0.0,0.0,357.2622,MIR-08C00-3BF31-512,0,script,-1,complete,Not capability,0% <= x < 16.7%,0% <= x < 16.7%,0,0,0,1,1,1,0,0,0,0,0,0,0,1,0,0,0.0,0
582123.mira,582123,mira,2015-08-31 09:42:03,20150831,2015-08-31 09:43:03,20150831,2015-08-31 09:46:23,20150831,34871601655553,97534845395728,backfill,300.0,200.0,512.0,432.0,8192.0,6912.0,MIR-008C0-33BF1-512,0,59,0,59,0,384.0,455.1111,0.0,455.1111,0.0,0.0,455.1111,MIR-008C0-33BF1-512,0,script,-1,complete,Not capability,0% <= x < 16.7%,0% <= x < 16.7%,0,0,0,1,1,1,0,0,0,0,0,0,0,1,0,0,0.0,0
582129.mira,582129,mira,2015-08-31 09:43:50,20150831,2015-08-31 09:44:38,20150831,2015-08-31 09:47:38,20150831,94731157596563,34761664008145,prod-short,1800.0,180.0,2048.0,2028.0,32768.0,32448.0,MIR-00400-337F1-2048,0,47,0,47,0,1631.4133,1647.5022,0.0,1638.4,0.0,0.0,1638.4,MIR-00400-337F1-2048,0,c16,-1,complete,Not capability,0% <= x < 16.7%,0% <= x < 16.7%,0,0,0,1,1,1,0,0,0,0,0,0,0,1,0,0,0.0,0
582134.mira,582134,mira,2015-08-31 09:44:26,20150831,2015-08-31 09:45:10,20150831,2015-08-31 09:47:38,20150831,94731157596563,34761664008145,prod-short,1800.0,148.0,512.0,507.0,8192.0,8112.0,MIR-00000-33331-512,0,44,0,44,0,333.4933,336.7822,0.0,336.7822,0.0,0.0,336.7822,MIR-00000-33331-512,0,c16,-1,complete,Not capability,0% <= x < 16.7%,0% <= x < 16.7%,0,0,0,1,1,1,0,0,0,0,0,0,0,1,0,0,0.0,0
582119.mira,582119,mira,2015-08-31 09:41:32,20150831,2015-08-31 09:45:43,20150831,2015-08-31 09:48:17,20150831,34871601655553,97534845395728,backfill,300.0,154.0,512.0,432.0,8192.0,6912.0,MIR-08080-3B3B1-512,0,203,0,252,0,295.68,350.4356,0.0,350.4355,0.0,0.0,350.4355,MIR-08080-3B3B1-512,0,script,-1,complete,Not capability,0% <= x < 16.7%,0% <= x < 16.7%,0,0,0,1,1,1,0,0,0,0,0,0,0,1,0,0,0.0,0
582137.mira,582137,mira,2015-08-31 09:44:38,20150831,2015-08-31 09:46:22,20150831,2015-08-31 09:48:34,20150831,94731157596563,34761664008145,prod-short,1800.0,132.0,1024.0,972.0,16384.0,15552.0,MIR-00880-33BF1-1-1024,0,104,0,104,0,570.24,600.7467,0.0,600.7466,0.0,0.0,600.7466,MIR-00880-33BF1-1-1024,0,c16,-1,complete,Not capability,0% <= x < 16.7%,0% <= x < 16.7%,0,0,0,1,1,1,0,0,0,0,0,0,0,1,0,0,0.0,0
582120.mira,582120,mira,2015-08-31 09:41:37,20150831,2015-08-31 09:46:58,20150831,2015-08-31 09:49:37,20150831,34871601655553,97534845395728,backfill,300.0,159.0,512.0,432.0,8192.0,6912.0,MIR-00C00-33F31-512,0,273,0,322,1,303.36,359.5378,0.0,361.8133,0.0,0.0,361.8133,MIR-00C00-33F31-512,0,script,-1,complete,Not capability,0% <= x < 16.7%,0% <= x < 16.7%,0,0,0,1,1,1,0,0,0,0,0,0,0,1,0,0,0.0,0
582117.mira,582117,mira,2015-08-31 09:41:17,20150831,2015-08-31 09:47:27,20150831,2015-08-31 09:50:27,20150831,34871601655553,97534845395728,backfill,300.0,180.0,512.0,432.0,8192.0,6912.0,MIR-08C00-3BF31-512,0,320,1,369,1,345.6,409.6,0.0,409.6,0.0,0.0,409.6,MIR-08C00-3BF31-512,0,script,-1,complete,Not capability,0% <= x < 16.7%,0% <= x < 16.7%,0,0,0,1,1,1,0,0,0,0,0,0,0,1,0,0,0.0,0
582145.mira,582145,mira,2015-08-31 09:47:54,20150831,2015-08-31 09:48:30,20150831,2015-08-31 09:51:13,20150831,34871601655553,97534845395728,backfill,300.0,163.0,512.0,432.0,8192.0,6912.0,MIR-00000-33331-512,0,36,0,36,0,318.72,377.7422,0.0,370.9155,0.0,0.0,370.9155,MIR-00000-33331-512,0,script,-1,complete,Not capability,0% <= x < 16.7%,0% <= x < 16.7%,0,0,0,1,1,1,0,0,0,0,0,0,0,1,0,0,0.0,0
582146.mira,582146,mira,2015-08-31 09:48:08,20150831,2015-08-31 09:49:04,20150831,2015-08-31 09:51:50,20150831,34871601655553,97534845395728,backfill,300.0,166.0,512.0,432.0,8192.0,6912.0,MIR-004C0-337F1-512,0,56,0,56,0,318.72,377.7422,0.0,377.7422,0.0,0.0,377.7422,MIR-004C0-337F1-512,0,script,-1,complete,Not capability,0% <= x < 16.7%,0% <= x < 16.7%,0,0,0,1,1,1,0,0,0,0,0,0,0,1,0,0,0.0,0
582147.mira,582147,mira,2015-08-31 09:48:13,20150831,2015-08-31 09:49:35,20150831,2015-08-31 09:53:30,20150831,34871601655553,97534845395728,backfill,300.0,235.0,512.0,432.0,8192.0,6912.0,MIR-08080-3B3B1-512,0,82,0,82,0,449.28,532.48,0.0,534.7555,0.0,0.0,534.7555,MIR-08080-3B3B1-512,0,script,-1,complete,Not capability,0% <= x < 16.7%,0% <= x < 16.7%,0,0,0,1,1,1,0,0,0,0,0,0,0,1,0,0,0.0,0
582144.mira,582144,mira,2015-08-31 09:47:45,20150831,2015-08-31 09:50:10,20150831,2015-08-31 09:52:54,20150831,34871601655553,97534845395728,backfill,300.0,164.0,512.0,432.0,8192.0,6912.0,MIR-008C0-33BF1-512,0,146,0,146,0,316.8,375.4667,0.0,373.1911,0.0,0.0,373.1911,MIR-008C0-33BF1-512,0,script,-1,complete,Not capability,0% <= x < 16.7%,0% <= x < 16.7%,0,0,0,1,1,1,0,0,0,0,0,0,0,1,0,0,0.0,0
582143.mira,582143,mira,2015-08-31 09:47:37,20150831,2015-08-31 09:50:53,20150831,2015-08-31 09:54:09,20150831,34871601655553,97534845395728,backfill,300.0,196.0,512.0,432.0,8192.0,6912.0,MIR-00C00-33F31-512,0,196,0,196,0,382.08,452.8356,0.0,446.0088,0.0,0.0,446.0088,MIR-00C00-33F31-512,0,script,-1,complete,Not capability,0% <= x < 16.7%,0% <= x < 16.7%,0,0,0,1,1,1,0,0,0,0,0,0,0,1,0,0,0.0,0
582142.mira,582142,mira,2015-08-31 09:47:31,20150831,2015-08-31 09:51:49,20150831,2015-08-31 09:56:00,20150831,34871601655553,97534845395728,backfill,300.0,251.0,512.0,432.0,8192.0,6912.0,MIR-00000-33331-512,0,237,0,258,0,481.92,571.1644,0.0,571.1644,0.0,0.0,571.1644,MIR-00000-33331-512,0,script,-1,complete,Not capability,0% <= x < 16.7%,0% <= x < 16.7%,0,0,0,1,1,1,0,0,0,0,0,0,0,1,0,0,0.0,0
582141.mira,582141,mira,2015-08-31 09:47:10,20150831,2015-08-31 09:52:31,20150831,2015-08-31 09:55:44,20150831,34871601655553,97534845395728,backfill,300.0,193.0,512.0,432.0,8192.0,6912.0,MIR-08C80-3BFB1-512,0,301,1,322,1,370.56,439.1822,0.0,439.1822,0.0,0.0,439.1822,MIR-08C80-3BFB1-512,0,script,-1,complete,Not capability,0% <= x < 16.7%,0% <= x < 16.7%,0,0,0,1,1,1,0,0,0,0,0,0,0,1,0,0,0.0,0
582103.mira,582103,mira,2015-08-31 09:34:19,20150831,2015-08-31 09:53:36,20150831,2015-08-31 09:56:30,20150831,34871601655553,97534845395728,backfill,300.0,174.0,512.0,432.0,8192.0,6912.0,MIR-00440-33771-512,0,1005,3,1157,3,337.92,400.4978,0.0,395.9466,0.0,0.0,395.9466,MIR-00440-33771-512,0,script,-1,complete,Not capability,0% <= x < 16.7%,0% <= x < 16.7%,0,0,0,1,1,1,0,0,0,0,0,0,0,1,0,0,0.0,0
582153.mira,582153,mira,2015-08-31 09:53:36,20150831,2015-08-31 09:54:04,20150831,2015-08-31 09:58:54,20150831,34871601655553,97534845395728,backfill,300.0,290.0,512.0,432.0,8192.0,6912.0,MIR-08080-3B3B1-512,0,29,0,29,0,556.8,659.9111,0.0,659.9111,0.0,0.0,659.9111,MIR-08080-3B3B1-512,0,script,-1,complete,Not capability,0% <= x < 16.7%,0% <= x < 16.7%,0,0,0,1,1,1,0,0,0,0,0,0,0,1,0,0,0.0,0
582157.mira,582157,mira,2015-08-31 09:54:08,20150831,2015-08-31 09:54:44,20150831,2015-08-31 09:59:10,20150831,34871601655553,97534845395728,backfill,300.0,266.0,512.0,432.0,8192.0,6912.0,MIR-008C0-33BF1-512,0,33,0,37,0,508.8,603.0222,0.0,605.2977,0.0,0.0,605.2977,MIR-008C0-33BF1-512,0,script,-1,complete,Not capability,0% <= x < 16.7%,0% <= x < 16.7%,0,0,0,1,1,1,0,0,0,0,0,0,0,1,0,0,0.0,0
582160.mira,582160,mira,2015-08-31 09:54:31,20150831,2015-08-31 09:55:45,20150831,2015-08-31 10:00:16,20150831,34871601655553,97534845395728,backfill,300.0,271.0,512.0,432.0,8192.0,6912.0,MIR-00C00-33F31-512,0,46,0,74,0,522.24,618.9511,0.0,616.6755,0.0,0.0,616.6755,MIR-00C00-33F31-512,0,script,-1,complete,Not capability,0% <= x < 16.7%,0% <= x < 16.7%,0,0,0,1,1,1,0,0,0,0,0,0,0,1,0,0,0.0,0
582161.mira,582161,mira,2015-08-31 09:54:45,20150831,2015-08-31 09:56:19,20150831,2015-08-31 10:01:29,20150831,34871601655553,97534845395728,backfill,300.0,310.0,512.0,432.0,8192.0,6912.0,MIR-00000-33331-512,0,66,0,94,0,595.2,705.4222,0.0,705.4222,0.0,0.0,705.4222,MIR-00000-33331-512,0,script,-1,complete,Not capability,0% <= x < 16.7%,0% <= x < 16.7%,0,0,0,1,1,1,0,0,0,0,0,0,0,1,0,0,0.0,0
582159.mira,582159,mira,2015-08-31 09:54:22,20150831,2015-08-31 09:57:04,20150831,2015-08-31 10:01:48,20150831,34871601655553,97534845395728,backfill,300.0,284.0,512.0,432.0,8192.0,6912.0,MIR-08C40-3BF71-512,0,122,0,161,0,547.2,648.5333,0.0,646.2577,0.0,0.0,646.2577,MIR-08C40-3BF71-512,0,script,-1,complete,Not capability,0% <= x < 16.7%,0% <= x < 16.7%,0,0,0,1,1,1,0,0,0,0,0,0,0,1,0,0,0.0,0
582156.mira,582156,mira,2015-08-31 09:53:52,20150831,2015-08-31 09:59:04,20150831,2015-08-31 10:04:01,20150831,34871601655553,97534845395728,backfill,300.0,297.0,512.0,432.0,8192.0,6912.0,MIR-00480-337B1-512,0,178,0,313,1,570.24,675.84,0.0,675.84,0.0,0.0,675.84,MIR-00480-337B1-512,0,script,-1,complete,Not capability,0% <= x < 16.7%,0% <= x < 16.7%,0,0,0,1,1,1,0,0,0,0,0,0,0,1,0,0,0.0,0
582154.mira,582154,mira,2015-08-31 09:53:41,20150831,2015-08-31 09:59:42,20150831,2015-08-31 10:04:45,20150831,34871601655553,97534845395728,backfill,300.0,303.0,512.0,432.0,8192.0,6912.0,MIR-08080-3B3B1-512,0,227,0,360,1,581.76,689.4933,0.0,689.4933,0.0,0.0,689.4933,MIR-08080-3B3B1-512,0,script,-1,complete,Not capability,0% <= x < 16.7%,0% <= x < 16.7%,0,0,0,1,1,1,0,0,0,0,0,0,0,1,0,0,0.0,0
582168.mira,582168,mira,2015-08-31 10:00:26,20150831,2015-08-31 10:00:51,20150831,2015-08-31 10:05:12,20150831,34871601655553,97534845395728,backfill,300.0,261.0,512.0,432.0,8192.0,6912.0,MIR-008C0-33BF1-512,0,24,0,24,0,501.12,593.92,0.0,593.92,0.0,0.0,593.92,MIR-008C0-33BF1-512,0,script,-1,complete,Not capability,0% <= x < 16.7%,0% <= x < 16.7%,0,0,0,1,1,1,0,0,0,0,0,0,0,1,0,0,0.0,0
582170.mira,582170,mira,2015-08-31 10:00:37,20150831,2015-08-31 10:01:37,20150831,2015-08-31 10:06:16,20150831,34871601655553,97534845395728,backfill,300.0,279.0,512.0,432.0,8192.0,6912.0,MIR-00C00-33F31-512,0,42,0,61,0,535.68,634.88,0.0,634.88,0.0,0.0,634.88,MIR-00C00-33F31-512,0,script,-1,complete,Not capability,0% <= x < 16.7%,0% <= x < 16.7%,0,0,0,1,1,1,0,0,0,0,0,0,0,1,0,0,0.0,0
582169.mira,582169,mira,2015-08-31 10:00:31,20150831,2015-08-31 10:02:09,20150831,2015-08-31 10:06:58,20150831,34871601655553,97534845395728,backfill,300.0,289.0,512.0,432.0,8192.0,6912.0,MIR-00000-33331-512,0,77,0,97,0,554.88,657.6356,0.0,657.6355,0.0,0.0,657.6355,MIR-00000-33331-512,0,script,-1,complete,Not capability,0% <= x < 16.7%,0% <= x < 16.7%,0,0,0,1,1,1,0,0,0,0,0,0,0,1,0,0,0.0,0
582166.mira,582166,mira,2015-08-31 09:59:56,20150831,2015-08-31 10:04:08,20150831,2015-08-31 10:08:46,20150831,34871601655553,97534845395728,backfill,300.0,278.0,512.0,432.0,8192.0,6912.0,MIR-08CC0-3BFF1-512,0,124,0,252,0,533.76,632.6044,0.0,632.6044,0.0,0.0,632.6044,MIR-08CC0-3BFF1-512,0,script,-1,complete,Not capability,0% <= x < 16.7%,0% <= x < 16.7%,0,0,0,1,1,1,0,0,0,0,0,0,0,1,0,0,0.0,0
582165.mira,582165,mira,2015-08-31 09:59:51,20150831,2015-08-31 10:04:44,20150831,2015-08-31 10:08:28,20150831,34871601655553,97534845395728,backfill,300.0,224.0,512.0,432.0,8192.0,6912.0,MIR-004C0-337F1-512,0,161,0,292,0,430.08,509.7244,0.0,509.7244,0.0,0.0,509.7244,MIR-004C0-337F1-512,0,script,-1,complete,Not capability,0% <= x < 16.7%,0% <= x < 16.7%,0,0,0,1,1,1,0,0,0,0,0,0,0,1,0,0,0.0,0
582167.mira,582167,mira,2015-08-31 10:00:13,20150831,2015-08-31 10:05:18,20150831,2015-08-31 10:09:23,20150831,34871601655553,97534845395728,backfill,300.0,245.0,512.0,432.0,8192.0,6912.0,MIR-08080-3B3B1-512,0,195,0,305,1,470.4,557.5111,0.0,557.5111,0.0,0.0,557.5111,MIR-08080-3B3B1-512,0,script,-1,complete,Not capability,0% <= x < 16.7%,0% <= x < 16.7%,0,0,0,1,1,1,0,0,0,0,0,0,0,1,0,0,0.0,0
582177.mira,582177,mira,2015-08-31 10:05:45,20150831,2015-08-31 10:06:22,20150831,2015-08-31 10:11:09,20150831,34871601655553,97534845395728,backfill,300.0,287.0,512.0,432.0,8192.0,6912.0,MIR-00880-33BB1-512,0,30,0,37,0,551.04,653.0844,0.0,653.0844,0.0,0.0,653.0844,MIR-00880-33BB1-512,0,script,-1,complete,Not capability,0% <= x < 16.7%,0% <= x < 16.7%,0,0,0,1,1,1,0,0,0,0,0,0,0,1,0,0,0.0,0
582181.mira,582181,mira,2015-08-31 10:06:23,20150831,2015-08-31 10:07:25,20150831,2015-08-31 10:11:28,20150831,34871601655553,97534845395728,backfill,300.0,243.0,512.0,432.0,8192.0,6912.0,MIR-00C00-33F31-512,0,44,0,63,0,466.56,552.96,0.0,552.96,0.0,0.0,552.96,MIR-00C00-33F31-512,0,script,-1,complete,Not capability,0% <= x < 16.7%,0% <= x < 16.7%,0,0,0,1,1,1,0,0,0,0,0,0,0,1,0,0,0.0,0
582180.mira,582180,mira,2015-08-31 10:06:07,20150831,2015-08-31 10:08:28,20150831,2015-08-31 10:13:13,20150831,34871601655553,97534845395728,backfill,300.0,285.0,512.0,432.0,8192.0,6912.0,MIR-00000-33331-512,0,92,0,142,0,545.28,646.2578,0.0,648.5333,0.0,0.0,648.5333,MIR-00000-33331-512,0,script,-1,complete,Not capability,0% <= x < 16.7%,0% <= x < 16.7%,0,0,0,1,1,1,0,0,0,0,0,0,0,1,0,0,0.0,0
581562.mira,581562,mira,2015-08-31 03:29:49,20150831,2015-08-31 10:09:00,20150831,2015-08-31 13:06:22,20150831,96189774897037,73414259670960,prod-short,10800.0,10642.0,512.0,512.0,8192.0,8192.0,MIR-48C80-7BFB1-512,0,34,0,23952,2,24216.4622,24216.4622,0.0,24216.4622,0.0,0.0,24216.4622,MIR-48C80-7BFB1-512,0,script,-1,complete,Not capability,0% <= x < 16.7%,0% <= x < 16.7%,8,0,0,0,8,0,0,0,1,1,0,0,0,0,0,0,0.0,0
582182.mira,582182,mira,2015-08-31 10:06:28,20150831,2015-08-31 10:09:34,20150831,2015-08-31 10:14:15,20150831,34871601655553,97534845395728,backfill,300.0,281.0,512.0,432.0,8192.0,6912.0,MIR-08C00-3BF31-512,0,141,0,186,0,539.52,639.4311,0.0,639.4311,0.0,0.0,639.4311,MIR-08C00-3BF31-512,0,script,-1,complete,Not capability,0% <= x < 16.7%,0% <= x < 16.7%,0,0,0,1,1,1,0,0,0,0,0,0,0,1,0,0,0.0,0
582179.mira,582179,mira,2015-08-31 10:06:02,20150831,2015-08-31 10:10:03,20150831,2015-08-31 10:14:50,20150831,34871601655553,97534845395728,backfill,300.0,287.0,512.0,432.0,8192.0,6912.0,MIR-08080-3B3B1-512,0,192,0,242,0,549.12,650.8089,0.0,653.0844,0.0,0.0,653.0844,MIR-08080-3B3B1-512,0,script,-1,complete,Not capability,0% <= x < 16.7%,0% <= x < 16.7%,0,0,0,1,1,1,0,0,0,0,0,0,0,1,0,0,0.0,0
582178.mira,582178,mira,2015-08-31 10:05:52,20150831,2015-08-31 10:11:30,20150831,2015-08-31 10:16:18,20150831,34871601655553,97534845395728,backfill,300.0,288.0,512.0,432.0,8192.0,6912.0,MIR-008C0-33BF1-512,0,242,0,338,1,554.88,657.6356,0.0,655.36,0.0,0.0,655.36,MIR-008C0-33BF1-512,0,script,-1,complete,Not capability,0% <= x < 16.7%,0% <= x < 16.7%,0,0,0,1,1,1,0,0,0,0,0,0,0,1,0,0,0.0,0
582152.mira,582152,mira,2015-08-31 09:53:25,20150831,2015-08-31 10:12:09,20150831,2015-08-31 10:16:59,20150831,34871601655553,97534845395728,backfill,300.0,290.0,512.0,432.0,8192.0,6912.0,MIR-00440-33771-512,0,724,2,1125,3,554.88,657.6356,0.0,659.9111,0.0,0.0,659.9111,MIR-00440-33771-512,0,script,-1,complete,Not capability,0% <= x < 16.7%,0% <= x < 16.7%,0,0,0,1,1,1,0,0,0,0,0,0,0,1,0,0,0.0,0
582196.mira,582196,mira,2015-08-31 10:12:30,20150831,2015-08-31 10:13:21,20150831,2015-08-31 10:17:15,20150831,34871601655553,97534845395728,backfill,300.0,234.0,512.0,432.0,8192.0,6912.0,MIR-000C0-333F1-512,0,29,0,52,0,449.28,532.48,0.0,532.48,0.0,0.0,532.48,MIR-000C0-333F1-512,0,script,-1,complete,Not capability,0% <= x < 16.7%,0% <= x < 16.7%,0,0,0,1,1,1,0,0,0,0,0,0,0,1,0,0,0.0,0
582194.mira,582194,mira,2015-08-31 10:12:13,20150831,2015-08-31 10:14:21,20150831,2015-08-31 10:18:17,20150831,34871601655553,97534845395728,backfill,300.0,236.0,512.0,432.0,8192.0,6912.0,MIR-00000-33331-512,0,55,0,129,0,451.2,534.7556,0.0,537.0311,0.0,0.0,537.0311,MIR-00000-33331-512,0,script,-1,complete,Not capability,0% <= x < 16.7%,0% <= x < 16.7%,0,0,0,1,1,1,0,0,0,0,0,0,0,1,0,0,0.0,0
582193.mira,582193,mira,2015-08-31 10:12:11,20150831,2015-08-31 10:14:58,20150831,2015-08-31 10:19:19,20150831,34871601655553,97534845395728,backfill,300.0,261.0,512.0,432.0,8192.0,6912.0,MIR-00C00-33F31-512,0,92,0,168,0,501.12,593.92,0.0,593.92,0.0,0.0,593.92,MIR-00C00-33F31-512,0,script,-1,complete,Not capability,0% <= x < 16.7%,0% <= x < 16.7%,0,0,0,1,1,1,0,0,0,0,0,0,0,1,0,0,0.0,0
582195.mira,582195,mira,2015-08-31 10:12:18,20150831,2015-08-31 10:16:41,20150831,2015-08-31 10:20:58,20150831,34871601655553,97534845395728,backfill,300.0,257.0,512.0,432.0,8192.0,6912.0,MIR-08080-3B3B1-512,0,132,0,263,0,495.36,587.0933,0.0,584.8177,0.0,0.0,584.8177,MIR-08080-3B3B1-512,0,script,-1,complete,Not capability,0% <= x < 16.7%,0% <= x < 16.7%,0,0,0,1,1,1,0,0,0,0,0,0,0,1,0,0,0.0,0
582191.mira,582191,mira,2015-08-31 10:11:46,20150831,2015-08-31 10:17:16,20150831,2015-08-31 10:21:32,20150831,34871601655553,97534845395728,backfill,300.0,256.0,512.0,432.0,8192.0,6912.0,MIR-08C80-3BFB1-512,0,191,0,330,1,493.44,584.8178,0.0,582.5422,0.0,0.0,582.5422,MIR-08C80-3BFB1-512,0,script,-1,complete,Not capability,0% <= x < 16.7%,0% <= x < 16.7%,0,0,0,1,1,1,0,0,0,0,0,0,0,1,0,0,0.0,0
582190.mira,582190,mira,2015-08-31 10:11:41,20150831,2015-08-31 10:17:45,20150831,2015-08-31 10:21:59,20150831,34871601655553,97534845395728,backfill,300.0,254.0,512.0,432.0,8192.0,6912.0,MIR-00880-33BB1-512,0,225,0,365,1,487.68,577.9911,0.0,577.9911,0.0,0.0,577.9911,MIR-00880-33BB1-512,0,script,-1,complete,Not capability,0% <= x < 16.7%,0% <= x < 16.7%,0,0,0,1,1,1,0,0,0,0,0,0,0,1,0,0,0.0,0
582202.mira,582202,mira,2015-08-31 10:17:55,20150831,2015-08-31 10:18:18,20150831,2015-08-31 10:22:18,20150831,34871601655553,97534845395728,backfill,300.0,240.0,512.0,432.0,8192.0,6912.0,MIR-000C0-333F1-512,0,23,0,23,0,458.88,543.8578,0.0,546.1333,0.0,0.0,546.1333,MIR-000C0-333F1-512,0,script,-1,complete,Not capability,0% <= x < 16.7%,0% <= x < 16.7%,0,0,0,1,1,1,0,0,0,0,0,0,0,1,0,0,0.0,0
582203.mira,582203,mira,2015-08-31 10:18:00,20150831,2015-08-31 10:19:21,20150831,2015-08-31 10:23:10,20150831,34871601655553,97534845395728,backfill,300.0,229.0,512.0,432.0,8192.0,6912.0,MIR-00000-33331-512,0,49,0,80,0,443.52,525.6533,0.0,521.1022,0.0,0.0,521.1022,MIR-00000-33331-512,0,script,-1,complete,Not capability,0% <= x < 16.7%,0% <= x < 16.7%,0,0,0,1,1,1,0,0,0,0,0,0,0,1,0,0,0.0,0
582205.mira,582205,mira,2015-08-31 10:18:17,20150831,2015-08-31 10:21:28,20150831,2015-08-31 10:25:01,20150831,34871601655553,97534845395728,backfill,300.0,213.0,512.0,432.0,8192.0,6912.0,MIR-00C00-33F31-512,0,81,0,191,0,410.88,486.9689,0.0,484.6933,0.0,0.0,484.6933,MIR-00C00-33F31-512,0,script,-1,complete,Not capability,0% <= x < 16.7%,0% <= x < 16.7%,0,0,0,1,1,1,0,0,0,0,0,0,0,1,0,0,0.0,0
582207.mira,582207,mira,2015-08-31 10:18:32,20150831,2015-08-31 10:21:58,20150831,2015-08-31 10:25:53,20150831,34871601655553,97534845395728,backfill,300.0,235.0,512.0,432.0,8192.0,6912.0,MIR-08080-3B3B1-512,0,108,0,206,0,451.2,534.7556,0.0,534.7555,0.0,0.0,534.7555,MIR-08080-3B3B1-512,0,script,-1,complete,Not capability,0% <= x < 16.7%,0% <= x < 16.7%,0,0,0,1,1,1,0,0,0,0,0,0,0,1,0,0,0.0,0
582206.mira,582206,mira,2015-08-31 10:18:30,20150831,2015-08-31 10:22:36,20150831,2015-08-31 10:26:17,20150831,34871601655553,97534845395728,backfill,300.0,221.0,512.0,432.0,8192.0,6912.0,MIR-08CC0-3BFF1-512,0,147,0,246,0,422.4,500.6222,0.0,502.8977,0.0,0.0,502.8977,MIR-08CC0-3BFF1-512,0,script,-1,complete,Not capability,0% <= x < 16.7%,0% <= x < 16.7%,0,0,0,1,1,1,0,0,0,0,0,0,0,1,0,0,0.0,0
582201.mira,582201,mira,2015-08-31 10:17:50,20150831,2015-08-31 10:23:07,20150831,2015-08-31 10:26:36,20150831,34871601655553,97534845395728,backfill,300.0,209.0,512.0,432.0,8192.0,6912.0,MIR-000C0-333F1-512,0,206,0,316,1,401.28,475.5911,0.0,475.5911,0.0,0.0,475.5911,MIR-000C0-333F1-512,0,script,-1,complete,Not capability,0% <= x < 16.7%,0% <= x < 16.7%,0,0,0,1,1,1,0,0,0,0,0,0,0,1,0,0,0.0,0
582200.mira,582200,mira,2015-08-31 10:17:38,20150831,2015-08-31 10:23:44,20150831,2015-08-31 10:28:07,20150831,34871601655553,97534845395728,backfill,300.0,263.0,512.0,432.0,8192.0,6912.0,MIR-008C0-33BF1-512,0,253,0,367,1,504.96,598.4711,0.0,598.4711,0.0,0.0,598.4711,MIR-008C0-33BF1-512,0,script,-1,complete,Not capability,0% <= x < 16.7%,0% <= x < 16.7%,0,0,0,1,1,1,0,0,0,0,0,0,0,1,0,0,0.0,0
582217.mira,582217,mira,2015-08-31 10:23:47,20150831,2015-08-31 10:25:03,20150831,2015-08-31 10:29:07,20150831,34871601655553,97534845395728,backfill,300.0,244.0,512.0,432.0,8192.0,6912.0,MIR-00440-33771-512,0,28,0,76,0,470.4,557.5111,0.0,555.2355,0.0,0.0,555.2355,MIR-00440-33771-512,0,script,-1,complete,Not capability,0% <= x < 16.7%,0% <= x < 16.7%,0,0,0,1,1,1,0,0,0,0,0,0,0,1,0,0,0.0,0
582220.mira,582220,mira,2015-08-31 10:24:24,20150831,2015-08-31 10:26:19,20150831,2015-08-31 10:30:07,20150831,34871601655553,97534845395728,backfill,300.0,228.0,512.0,432.0,8192.0,6912.0,MIR-00C00-33F31-512,0,70,0,114,0,439.68,521.1022,0.0,518.8266,0.0,0.0,518.8266,MIR-00C00-33F31-512,0,script,-1,complete,Not capability,0% <= x < 16.7%,0% <= x < 16.7%,0,0,0,1,1,1,0,0,0,0,0,0,0,1,0,0,0.0,0
582219.mira,582219,mira,2015-08-31 10:24:04,20150831,2015-08-31 10:26:56,20150831,2015-08-31 10:30:22,20150831,34871601655553,97534845395728,backfill,300.0,206.0,512.0,432.0,8192.0,6912.0,MIR-08080-3B3B1-512,0,107,0,172,0,395.52,468.7644,0.0,468.7644,0.0,0.0,468.7644,MIR-08080-3B3B1-512,0,script,-1,complete,Not capability,0% <= x < 16.7%,0% <= x < 16.7%,0,0,0,1,1,1,0,0,0,0,0,0,0,1,0,0,0.0,0
582218.mira,582218,mira,2015-08-31 10:23:52,20150831,2015-08-31 10:27:26,20150831,2015-08-31 10:31:46,20150831,34871601655553,97534845395728,backfill,300.0,260.0,512.0,432.0,8192.0,6912.0,MIR-000C0-333F1-512,0,138,0,215,0,499.2,591.6444,0.0,591.6444,0.0,0.0,591.6444,MIR-000C0-333F1-512,0,script,-1,complete,Not capability,0% <= x < 16.7%,0% <= x < 16.7%,0,0,0,1,1,1,0,0,0,0,0,0,0,1,0,0,0.0,0
582216.mira,582216,mira,2015-08-31 10:23:45,20150831,2015-08-31 10:28:14,20150831,2015-08-31 10:31:28,20150831,34871601655553,97534845395728,backfill,300.0,194.0,512.0,432.0,8192.0,6912.0,MIR-08C40-3BF71-512,0,162,0,269,0,372.48,441.4578,0.0,441.4577,0.0,0.0,441.4577,MIR-08C40-3BF71-512,0,script,-1,complete,Not capability,0% <= x < 16.7%,0% <= x < 16.7%,0,0,0,1,1,1,0,0,0,0,0,0,0,1,0,0,0.0,0
582221.mira,582221,mira,2015-08-31 10:24:30,20150831,2015-08-31 10:29:20,20150831,2015-08-31 10:32:46,20150831,34871601655553,97534845395728,backfill,300.0,206.0,512.0,432.0,8192.0,6912.0,MIR-48880-7BBB1-512,0,190,0,291,0,393.6,466.4889,0.0,468.7644,0.0,0.0,468.7644,MIR-48880-7BBB1-512,0,script,-1,complete,Not capability,0% <= x < 16.7%,0% <= x < 16.7%,0,0,0,1,1,1,0,0,0,0,0,0,0,1,0,0,0.0,0
582226.mira,582226,mira,2015-08-31 10:30:00,20150831,2015-08-31 10:30:19,20150831,2015-08-31 10:33:53,20150831,34871601655553,97534845395728,backfill,300.0,214.0,512.0,432.0,8192.0,6912.0,MIR-48800-7BB31-512,0,19,0,19,0,408.96,484.6933,0.0,486.9688,0.0,0.0,486.9688,MIR-48800-7BB31-512,0,script,-1,complete,Not capability,0% <= x < 16.7%,0% <= x < 16.7%,0,0,0,1,1,1,0,0,0,0,0,0,0,1,0,0,0.0,0
582230.mira,582230,mira,2015-08-31 10:30:27,20150831,2015-08-31 10:30:56,20150831,2015-08-31 10:34:48,20150831,34871601655553,97534845395728,backfill,300.0,232.0,512.0,432.0,8192.0,6912.0,MIR-00C00-33F31-512,0,30,0,30,0,443.52,525.6533,0.0,527.9288,0.0,0.0,527.9288,MIR-00C00-33F31-512,0,script,-1,complete,Not capability,0% <= x < 16.7%,0% <= x < 16.7%,0,0,0,1,1,1,0,0,0,0,0,0,0,1,0,0,0.0,0
582231.mira,582231,mira,2015-08-31 10:30:32,20150831,2015-08-31 10:31:46,20150831,2015-08-31 10:36:02,20150831,34871601655553,97534845395728,backfill,300.0,256.0,512.0,432.0,8192.0,6912.0,MIR-08080-3B3B1-512,0,59,0,74,0,493.44,584.8178,0.0,582.5422,0.0,0.0,582.5422,MIR-08080-3B3B1-512,0,script,-1,complete,Not capability,0% <= x < 16.7%,0% <= x < 16.7%,0,0,0,1,1,1,0,0,0,0,0,0,0,1,0,0,0.0,0
582228.mira,582228,mira,2015-08-31 10:30:16,20150831,2015-08-31 10:32:25,20150831,2015-08-31 10:36:31,20150831,34871601655553,97534845395728,backfill,300.0,246.0,512.0,432.0,8192.0,6912.0,MIR-000C0-333F1-512,0,113,0,128,0,474.24,562.0622,0.0,559.7866,0.0,0.0,559.7866,MIR-000C0-333F1-512,0,script,-1,complete,Not capability,0% <= x < 16.7%,0% <= x < 16.7%,0,0,0,1,1,1,0,0,0,0,0,0,0,1,0,0,0.0,0
582229.mira,582229,mira,2015-08-31 10:30:21,20150831,2015-08-31 10:33:00,20150831,2015-08-31 10:36:52,20150831,34871601655553,97534845395728,backfill,300.0,232.0,512.0,432.0,8192.0,6912.0,MIR-08CC0-3BFF1-512,0,141,0,159,0,443.52,525.6533,0.0,527.9288,0.0,0.0,527.9288,MIR-08CC0-3BFF1-512,0,script,-1,complete,Not capability,0% <= x < 16.7%,0% <= x < 16.7%,0,0,0,1,1,1,0,0,0,0,0,0,0,1,0,0,0.0,0
581488.mira,581488,mira,2015-08-31 01:30:09,20150831,2015-08-31 10:33:35,20150831,2015-08-31 12:04:44,20150831,50394197576862,38970600412679,prod-capability,5400.0,5469.0,8192.0,8192.0,131072.0,131072.0,MIR-40000-73FF1-8192,143,32605,6,32605,6,199120.2133,199120.2133,199120.2133,0.0,0.0,199120.2133,0.0,MIR-40000-73FF1-8192,143,script,-1,complete,Capability,16.7% <= x < 33.3%,16.7% <= x < 33.3%,0,10,0,0,10,0,1,0,0,0,0,0,1,0,0,0,0.0,0
582227.mira,582227,mira,2015-08-31 10:30:06,20150831,2015-08-31 10:34:17,20150831,2015-08-31 10:37:42,20150831,34871601655553,97534845395728,backfill,300.0,205.0,512.0,432.0,8192.0,6912.0,MIR-48880-7BBB1-512,0,196,0,251,0,395.52,468.7644,0.0,466.4888,0.0,0.0,466.4888,MIR-48880-7BBB1-512,0,script,-1,complete,Not capability,0% <= x < 16.7%,0% <= x < 16.7%,0,0,0,1,1,1,0,0,0,0,0,0,0,1,0,0,0.0,0
582224.mira,582224,mira,2015-08-31 10:29:35,20150831,2015-08-31 10:34:50,20150831,2015-08-31 10:38:52,20150831,34871601655553,97534845395728,backfill,300.0,242.0,512.0,432.0,8192.0,6912.0,MIR-00880-33BB1-512,0,243,0,314,1,466.56,552.96,0.0,550.6844,0.0,0.0,550.6844,MIR-00880-33BB1-512,0,script,-1,complete,Not capability,0% <= x < 16.7%,0% <= x < 16.7%,0,0,0,1,1,1,0,0,0,0,0,0,0,1,0,0,0.0,0
582225.mira,582225,mira,2015-08-31 10:29:51,20150831,2015-08-31 10:36:02,20150831,2015-08-31 10:39:47,20150831,34871601655553,97534845395728,backfill,300.0,225.0,512.0,432.0,8192.0,6912.0,MIR-48800-7BB31-512,0,273,0,370,1,433.92,514.2756,0.0,512.0,0.0,0.0,512.0,MIR-48800-7BB31-512,0,script,-1,complete,Not capability,0% <= x < 16.7%,0% <= x < 16.7%,0,0,0,1,1,1,0,0,0,0,0,0,0,1,0,0,0.0,0
582236.mira,582236,mira,2015-08-31 10:36:08,20150831,2015-08-31 10:36:34,20150831,2015-08-31 10:39:48,20150831,34871601655553,97534845395728,backfill,300.0,194.0,512.0,432.0,8192.0,6912.0,MIR-00C00-33F31-512,0,25,0,25,0,372.48,441.4578,0.0,441.4577,0.0,0.0,441.4577,MIR-00C00-33F31-512,0,script,-1,complete,Not capability,0% <= x < 16.7%,0% <= x < 16.7%,0,0,0,1,1,1,0,0,0,0,0,0,0,1,0,0,0.0,0
582238.mira,582238,mira,2015-08-31 10:36:19,20150831,2015-08-31 10:37:08,20150831,2015-08-31 10:39:48,20150831,34871601655553,97534845395728,backfill,300.0,160.0,512.0,432.0,8192.0,6912.0,MIR-08080-3B3B1-512,0,49,0,49,0,307.2,364.0889,0.0,364.0888,0.0,0.0,364.0888,MIR-08080-3B3B1-512,0,script,-1,complete,Not capability,0% <= x < 16.7%,0% <= x < 16.7%,0,0,0,1,1,1,0,0,0,0,0,0,0,1,0,0,0.0,0
582239.mira,582239,mira,2015-08-31 10:36:46,20150831,2015-08-31 10:38:11,20150831,2015-08-31 10:40:50,20150831,34871601655553,97534845395728,backfill,300.0,159.0,512.0,432.0,8192.0,6912.0,MIR-48880-7BBB1-512,0,68,0,86,0,303.36,359.5378,0.0,361.8133,0.0,0.0,361.8133,MIR-48880-7BBB1-512,0,script,-1,complete,Not capability,0% <= x < 16.7%,0% <= x < 16.7%,0,0,0,1,1,1,0,0,0,0,0,0,0,1,0,0,0.0,0
582240.mira,582240,mira,2015-08-31 10:36:51,20150831,2015-08-31 10:38:51,20150831,2015-08-31 10:41:57,20150831,34871601655553,97534845395728,backfill,300.0,186.0,512.0,432.0,8192.0,6912.0,MIR-000C0-333F1-512,0,96,0,120,0,359.04,425.5289,0.0,423.2533,0.0,0.0,423.2533,MIR-000C0-333F1-512,0,script,-1,complete,Not capability,0% <= x < 16.7%,0% <= x < 16.7%,0,0,0,1,1,1,0,0,0,0,0,0,0,1,0,0,0.0,0
582237.mira,582237,mira,2015-08-31 10:36:13,20150831,2015-08-31 10:39:56,20150831,2015-08-31 10:44:38,20150831,34871601655553,97534845395728,backfill,300.0,282.0,512.0,432.0,8192.0,6912.0,MIR-00040-33371-512,0,164,0,222,0,541.44,641.7067,0.0,641.7066,0.0,0.0,641.7066,MIR-00040-33371-512,0,script,-1,complete,Not capability,0% <= x < 16.7%,0% <= x < 16.7%,0,0,0,1,1,1,0,0,0,0,0,0,0,1,0,0,0.0,0
582133.mira,582133,mira,2015-08-31 09:44:21,20150831,2015-08-31 10:40:28,20150831,2015-08-31 10:43:03,20150831,94731157596563,34761664008145,prod-short,1800.0,155.0,4096.0,3888.0,65536.0,62208.0,MIR-44000-777F1-4096,0,3367,1,3367,1,2695.68,2839.8933,0.0,2821.6888,0.0,0.0,2821.6888,MIR-44000-777F1-4096,0,c16,-1,complete,Not capability,0% <= x < 16.7%,0% <= x < 16.7%,0,0,0,1,1,1,0,0,0,0,0,0,0,1,0,0,0.0,0
582235.mira,582235,mira,2015-08-31 10:35:50,20150831,2015-08-31 10:40:58,20150831,2015-08-31 10:46:07,20150831,34871601655553,97534845395728,backfill,300.0,309.0,512.0,432.0,8192.0,6912.0,MIR-48800-7BB31-512,0,251,0,309,1,593.28,703.1467,0.0,703.1466,0.0,0.0,703.1466,MIR-48800-7BB31-512,0,script,-1,complete,Not capability,0% <= x < 16.7%,0% <= x < 16.7%,0,0,0,1,1,1,0,0,0,0,0,0,0,1,0,0,0.0,0
582234.mira,582234,mira,2015-08-31 10:35:42,20150831,2015-08-31 10:41:30,20150831,2015-08-31 10:44:53,20150831,34871601655553,97534845395728,backfill,300.0,203.0,512.0,432.0,8192.0,6912.0,MIR-48880-7BBB1-512,0,291,0,348,1,389.76,461.9378,0.0,461.9377,0.0,0.0,461.9377,MIR-48880-7BBB1-512,0,script,-1,complete,Not capability,0% <= x < 16.7%,0% <= x < 16.7%,0,0,0,1,1,1,0,0,0,0,0,0,0,1,0,0,0.0,0
581290.mira,581290,mira,2015-08-30 21:52:58,20150830,2015-08-31 10:42:06,20150831,2015-08-31 10:45:28,20150831,34871601655553,97534845395728,backfill,300.0,202.0,512.0,432.0,8192.0,6912.0,MIR-08080-3B3B1-512,0,44577,148,46149,153,387.84,459.6622,0.0,459.6622,0.0,0.0,459.6622,MIR-08080-3B3B1-512,0,script,-1,complete,Not capability,0% <= x < 16.7%,0% <= x < 16.7%,0,0,0,1,1,1,0,0,0,0,0,0,0,1,0,0,0.0,0
582245.mira,582245,mira,2015-08-31 10:42:16,20150831,2015-08-31 10:42:47,20150831,2015-08-31 10:46:07,20150831,34871601655553,97534845395728,backfill,300.0,200.0,512.0,432.0,8192.0,6912.0,MIR-000C0-333F1-512,0,32,0,32,0,384.0,455.1111,0.0,455.1111,0.0,0.0,455.1111,MIR-000C0-333F1-512,0,script,-1,complete,Not capability,0% <= x < 16.7%,0% <= x < 16.7%,0,0,0,1,1,1,0,0,0,0,0,0,0,1,0,0,0.0,0
581887.mira,581887,mira,2015-08-31 07:43:34,20150831,2015-08-31 10:43:48,20150831,2015-08-31 11:41:08,20150831,92887426071282,26995251945683,prod-capability,3600.0,3440.0,8192.0,8192.0,131072.0,131072.0,MIR-44000-77FF1-8192,0,10815,3,10815,3,125246.5778,125246.5778,125246.5777,0.0,0.0,125246.5777,0.0,MIR-44000-77FF1-8192,0,script,-1,complete,Capability,16.7% <= x < 33.3%,16.7% <= x < 33.3%,0,0,0,1,1,1,0,0,0,0,0,0,0,1,0,0,0.0,0
582248.mira,582248,mira,2015-08-31 10:42:52,20150831,2015-08-31 10:44:37,20150831,2015-08-31 10:47:55,20150831,34871601655553,97534845395728,backfill,300.0,198.0,512.0,432.0,8192.0,6912.0,MIR-00C40-33F71-512,0,55,0,104,0,382.08,452.8356,0.0,450.56,0.0,0.0,450.56,MIR-00C40-33F71-512,0,script,-1,complete,Not capability,0% <= x < 16.7%,0% <= x < 16.7%,0,0,0,1,1,1,0,0,0,0,0,0,0,1,0,0,0.0,0
582250.mira,582250,mira,2015-08-31 10:42:58,20150831,2015-08-31 10:45:16,20150831,2015-08-31 10:49:00,20150831,34871601655553,97534845395728,backfill,300.0,224.0,512.0,432.0,8192.0,6912.0,MIR-00C00-33F31-512,0,96,0,139,0,430.08,509.7244,0.0,509.7244,0.0,0.0,509.7244,MIR-00C00-33F31-512,0,script,-1,complete,Not capability,0% <= x < 16.7%,0% <= x < 16.7%,0,0,0,1,1,1,0,0,0,0,0,0,0,1,0,0,0.0,0
582251.mira,582251,mira,2015-08-31 10:43:00,20150831,2015-08-31 10:45:49,20150831,2015-08-31 10:49:34,20150831,34871601655553,97534845395728,backfill,300.0,225.0,512.0,432.0,8192.0,6912.0,MIR-48880-7BBB1-512,0,128,0,170,0,435.84,516.5511,0.0,512.0,0.0,0.0,512.0,MIR-48880-7BBB1-512,0,script,-1,complete,Not capability,0% <= x < 16.7%,0% <= x < 16.7%,0,0,0,1,1,1,0,0,0,0,0,0,0,1,0,0,0.0,0
582247.mira,582247,mira,2015-08-31 10:42:30,20150831,2015-08-31 10:46:24,20150831,2015-08-31 10:50:39,20150831,34871601655553,97534845395728,backfill,300.0,255.0,512.0,432.0,8192.0,6912.0,MIR-48800-7BB31-512,0,182,0,235,0,489.6,580.2667,0.0,580.2666,0.0,0.0,580.2666,MIR-48800-7BB31-512,0,script,-1,complete,Not capability,0% <= x < 16.7%,0% <= x < 16.7%,0,0,0,1,1,1,0,0,0,0,0,0,0,1,0,0,0.0,0
582246.mira,582246,mira,2015-08-31 10:42:21,20150831,2015-08-31 10:47:17,20150831,2015-08-31 10:51:07,20150831,34871601655553,97534845395728,backfill,300.0,230.0,512.0,432.0,8192.0,6912.0,MIR-000C0-333F1-512,0,242,0,295,0,441.6,523.3778,0.0,523.3777,0.0,0.0,523.3777,MIR-000C0-333F1-512,0,script,-1,complete,Not capability,0% <= x < 16.7%,0% <= x < 16.7%,0,0,0,1,1,1,0,0,0,0,0,0,0,1,0,0,0.0,0
582255.mira,582255,mira,2015-08-31 10:48:06,20150831,2015-08-31 10:48:43,20150831,2015-08-31 10:52:12,20150831,34871601655553,97534845395728,backfill,300.0,209.0,512.0,432.0,8192.0,6912.0,MIR-00C40-33F71-512,0,38,0,38,0,399.36,473.3156,0.0,475.5911,0.0,0.0,475.5911,MIR-00C40-33F71-512,0,script,-1,complete,Not capability,0% <= x < 16.7%,0% <= x < 16.7%,0,0,0,1,1,1,0,0,0,0,0,0,0,1,0,0,0.0,0
582260.mira,582260,mira,2015-08-31 10:48:53,20150831,2015-08-31 10:49:23,20150831,2015-08-31 10:52:24,20150831,34871601655553,97534845395728,backfill,300.0,181.0,512.0,432.0,8192.0,6912.0,MIR-08080-3B3B1-512,0,30,0,30,0,345.6,409.6,0.0,411.8755,0.0,0.0,411.8755,MIR-08080-3B3B1-512,0,script,-1,complete,Not capability,0% <= x < 16.7%,0% <= x < 16.7%,0,0,0,1,1,1,0,0,0,0,0,0,0,1,0,0,0.0,0
582259.mira,582259,mira,2015-08-31 10:48:48,20150831,2015-08-31 10:50:24,20150831,2015-08-31 10:53:56,20150831,34871601655553,97534845395728,backfill,300.0,212.0,512.0,432.0,8192.0,6912.0,MIR-48880-7BBB1-512,0,84,0,95,0,407.04,482.4178,0.0,482.4177,0.0,0.0,482.4177,MIR-48880-7BBB1-512,0,script,-1,complete,Not capability,0% <= x < 16.7%,0% <= x < 16.7%,0,0,0,1,1,1,0,0,0,0,0,0,0,1,0,0,0.0,0
582257.mira,582257,mira,2015-08-31 10:48:19,20150831,2015-08-31 10:51:19,20150831,2015-08-31 10:55:00,20150831,34871601655553,97534845395728,backfill,300.0,221.0,512.0,432.0,8192.0,6912.0,MIR-48800-7BB31-512,0,170,0,181,0,424.32,502.8978,0.0,502.8977,0.0,0.0,502.8977,MIR-48800-7BB31-512,0,script,-1,complete,Not capability,0% <= x < 16.7%,0% <= x < 16.7%,0,0,0,1,1,1,0,0,0,0,0,0,0,1,0,0,0.0,0
582258.mira,582258,mira,2015-08-31 10:48:24,20150831,2015-08-31 10:52:00,20150831,2015-08-31 10:55:15,20150831,34871601655553,97534845395728,backfill,300.0,195.0,512.0,432.0,8192.0,6912.0,MIR-000C0-333F1-512,0,206,0,217,0,372.48,441.4578,0.0,443.7333,0.0,0.0,443.7333,MIR-000C0-333F1-512,0,script,-1,complete,Not capability,0% <= x < 16.7%,0% <= x < 16.7%,0,0,0,1,1,1,0,0,0,0,0,0,0,1,0,0,0.0,0
582256.mira,582256,mira,2015-08-31 10:48:13,20150831,2015-08-31 10:53:00,20150831,2015-08-31 10:55:49,20150831,34871601655553,97534845395728,backfill,300.0,169.0,512.0,432.0,8192.0,6912.0,MIR-00C40-33F71-512,0,275,0,286,0,324.48,384.5689,0.0,384.5688,0.0,0.0,384.5688,MIR-00C40-33F71-512,0,script,-1,complete,Not capability,0% <= x < 16.7%,0% <= x < 16.7%,0,0,0,1,1,1,0,0,0,0,0,0,0,1,0,0,0.0,0
582244.mira,582244,mira,2015-08-31 10:42:10,20150831,2015-08-31 10:53:35,20150831,2015-08-31 10:57:21,20150831,34871601655553,97534845395728,backfill,300.0,226.0,512.0,432.0,8192.0,6912.0,MIR-08080-3B3B1-512,0,599,1,684,2,435.84,516.5511,0.0,514.2755,0.0,0.0,514.2755,MIR-08080-3B3B1-512,0,script,-1,complete,Not capability,0% <= x < 16.7%,0% <= x < 16.7%,0,0,0,1,1,1,0,0,0,0,0,0,0,1,0,0,0.0,0
582243.mira,582243,mira,2015-08-31 10:42:01,20150831,2015-08-31 10:54:09,20150831,2015-08-31 10:56:34,20150831,34871601655553,97534845395728,backfill,300.0,145.0,512.0,432.0,8192.0,6912.0,MIR-48880-7BBB1-512,0,639,2,727,2,278.4,329.9556,0.0,329.9555,0.0,0.0,329.9555,MIR-48880-7BBB1-512,0,script,-1,complete,Not capability,0% <= x < 16.7%,0% <= x < 16.7%,0,0,0,1,1,1,0,0,0,0,0,0,0,1,0,0,0.0,0
582270.mira,582270,mira,2015-08-31 10:54:29,20150831,2015-08-31 10:55:10,20150831,2015-08-31 10:58:29,20150831,34871601655553,97534845395728,backfill,300.0,199.0,512.0,432.0,8192.0,6912.0,MIR-00C00-33F31-512,0,25,0,40,0,384.0,455.1111,0.0,452.8355,0.0,0.0,452.8355,MIR-00C00-33F31-512,0,script,-1,complete,Not capability,0% <= x < 16.7%,0% <= x < 16.7%,0,0,0,1,1,1,0,0,0,0,0,0,0,1,0,0,0.0,0
582274.mira,582274,mira,2015-08-31 10:55:04,20150831,2015-08-31 10:55:46,20150831,2015-08-31 10:59:08,20150831,34871601655553,97534845395728,backfill,300.0,202.0,512.0,432.0,8192.0,6912.0,MIR-48800-7BB31-512,0,42,0,42,0,387.84,459.6622,0.0,459.6622,0.0,0.0,459.6622,MIR-48800-7BB31-512,0,script,-1,complete,Not capability,0% <= x < 16.7%,0% <= x < 16.7%,0,0,0,1,1,1,0,0,0,0,0,0,0,1,0,0,0.0,0
582275.mira,582275,mira,2015-08-31 10:55:14,20150831,2015-08-31 10:56:23,20150831,2015-08-31 10:59:46,20150831,34871601655553,97534845395728,backfill,300.0,203.0,512.0,432.0,8192.0,6912.0,MIR-000C0-333F1-512,0,70,0,70,0,387.84,459.6622,0.0,461.9377,0.0,0.0,461.9377,MIR-000C0-333F1-512,0,script,-1,complete,Not capability,0% <= x < 16.7%,0% <= x < 16.7%,0,0,0,1,1,1,0,0,0,0,0,0,0,1,0,0,0.0,0
582273.mira,582273,mira,2015-08-31 10:54:54,20150831,2015-08-31 10:57:21,20150831,2015-08-31 11:01:00,20150831,34871601655553,97534845395728,backfill,300.0,219.0,512.0,432.0,8192.0,6912.0,MIR-00C40-33F71-512,0,147,0,147,0,422.4,500.6222,0.0,498.3466,0.0,0.0,498.3466,MIR-00C40-33F71-512,0,script,-1,complete,Not capability,0% <= x < 16.7%,0% <= x < 16.7%,0,0,0,1,1,1,0,0,0,0,0,0,0,1,0,0,0.0,0
582269.mira,582269,mira,2015-08-31 10:54:20,20150831,2015-08-31 10:57:56,20150831,2015-08-31 11:01:00,20150831,34871601655553,97534845395728,backfill,300.0,184.0,512.0,432.0,8192.0,6912.0,MIR-48880-7BBB1-512,0,191,0,215,0,353.28,418.7022,0.0,418.7022,0.0,0.0,418.7022,MIR-48880-7BBB1-512,0,script,-1,complete,Not capability,0% <= x < 16.7%,0% <= x < 16.7%,0,0,0,1,1,1,0,0,0,0,0,0,0,1,0,0,0.0,0
581987.mira,581987,mira,2015-08-31 08:40:39,20150831,2015-08-31 10:58:34,20150831,2015-08-31 11:02:39,20150831,94731157596563,34761664008145,prod-capability,1800.0,245.0,8192.0,8192.0,131072.0,131072.0,MIR-04000-37FF1-8192,0,8274,4,8274,4,8956.5867,8956.5867,8920.1777,0.0,0.0,8920.1777,0.0,MIR-04000-37FF1-8192,0,c16,-1,complete,Capability,16.7% <= x < 33.3%,16.7% <= x < 33.3%,0,0,0,1,1,1,0,0,0,0,0,0,0,1,0,0,0.0,0
582266.mira,582266,mira,2015-08-31 10:54:10,20150831,2015-08-31 10:59:22,20150831,2015-08-31 11:02:59,20150831,34871601655553,97534845395728,backfill,300.0,217.0,512.0,432.0,8192.0,6912.0,MIR-48800-7BB31-512,0,279,0,313,1,414.72,491.52,0.0,493.7955,0.0,0.0,493.7955,MIR-48800-7BB31-512,0,script,-1,complete,Not capability,0% <= x < 16.7%,0% <= x < 16.7%,0,0,0,1,1,1,0,0,0,0,0,0,0,1,0,0,0.0,0
582272.mira,582272,mira,2015-08-31 10:54:48,20150831,2015-08-31 10:59:56,20150831,2015-08-31 11:04:39,20150831,34871601655553,97534845395728,backfill,300.0,283.0,512.0,432.0,8192.0,6912.0,MIR-00C00-33F31-512,0,308,1,308,1,541.44,641.7067,0.0,643.9822,0.0,0.0,643.9822,MIR-00C00-33F31-512,0,script,-1,complete,Not capability,0% <= x < 16.7%,0% <= x < 16.7%,0,0,0,1,1,1,0,0,0,0,0,0,0,1,0,0,0.0,0
582267.mira,582267,mira,2015-08-31 10:54:15,20150831,2015-08-31 11:00:27,20150831,2015-08-31 11:04:16,20150831,34871601655553,97534845395728,backfill,300.0,229.0,512.0,432.0,8192.0,6912.0,MIR-08080-3B3B1-512,0,344,1,372,1,439.68,521.1022,0.0,521.1022,0.0,0.0,521.1022,MIR-08080-3B3B1-512,0,script,-1,complete,Not capability,0% <= x < 16.7%,0% <= x < 16.7%,0,0,0,1,1,1,0,0,0,0,0,0,0,1,0,0,0.0,0
582285.mira,582285,mira,2015-08-31 11:00:27,20150831,2015-08-31 11:01:01,20150831,2015-08-31 11:04:17,20150831,34871601655553,97534845395728,backfill,300.0,196.0,512.0,432.0,8192.0,6912.0,MIR-000C0-333F1-512,0,33,0,33,0,376.32,446.0089,0.0,446.0088,0.0,0.0,446.0088,MIR-000C0-333F1-512,0,script,-1,complete,Not capability,0% <= x < 16.7%,0% <= x < 16.7%,0,0,0,1,1,1,0,0,0,0,0,0,0,1,0,0,0.0,0
582286.mira,582286,mira,2015-08-31 11:00:38,20150831,2015-08-31 11:01:42,20150831,2015-08-31 11:06:04,20150831,34871601655553,97534845395728,backfill,300.0,262.0,512.0,432.0,8192.0,6912.0,MIR-48880-7BBB1-512,0,63,0,63,0,504.96,598.4711,0.0,596.1955,0.0,0.0,596.1955,MIR-48880-7BBB1-512,0,script,-1,complete,Not capability,0% <= x < 16.7%,0% <= x < 16.7%,0,0,0,1,1,1,0,0,0,0,0,0,0,1,0,0,0.0,0
582291.mira,582291,mira,2015-08-31 11:01:46,20150831,2015-08-31 11:03:14,20150831,2015-08-31 11:07:58,20150831,34871601655553,97534845395728,backfill,300.0,284.0,512.0,432.0,8192.0,6912.0,MIR-00C40-33F71-512,0,32,0,87,0,547.2,648.5333,0.0,646.2577,0.0,0.0,646.2577,MIR-00C40-33F71-512,0,script,-1,complete,Not capability,0% <= x < 16.7%,0% <= x < 16.7%,0,0,0,1,1,1,0,0,0,0,0,0,0,1,0,0,0.0,0
582136.mira,582136,mira,2015-08-31 09:44:34,20150831,2015-08-31 11:03:53,20150831,2015-08-31 11:07:09,20150831,94731157596563,34761664008145,prod-capability,1800.0,196.0,8192.0,8112.0,131072.0,129792.0,MIR-04000-37FF1-8192,0,4759,2,4759,2,7102.5067,7172.5511,0.0,7136.1422,0.0,0.0,7136.1422,MIR-04000-37FF1-8192,0,c16,-1,complete,Not capability,0% <= x < 16.7%,0% <= x < 16.7%,0,0,0,1,1,1,0,0,0,0,0,0,0,1,0,0,0.0,0
582292.mira,582292,mira,2015-08-31 11:01:52,20150831,2015-08-31 11:04:26,20150831,2015-08-31 11:09:26,20150831,34871601655553,97534845395728,backfill,300.0,300.0,512.0,432.0,8192.0,6912.0,MIR-48800-7BB31-512,0,69,0,154,0,576.0,682.6667,0.0,682.6666,0.0,0.0,682.6666,MIR-48800-7BB31-512,0,script,-1,complete,Not capability,0% <= x < 16.7%,0% <= x < 16.7%,0,0,0,1,1,1,0,0,0,0,0,0,0,1,0,0,0.0,0
582293.mira,582293,mira,2015-08-31 11:02:12,20150831,2015-08-31 11:05:23,20150831,2015-08-31 11:10:29,20150831,34871601655553,97534845395728,backfill,300.0,306.0,512.0,432.0,8192.0,6912.0,MIR-00C00-33F31-512,0,125,0,190,0,589.44,698.5956,0.0,696.32,0.0,0.0,696.32,MIR-00C00-33F31-512,0,script,-1,complete,Not capability,0% <= x < 16.7%,0% <= x < 16.7%,0,0,0,1,1,1,0,0,0,0,0,0,0,1,0,0,0.0,0
582289.mira,582289,mira,2015-08-31 11:01:12,20150831,2015-08-31 11:06:05,20150831,2015-08-31 11:10:44,20150831,34871601655553,97534845395728,backfill,300.0,279.0,512.0,432.0,8192.0,6912.0,MIR-08080-3B3B1-512,0,197,0,292,0,537.6,637.1556,0.0,634.88,0.0,0.0,634.88,MIR-08080-3B3B1-512,0,script,-1,complete,Not capability,0% <= x < 16.7%,0% <= x < 16.7%,0,0,0,1,1,1,0,0,0,0,0,0,0,1,0,0,0.0,0
582290.mira,582290,mira,2015-08-31 11:01:17,20150831,2015-08-31 11:06:49,20150831,2015-08-31 11:11:01,20150831,34871601655553,97534845395728,backfill,300.0,252.0,512.0,432.0,8192.0,6912.0,MIR-000C0-333F1-512,0,237,0,332,1,483.84,573.44,0.0,573.44,0.0,0.0,573.44,MIR-000C0-333F1-512,0,script,-1,complete,Not capability,0% <= x < 16.7%,0% <= x < 16.7%,0,0,0,1,1,1,0,0,0,0,0,0,0,1,0,0,0.0,0
582303.mira,582303,mira,2015-08-31 11:07:45,20150831,2015-08-31 11:08:09,20150831,2015-08-31 11:12:23,20150831,34871601655553,97534845395728,backfill,300.0,254.0,512.0,432.0,8192.0,6912.0,MIR-48880-7BBB1-512,0,23,0,23,0,489.6,580.2667,0.0,577.9911,0.0,0.0,577.9911,MIR-48880-7BBB1-512,0,script,-1,complete,Not capability,0% <= x < 16.7%,0% <= x < 16.7%,0,0,0,1,1,1,0,0,0,0,0,0,0,1,0,0,0.0,0
582307.mira,582307,mira,2015-08-31 11:08:17,20150831,2015-08-31 11:09:36,20150831,2015-08-31 11:14:00,20150831,34871601655553,97534845395728,backfill,300.0,264.0,512.0,432.0,8192.0,6912.0,MIR-00C40-33F71-512,0,28,0,80,0,506.88,600.7467,0.0,600.7466,0.0,0.0,600.7466,MIR-00C40-33F71-512,0,script,-1,complete,Not capability,0% <= x < 16.7%,0% <= x < 16.7%,0,0,0,1,1,1,0,0,0,0,0,0,0,1,0,0,0.0,0
582308.mira,582308,mira,2015-08-31 11:08:22,20150831,2015-08-31 11:10:35,20150831,2015-08-31 11:16:38,20150831,34871601655553,97534845395728,backfill,300.0,363.0,512.0,432.0,8192.0,6912.0,MIR-48800-7BB31-512,0,52,0,134,0,696.96,826.0267,0.0,826.0266,0.0,0.0,826.0266,MIR-48800-7BB31-512,0,script,-1,complete,Not capability,0% <= x < 16.7%,0% <= x < 16.7%,0,0,0,1,1,1,0,0,0,0,0,0,0,1,0,0,0.0,0
582305.mira,582305,mira,2015-08-31 11:07:57,20150831,2015-08-31 11:11:09,20150831,2015-08-31 11:16:08,20150831,34871601655553,97534845395728,backfill,300.0,299.0,512.0,432.0,8192.0,6912.0,MIR-48840-7BB71-512,0,97,0,191,0,574.08,680.3911,0.0,680.3911,0.0,0.0,680.3911,MIR-48840-7BB71-512,0,script,-1,complete,Not capability,0% <= x < 16.7%,0% <= x < 16.7%,0,0,0,1,1,1,0,0,0,0,0,0,0,1,0,0,0.0,0
582304.mira,582304,mira,2015-08-31 11:07:50,20150831,2015-08-31 11:11:48,20150831,2015-08-31 11:16:23,20150831,34871601655553,97534845395728,backfill,300.0,275.0,512.0,432.0,8192.0,6912.0,MIR-00C00-33F31-512,0,146,0,237,0,529.92,628.0533,0.0,625.7777,0.0,0.0,625.7777,MIR-00C00-33F31-512,0,script,-1,complete,Not capability,0% <= x < 16.7%,0% <= x < 16.7%,0,0,0,1,1,1,0,0,0,0,0,0,0,1,0,0,0.0,0
582301.mira,582301,mira,2015-08-31 11:07:23,20150831,2015-08-31 11:12:47,20150831,2015-08-31 11:17:36,20150831,34871601655553,97534845395728,backfill,300.0,289.0,512.0,432.0,8192.0,6912.0,MIR-48880-7BBB1-512,0,198,0,325,1,552.96,655.36,0.0,657.6355,0.0,0.0,657.6355,MIR-48880-7BBB1-512,0,script,-1,complete,Not capability,0% <= x < 16.7%,0% <= x < 16.7%,0,0,0,1,1,1,0,0,0,0,0,0,0,1,0,0,0.0,0
582319.mira,582319,mira,2015-08-31 11:13:29,20150831,2015-08-31 11:14:15,20150831,2015-08-31 11:19:40,20150831,34871601655553,97534845395728,backfill,300.0,325.0,512.0,432.0,8192.0,6912.0,MIR-08080-3B3B1-512,0,32,0,47,0,622.08,737.28,0.0,739.5555,0.0,0.0,739.5555,MIR-08080-3B3B1-512,0,script,-1,complete,Not capability,0% <= x < 16.7%,0% <= x < 16.7%,0,0,0,1,1,1,0,0,0,0,0,0,0,1,0,0,0.0,0
582325.mira,582325,mira,2015-08-31 11:14:20,20150831,2015-08-31 11:16:14,20150831,2015-08-31 11:20:40,20150831,34871601655553,97534845395728,backfill,300.0,266.0,512.0,432.0,8192.0,6912.0,MIR-00C40-33F71-512,0,26,0,114,0,510.72,605.2978,0.0,605.2977,0.0,0.0,605.2977,MIR-00C40-33F71-512,0,script,-1,complete,Not capability,0% <= x < 16.7%,0% <= x < 16.7%,0,0,0,1,1,1,0,0,0,0,0,0,0,1,0,0,0.0,0
582324.mira,582324,mira,2015-08-31 11:14:05,20150831,2015-08-31 11:16:51,20150831,2015-08-31 11:21:21,20150831,34871601655553,97534845395728,backfill,300.0,270.0,512.0,432.0,8192.0,6912.0,MIR-48800-7BB31-512,0,74,0,166,0,518.4,614.4,0.0,614.4,0.0,0.0,614.4,MIR-48800-7BB31-512,0,script,-1,complete,Not capability,0% <= x < 16.7%,0% <= x < 16.7%,0,0,0,1,1,1,0,0,0,0,0,0,0,1,0,0,0.0,0
582322.mira,582322,mira,2015-08-31 11:13:53,20150831,2015-08-31 11:17:20,20150831,2015-08-31 11:22:37,20150831,34871601655553,97534845395728,backfill,300.0,317.0,512.0,432.0,8192.0,6912.0,MIR-48840-7BB71-512,0,114,0,207,0,606.72,719.0756,0.0,721.3511,0.0,0.0,721.3511,MIR-48840-7BB71-512,0,script,-1,complete,Not capability,0% <= x < 16.7%,0% <= x < 16.7%,0,0,0,1,1,1,0,0,0,0,0,0,0,1,0,0,0.0,0
582320.mira,582320,mira,2015-08-31 11:13:34,20150831,2015-08-31 11:17:53,20150831,2015-08-31 11:22:36,20150831,34871601655553,97534845395728,backfill,300.0,283.0,512.0,432.0,8192.0,6912.0,MIR-000C0-333F1-512,0,157,0,259,0,543.36,643.9822,0.0,643.9822,0.0,0.0,643.9822,MIR-000C0-333F1-512,0,script,-1,complete,Not capability,0% <= x < 16.7%,0% <= x < 16.7%,0,0,0,1,1,1,0,0,0,0,0,0,0,1,0,0,0.0,0
582321.mira,582321,mira,2015-08-31 11:13:44,20150831,2015-08-31 11:19:49,20150831,2015-08-31 11:23:09,20150831,34871601655553,97534845395728,backfill,300.0,200.0,512.0,432.0,8192.0,6912.0,MIR-48880-7BBB1-512,0,185,0,365,1,384.0,455.1111,0.0,455.1111,0.0,0.0,455.1111,MIR-48880-7BBB1-512,0,script,-1,complete,Not capability,0% <= x < 16.7%,0% <= x < 16.7%,0,0,0,1,1,1,0,0,0,0,0,0,0,1,0,0,0.0,0
582342.mira,582342,mira,2015-08-31 11:20:25,20150831,2015-08-31 11:20:49,20150831,2015-08-31 11:24:31,20150831,34871601655553,97534845395728,backfill,300.0,222.0,512.0,432.0,8192.0,6912.0,MIR-08080-3B3B1-512,0,24,0,24,0,428.16,507.4489,0.0,505.1733,0.0,0.0,505.1733,MIR-08080-3B3B1-512,0,script,-1,complete,Not capability,0% <= x < 16.7%,0% <= x < 16.7%,0,0,0,1,1,1,0,0,0,0,0,0,0,1,0,0,0.0,0
582339.mira,582339,mira,2015-08-31 11:19:55,20150831,2015-08-31 11:21:21,20150831,2015-08-31 11:25:33,20150831,34871601655553,97534845395728,backfill,300.0,252.0,512.0,432.0,8192.0,6912.0,MIR-00C00-33F31-512,0,54,0,86,0,481.92,571.1644,0.0,573.44,0.0,0.0,573.44,MIR-00C00-33F31-512,0,script,-1,complete,Not capability,0% <= x < 16.7%,0% <= x < 16.7%,0,0,0,1,1,1,0,0,0,0,0,0,0,1,0,0,0.0,0
582340.mira,582340,mira,2015-08-31 11:20:04,20150831,2015-08-31 11:23:05,20150831,2015-08-31 11:28:06,20150831,34871601655553,97534845395728,backfill,300.0,301.0,512.0,432.0,8192.0,6912.0,MIR-48800-7BB31-512,0,98,0,181,0,576.0,682.6667,0.0,684.9422,0.0,0.0,684.9422,MIR-48800-7BB31-512,0,script,-1,complete,Not capability,0% <= x < 16.7%,0% <= x < 16.7%,0,0,0,1,1,1,0,0,0,0,0,0,0,1,0,0,0.0,0
582336.mira,582336,mira,2015-08-31 11:19:31,20150831,2015-08-31 11:23:38,20150831,2015-08-31 11:28:21,20150831,34871601655553,97534845395728,backfill,300.0,283.0,512.0,432.0,8192.0,6912.0,MIR-48840-7BB71-512,0,152,0,247,0,545.28,646.2578,0.0,643.9822,0.0,0.0,643.9822,MIR-48840-7BB71-512,0,script,-1,complete,Not capability,0% <= x < 16.7%,0% <= x < 16.7%,0,0,0,1,1,1,0,0,0,0,0,0,0,1,0,0,0.0,0
582337.mira,582337,mira,2015-08-31 11:19:44,20150831,2015-08-31 11:24:18,20150831,2015-08-31 11:28:38,20150831,34871601655553,97534845395728,backfill,300.0,260.0,512.0,432.0,8192.0,6912.0,MIR-48080-7B3B1-512,0,178,0,275,0,499.2,591.6444,0.0,591.6444,0.0,0.0,591.6444,MIR-48080-7B3B1-512,0,script,-1,complete,Not capability,0% <= x < 16.7%,0% <= x < 16.7%,0,0,0,1,1,1,0,0,0,0,0,0,0,1,0,0,0.0,0
582288.mira,582288,mira,2015-08-31 11:01:07,20150831,2015-08-31 11:25:01,20150831,2015-08-31 11:29:23,20150831,34871601655553,97534845395728,backfill,300.0,262.0,512.0,432.0,8192.0,6912.0,MIR-48880-7BBB1-512,0,836,2,1433,4,503.04,596.1956,0.0,596.1955,0.0,0.0,596.1955,MIR-48880-7BBB1-512,0,script,-1,complete,Not capability,0% <= x < 16.7%,0% <= x < 16.7%,0,0,0,1,1,1,0,0,0,0,0,0,0,1,0,0,0.0,0
582287.mira,582287,mira,2015-08-31 11:00:43,20150831,2015-08-31 11:25:42,20150831,2015-08-31 11:30:47,20150831,34871601655553,97534845395728,backfill,300.0,305.0,512.0,432.0,8192.0,6912.0,MIR-480C0-7B3F1-512,0,886,2,1499,4,583.68,691.7689,0.0,694.0444,0.0,0.0,694.0444,MIR-480C0-7B3F1-512,0,script,-1,complete,Not capability,0% <= x < 16.7%,0% <= x < 16.7%,0,0,0,1,1,1,0,0,0,0,0,0,0,1,0,0,0.0,0
582349.mira,582349,mira,2015-08-31 11:26:04,20150831,2015-08-31 11:28:16,20150831,2015-08-31 11:32:35,20150831,34871601655553,97534845395728,backfill,300.0,259.0,512.0,432.0,8192.0,6912.0,MIR-48040-7B371-512,0,30,0,132,0,497.28,589.3689,0.0,589.3688,0.0,0.0,589.3688,MIR-48040-7B371-512,0,script,-1,complete,Not capability,0% <= x < 16.7%,0% <= x < 16.7%,0,0,0,1,1,1,0,0,0,0,0,0,0,1,0,0,0.0,0
582348.mira,582348,mira,2015-08-31 11:25:54,20150831,2015-08-31 11:28:46,20150831,2015-08-31 11:33:39,20150831,34871601655553,97534845395728,backfill,300.0,293.0,512.0,432.0,8192.0,6912.0,MIR-48800-7BB31-512,0,60,0,172,0,560.64,664.4622,0.0,666.7377,0.0,0.0,666.7377,MIR-48800-7BB31-512,0,script,-1,complete,Not capability,0% <= x < 16.7%,0% <= x < 16.7%,0,0,0,1,1,1,0,0,0,0,0,0,0,1,0,0,0.0,0
582350.mira,582350,mira,2015-08-31 11:26:20,20150831,2015-08-31 11:29:19,20150831,2015-08-31 11:33:21,20150831,34871601655553,97534845395728,backfill,300.0,242.0,512.0,432.0,8192.0,6912.0,MIR-48080-7B3B1-512,0,93,0,179,0,464.64,550.6844,0.0,550.6844,0.0,0.0,550.6844,MIR-48080-7B3B1-512,0,script,-1,complete,Not capability,0% <= x < 16.7%,0% <= x < 16.7%,0,0,0,1,1,1,0,0,0,0,0,0,0,1,0,0,0.0,0
582346.mira,582346,mira,2015-08-31 11:25:44,20150831,2015-08-31 11:29:45,20150831,2015-08-31 11:33:54,20150831,34871601655553,97534845395728,backfill,300.0,249.0,512.0,432.0,8192.0,6912.0,MIR-48840-7BB71-512,0,120,0,242,0,478.08,566.6133,0.0,566.6133,0.0,0.0,566.6133,MIR-48840-7BB71-512,0,script,-1,complete,Not capability,0% <= x < 16.7%,0% <= x < 16.7%,0,0,0,1,1,1,0,0,0,0,0,0,0,1,0,0,0.0,0
582352.mira,582352,mira,2015-08-31 11:26:30,20150831,2015-08-31 11:30:59,20150831,2015-08-31 11:35:05,20150831,34871601655553,97534845395728,backfill,300.0,246.0,512.0,432.0,8192.0,6912.0,MIR-48880-7BBB1-512,0,148,0,269,0,470.4,557.5111,0.0,559.7866,0.0,0.0,559.7866,MIR-48880-7BBB1-512,0,script,-1,complete,Not capability,0% <= x < 16.7%,0% <= x < 16.7%,0,0,0,1,1,1,0,0,0,0,0,0,0,1,0,0,0.0,0
582364.mira,582364,mira,2015-08-31 11:31:46,20150831,2015-08-31 11:33:14,20150831,2015-08-31 11:35:59,20150831,34871601655553,97534845395728,backfill,300.0,165.0,512.0,432.0,8192.0,6912.0,MIR-480C0-7B3F1-512,0,53,0,87,0,320.64,380.0178,0.0,375.4666,0.0,0.0,375.4666,MIR-480C0-7B3F1-512,0,script,-1,complete,Not capability,0% <= x < 16.7%,0% <= x < 16.7%,0,0,0,1,1,1,0,0,0,0,0,0,0,1,0,0,0.0,0
582365.mira,582365,mira,2015-08-31 11:31:52,20150831,2015-08-31 11:33:46,20150831,2015-08-31 11:38:28,20150831,34871601655553,97534845395728,backfill,300.0,282.0,512.0,432.0,8192.0,6912.0,MIR-48040-7B371-512,0,86,0,115,0,541.44,641.7067,0.0,641.7066,0.0,0.0,641.7066,MIR-48040-7B371-512,0,script,-1,complete,Not capability,0% <= x < 16.7%,0% <= x < 16.7%,0,0,0,1,1,1,0,0,0,0,0,0,0,1,0,0,0.0,0
582366.mira,582366,mira,2015-08-31 11:31:58,20150831,2015-08-31 11:34:19,20150831,2015-08-31 11:38:44,20150831,34871601655553,97534845395728,backfill,300.0,265.0,512.0,432.0,8192.0,6912.0,MIR-48000-7B331-512,0,118,0,141,0,510.72,605.2978,0.0,603.0222,0.0,0.0,603.0222,MIR-48000-7B331-512,0,script,-1,complete,Not capability,0% <= x < 16.7%,0% <= x < 16.7%,0,0,0,1,1,1,0,0,0,0,0,0,0,1,0,0,0.0,0
582361.mira,582361,mira,2015-08-31 11:31:36,20150831,2015-08-31 11:34:55,20150831,2015-08-31 11:38:44,20150831,34871601655553,97534845395728,backfill,300.0,229.0,512.0,432.0,8192.0,6912.0,MIR-48080-7B3B1-512,0,155,0,199,0,439.68,521.1022,0.0,521.1022,0.0,0.0,521.1022,MIR-48080-7B3B1-512,0,script,-1,complete,Not capability,0% <= x < 16.7%,0% <= x < 16.7%,0,0,0,1,1,1,0,0,0,0,0,0,0,1,0,0,0.0,0
582363.mira,582363,mira,2015-08-31 11:31:41,20150831,2015-08-31 11:35:25,20150831,2015-08-31 11:40:31,20150831,34871601655553,97534845395728,backfill,300.0,306.0,512.0,432.0,8192.0,6912.0,MIR-48800-7BB31-512,0,184,0,223,0,587.52,696.32,0.0,696.32,0.0,0.0,696.32,MIR-48800-7BB31-512,0,script,-1,complete,Not capability,0% <= x < 16.7%,0% <= x < 16.7%,0,0,0,1,1,1,0,0,0,0,0,0,0,1,0,0,0.0,0
582347.mira,582347,mira,2015-08-31 11:25:50,20150831,2015-08-31 11:36:29,20150831,2015-08-31 11:41:27,20150831,34871601655553,97534845395728,backfill,300.0,298.0,512.0,432.0,8192.0,6912.0,MIR-48840-7BB71-512,0,365,1,639,2,574.08,680.3911,0.0,678.1155,0.0,0.0,678.1155,MIR-48840-7BB71-512,0,script,-1,complete,Not capability,0% <= x < 16.7%,0% <= x < 16.7%,0,0,0,1,1,1,0,0,0,0,0,0,0,1,0,0,0.0,0
582380.mira,582380,mira,2015-08-31 11:37:24,20150831,2015-08-31 11:38:39,20150831,2015-08-31 11:42:32,20150831,34871601655553,97534845395728,backfill,300.0,233.0,512.0,432.0,8192.0,6912.0,MIR-48880-7BBB1-512,0,31,0,75,0,449.28,532.48,0.0,530.2044,0.0,0.0,530.2044,MIR-48880-7BBB1-512,0,script,-1,complete,Not capability,0% <= x < 16.7%,0% <= x < 16.7%,0,0,0,1,1,1,0,0,0,0,0,0,0,1,0,0,0.0,0
582379.mira,582379,mira,2015-08-31 11:37:13,20150831,2015-08-31 11:39:18,20150831,2015-08-31 11:43:01,20150831,34871601655553,97534845395728,backfill,300.0,223.0,512.0,432.0,8192.0,6912.0,MIR-480C0-7B3F1-512,0,70,0,125,0,428.16,507.4489,0.0,507.4488,0.0,0.0,507.4488,MIR-480C0-7B3F1-512,0,script,-1,complete,Not capability,0% <= x < 16.7%,0% <= x < 16.7%,0,0,0,1,1,1,0,0,0,0,0,0,0,1,0,0,0.0,0
582383.mira,582383,mira,2015-08-31 11:37:38,20150831,2015-08-31 11:39:52,20150831,2015-08-31 11:45:22,20150831,34871601655553,97534845395728,backfill,300.0,330.0,512.0,432.0,8192.0,6912.0,MIR-48080-7B3B1-512,0,105,0,134,0,633.6,750.9333,0.0,750.9333,0.0,0.0,750.9333,MIR-48080-7B3B1-512,0,script,-1,complete,Not capability,0% <= x < 16.7%,0% <= x < 16.7%,0,0,0,1,1,1,0,0,0,0,0,0,0,1,0,0,0.0,0
582382.mira,582382,mira,2015-08-31 11:37:29,20150831,2015-08-31 11:40:29,20150831,2015-08-31 11:44:39,20150831,34871601655553,97534845395728,backfill,300.0,250.0,512.0,432.0,8192.0,6912.0,MIR-48040-7B371-512,0,139,0,180,0,478.08,566.6133,0.0,568.8888,0.0,0.0,568.8888,MIR-48040-7B371-512,0,script,-1,complete,Not capability,0% <= x < 16.7%,0% <= x < 16.7%,0,0,0,1,1,1,0,0,0,0,0,0,0,1,0,0,0.0,0
582385.mira,582385,mira,2015-08-31 11:37:48,20150831,2015-08-31 11:41:41,20150831,2015-08-31 11:45:40,20150831,34871601655553,97534845395728,backfill,300.0,239.0,512.0,432.0,8192.0,6912.0,MIR-48000-7B331-512,0,172,0,234,0,458.88,543.8578,0.0,543.8577,0.0,0.0,543.8577,MIR-48000-7B331-512,0,script,-1,complete,Not capability,0% <= x < 16.7%,0% <= x < 16.7%,0,0,0,1,1,1,0,0,0,0,0,0,0,1,0,0,0.0,0
581888.mira,581888,mira,2015-08-31 07:43:58,20150831,2015-08-31 11:42:13,20150831,2015-08-31 12:39:38,20150831,92887426071282,26995251945683,prod-capability,3600.0,3445.0,8192.0,8192.0,131072.0,131072.0,MIR-44000-77FF1-8192,0,14296,3,14296,3,125392.2133,125392.2133,125428.6222,0.0,0.0,125428.6222,0.0,MIR-44000-77FF1-8192,0,script,-1,complete,Capability,16.7% <= x < 33.3%,16.7% <= x < 33.3%,0,0,0,1,1,1,0,0,0,0,0,0,0,1,0,0,0.0,0
582384.mira,582384,mira,2015-08-31 11:37:43,20150831,2015-08-31 11:42:48,20150831,2015-08-31 11:46:49,20150831,34871601655553,97534845395728,backfill,300.0,241.0,512.0,432.0,8192.0,6912.0,MIR-48840-7BB71-512,0,217,0,306,1,462.72,548.4089,0.0,548.4088,0.0,0.0,548.4088,MIR-48840-7BB71-512,0,script,-1,complete,Not capability,0% <= x < 16.7%,0% <= x < 16.7%,0,0,0,1,1,1,0,0,0,0,0,0,0,1,0,0,0.0,0
582393.mira,582393,mira,2015-08-31 11:42:54,20150831,2015-08-31 11:43:23,20150831,2015-08-31 11:47:06,20150831,34871601655553,97534845395728,backfill,300.0,223.0,512.0,432.0,8192.0,6912.0,MIR-480C0-7B3F1-512,0,30,0,30,0,426.24,505.1733,0.0,507.4488,0.0,0.0,507.4488,MIR-480C0-7B3F1-512,0,script,-1,complete,Not capability,0% <= x < 16.7%,0% <= x < 16.7%,0,0,0,1,1,1,0,0,0,0,0,0,0,1,0,0,0.0,0
582398.mira,582398,mira,2015-08-31 11:43:39,20150831,2015-08-31 11:44:48,20150831,2015-08-31 11:48:28,20150831,34871601655553,97534845395728,backfill,300.0,220.0,512.0,432.0,8192.0,6912.0,MIR-48800-7BB31-512,0,28,0,70,0,422.4,500.6222,0.0,500.6222,0.0,0.0,500.6222,MIR-48800-7BB31-512,0,script,-1,complete,Not capability,0% <= x < 16.7%,0% <= x < 16.7%,0,0,0,1,1,1,0,0,0,0,0,0,0,1,0,0,0.0,0
582397.mira,582397,mira,2015-08-31 11:43:34,20150831,2015-08-31 11:45:21,20150831,2015-08-31 11:49:29,20150831,34871601655553,97534845395728,backfill,300.0,248.0,512.0,432.0,8192.0,6912.0,MIR-48080-7B3B1-512,0,61,0,108,0,476.16,564.3378,0.0,564.3377,0.0,0.0,564.3377,MIR-48080-7B3B1-512,0,script,-1,complete,Not capability,0% <= x < 16.7%,0% <= x < 16.7%,0,0,0,1,1,1,0,0,0,0,0,0,0,1,0,0,0.0,0
582399.mira,582399,mira,2015-08-31 11:43:46,20150831,2015-08-31 11:45:56,20150831,2015-08-31 11:50:48,20150831,34871601655553,97534845395728,backfill,300.0,292.0,512.0,432.0,8192.0,6912.0,MIR-48040-7B371-512,0,97,0,131,0,558.72,662.1867,0.0,664.4622,0.0,0.0,664.4622,MIR-48040-7B371-512,0,script,-1,complete,Not capability,0% <= x < 16.7%,0% <= x < 16.7%,0,0,0,1,1,1,0,0,0,0,0,0,0,1,0,0,0.0,0
582395.mira,582395,mira,2015-08-31 11:43:19,20150831,2015-08-31 11:46:49,20150831,2015-08-31 11:50:21,20150831,34871601655553,97534845395728,backfill,300.0,212.0,512.0,432.0,8192.0,6912.0,MIR-48000-7B331-512,0,120,0,209,0,408.96,484.6933,0.0,482.4177,0.0,0.0,482.4177,MIR-48000-7B331-512,0,script,-1,complete,Not capability,0% <= x < 16.7%,0% <= x < 16.7%,0,0,0,1,1,1,0,0,0,0,0,0,0,1,0,0,0.0,0
582396.mira,582396,mira,2015-08-31 11:43:24,20150831,2015-08-31 11:47:21,20150831,2015-08-31 11:51:07,20150831,34871601655553,97534845395728,backfill,300.0,226.0,512.0,432.0,8192.0,6912.0,MIR-48880-7BBB1-512,0,148,0,236,0,435.84,516.5511,0.0,514.2755,0.0,0.0,514.2755,MIR-48880-7BBB1-512,0,script,-1,complete,Not capability,0% <= x < 16.7%,0% <= x < 16.7%,0,0,0,1,1,1,0,0,0,0,0,0,0,1,0,0,0.0,0
582394.mira,582394,mira,2015-08-31 11:43:00,20150831,2015-08-31 11:48:58,20150831,2015-08-31 11:53:03,20150831,34871601655553,97534845395728,backfill,300.0,245.0,512.0,432.0,8192.0,6912.0,MIR-48840-7BB71-512,0,217,0,357,1,472.32,559.7867,0.0,557.5111,0.0,0.0,557.5111,MIR-48840-7BB71-512,0,script,-1,complete,Not capability,0% <= x < 16.7%,0% <= x < 16.7%,0,0,0,1,1,1,0,0,0,0,0,0,0,1,0,0,0.0,0
582410.mira,582410,mira,2015-08-31 11:49:05,20150831,2015-08-31 11:49:34,20150831,2015-08-31 11:53:27,20150831,34871601655553,97534845395728,backfill,300.0,233.0,512.0,432.0,8192.0,6912.0,MIR-48800-7BB31-512,0,29,0,29,0,447.36,530.2044,0.0,530.2044,0.0,0.0,530.2044,MIR-48800-7BB31-512,0,script,-1,complete,Not capability,0% <= x < 16.7%,0% <= x < 16.7%,0,0,0,1,1,1,0,0,0,0,0,0,0,1,0,0,0.0,0
582417.mira,582417,mira,2015-08-31 11:50:01,20150831,2015-08-31 11:50:47,20150831,2015-08-31 11:53:29,20150831,34871601655553,97534845395728,backfill,300.0,162.0,512.0,432.0,8192.0,6912.0,MIR-48480-7B7B1-512,0,45,0,45,0,312.96,370.9156,0.0,368.64,0.0,0.0,368.64,MIR-48480-7B7B1-512,0,script,-1,complete,Not capability,0% <= x < 16.7%,0% <= x < 16.7%,0,0,0,1,1,1,0,0,0,0,0,0,0,1,0,0,0.0,0
582414.mira,582414,mira,2015-08-31 11:49:40,20150831,2015-08-31 11:51:25,20150831,2015-08-31 11:54:49,20150831,34871601655553,97534845395728,backfill,300.0,204.0,512.0,432.0,8192.0,6912.0,MIR-484C0-7B7F1-512,0,91,0,106,0,389.76,461.9378,0.0,464.2133,0.0,0.0,464.2133,MIR-484C0-7B7F1-512,0,script,-1,complete,Not capability,0% <= x < 16.7%,0% <= x < 16.7%,0,0,0,1,1,1,0,0,0,0,0,0,0,1,0,0,0.0,0
582411.mira,582411,mira,2015-08-31 11:49:10,20150831,2015-08-31 11:51:56,20150831,2015-08-31 11:55:05,20150831,34871601655553,97534845395728,backfill,300.0,189.0,512.0,432.0,8192.0,6912.0,MIR-48880-7BBB1-512,0,148,0,166,0,360.96,427.8044,0.0,430.08,0.0,0.0,430.08,MIR-48880-7BBB1-512,0,script,-1,complete,Not capability,0% <= x < 16.7%,0% <= x < 16.7%,0,0,0,1,1,1,0,0,0,0,0,0,0,1,0,0,0.0,0
582415.mira,582415,mira,2015-08-31 11:49:45,20150831,2015-08-31 11:53:27,20150831,2015-08-31 11:56:25,20150831,34871601655553,97534845395728,backfill,300.0,178.0,512.0,432.0,8192.0,6912.0,MIR-48440-7B771-512,0,162,0,221,0,343.68,407.3244,0.0,405.0488,0.0,0.0,405.0488,MIR-48440-7B771-512,0,script,-1,complete,Not capability,0% <= x < 16.7%,0% <= x < 16.7%,0,0,0,1,1,1,0,0,0,0,0,0,0,1,0,0,0.0,0
582413.mira,582413,mira,2015-08-31 11:49:29,20150831,2015-08-31 11:53:58,20150831,2015-08-31 11:57:26,20150831,34871601655553,97534845395728,backfill,300.0,208.0,512.0,432.0,8192.0,6912.0,MIR-48400-7B731-512,0,199,0,268,0,401.28,475.5911,0.0,473.3155,0.0,0.0,473.3155,MIR-48400-7B731-512,0,script,-1,complete,Not capability,0% <= x < 16.7%,0% <= x < 16.7%,0,0,0,1,1,1,0,0,0,0,0,0,0,1,0,0,0.0,0
582409.mira,582409,mira,2015-08-31 11:49:03,20150831,2015-08-31 11:54:30,20150831,2015-08-31 11:57:41,20150831,34871601655553,97534845395728,backfill,300.0,191.0,512.0,432.0,8192.0,6912.0,MIR-48480-7B7B1-512,0,259,0,327,1,366.72,434.6311,0.0,434.6311,0.0,0.0,434.6311,MIR-48480-7B7B1-512,0,script,-1,complete,Not capability,0% <= x < 16.7%,0% <= x < 16.7%,0,0,0,1,1,1,0,0,0,0,0,0,0,1,0,0,0.0,0
582351.mira,582351,mira,2015-08-31 11:26:25,20150831,2015-08-31 11:55:00,20150831,2015-08-31 11:59:20,20150831,34871601655553,97534845395728,backfill,300.0,260.0,512.0,432.0,8192.0,6912.0,MIR-484C0-7B7F1-512,0,1103,3,1715,5,497.28,589.3689,0.0,591.6444,0.0,0.0,591.6444,MIR-484C0-7B7F1-512,0,script,-1,complete,Not capability,0% <= x < 16.7%,0% <= x < 16.7%,0,0,0,1,1,1,0,0,0,0,0,0,0,1,0,0,0.0,0
582429.mira,582429,mira,2015-08-31 11:55:10,20150831,2015-08-31 11:55:30,20150831,2015-08-31 11:58:17,20150831,34871601655553,97534845395728,backfill,300.0,167.0,512.0,432.0,8192.0,6912.0,MIR-48840-7BB71-512,0,21,0,21,0,320.64,380.0178,0.0,380.0177,0.0,0.0,380.0177,MIR-48840-7BB71-512,0,script,-1,complete,Not capability,0% <= x < 16.7%,0% <= x < 16.7%,0,0,0,1,1,1,0,0,0,0,0,0,0,1,0,0,0.0,0
582434.mira,582434,mira,2015-08-31 11:55:41,20150831,2015-08-31 11:56:29,20150831,2015-08-31 11:59:37,20150831,34871601655553,97534845395728,backfill,300.0,188.0,512.0,432.0,8192.0,6912.0,MIR-48880-7BBB1-512,0,25,0,47,0,360.96,427.8044,0.0,427.8044,0.0,0.0,427.8044,MIR-48880-7BBB1-512,0,script,-1,complete,Not capability,0% <= x < 16.7%,0% <= x < 16.7%,0,0,0,1,1,1,0,0,0,0,0,0,0,1,0,0,0.0,0
582438.mira,582438,mira,2015-08-31 11:56:13,20150831,2015-08-31 11:57:33,20150831,2015-08-31 11:59:59,20150831,34871601655553,97534845395728,backfill,300.0,146.0,512.0,432.0,8192.0,6912.0,MIR-48800-7BB31-512,0,41,0,80,0,280.32,332.2311,0.0,332.2311,0.0,0.0,332.2311,MIR-48800-7BB31-512,0,script,-1,complete,Not capability,0% <= x < 16.7%,0% <= x < 16.7%,0,0,0,1,1,1,0,0,0,0,0,0,0,1,0,0,0.0,0
582436.mira,582436,mira,2015-08-31 11:56:08,20150831,2015-08-31 11:58:11,20150831,2015-08-31 12:01:21,20150831,34871601655553,97534845395728,backfill,300.0,190.0,512.0,432.0,8192.0,6912.0,MIR-48440-7B771-512,0,85,0,123,0,362.88,430.08,0.0,432.3555,0.0,0.0,432.3555,MIR-48440-7B771-512,0,script,-1,complete,Not capability,0% <= x < 16.7%,0% <= x < 16.7%,0,0,0,1,1,1,0,0,0,0,0,0,0,1,0,0,0.0,0
582431.mira,582431,mira,2015-08-31 11:55:31,20150831,2015-08-31 11:58:44,20150831,2015-08-31 12:02:45,20150831,34871601655553,97534845395728,backfill,300.0,241.0,512.0,432.0,8192.0,6912.0,MIR-48400-7B731-512,0,121,0,192,0,464.64,550.6844,0.0,548.4088,0.0,0.0,548.4088,MIR-48400-7B731-512,0,script,-1,complete,Not capability,0% <= x < 16.7%,0% <= x < 16.7%,0,0,0,1,1,1,0,0,0,0,0,0,0,1,0,0,0.0,0
582430.mira,582430,mira,2015-08-31 11:55:19,20150831,2015-08-31 11:59:37,20150831,2015-08-31 12:04:13,20150831,34871601655553,97534845395728,backfill,300.0,276.0,512.0,432.0,8192.0,6912.0,MIR-48840-7BB71-512,0,171,0,259,0,529.92,628.0533,0.0,628.0533,0.0,0.0,628.0533,MIR-48840-7BB71-512,0,script,-1,complete,Not capability,0% <= x < 16.7%,0% <= x < 16.7%,0,0,0,1,1,1,0,0,0,0,0,0,0,1,0,0,0.0,0
582432.mira,582432,mira,2015-08-31 11:55:36,20150831,2015-08-31 12:00:00,20150831,2015-08-31 12:03:44,20150831,34871601655553,97534845395728,backfill,300.0,224.0,512.0,432.0,8192.0,6912.0,MIR-48880-7BBB1-512,0,180,0,264,0,430.08,509.7244,0.0,509.7244,0.0,0.0,509.7244,MIR-48880-7BBB1-512,0,script,-1,complete,Not capability,0% <= x < 16.7%,0% <= x < 16.7%,0,0,0,1,1,1,0,0,0,0,0,0,0,1,0,0,0.0,0
582435.mira,582435,mira,2015-08-31 11:55:58,20150831,2015-08-31 12:00:31,20150831,2015-08-31 12:04:30,20150831,34871601655553,97534845395728,backfill,300.0,239.0,512.0,432.0,8192.0,6912.0,MIR-484C0-7B7F1-512,0,211,0,274,0,458.88,543.8578,0.0,543.8577,0.0,0.0,543.8577,MIR-484C0-7B7F1-512,0,script,-1,complete,Not capability,0% <= x < 16.7%,0% <= x < 16.7%,0,0,0,1,1,1,0,0,0,0,0,0,0,1,0,0,0.0,0
581258.mira,581258,mira,2015-08-30 21:40:11,20150830,2015-08-31 12:01:35,20150831,2015-08-31 12:05:01,20150831,34871601655553,97534845395728,backfill,300.0,206.0,512.0,432.0,8192.0,6912.0,MIR-48800-7BB31-512,0,48397,161,51685,172,395.52,468.7644,0.0,468.7644,0.0,0.0,468.7644,MIR-48800-7BB31-512,0,script,-1,complete,Not capability,0% <= x < 16.7%,0% <= x < 16.7%,0,0,0,1,1,1,0,0,0,0,0,0,0,1,0,0,0.0,0
582446.mira,582446,mira,2015-08-31 12:01:52,20150831,2015-08-31 12:03:11,20150831,2015-08-31 12:05:56,20150831,34871601655553,97534845395728,backfill,300.0,165.0,512.0,432.0,8192.0,6912.0,MIR-48480-7B7B1-512,0,43,0,80,0,316.8,375.4667,0.0,375.4666,0.0,0.0,375.4666,MIR-48480-7B7B1-512,0,script,-1,complete,Not capability,0% <= x < 16.7%,0% <= x < 16.7%,0,0,0,1,1,1,0,0,0,0,0,0,0,1,0,0,0.0,0
582443.mira,582443,mira,2015-08-31 12:01:41,20150831,2015-08-31 12:03:44,20150831,2015-08-31 12:07:15,20150831,34871601655553,97534845395728,backfill,300.0,211.0,512.0,432.0,8192.0,6912.0,MIR-48400-7B731-512,0,68,0,122,0,407.04,482.4178,0.0,480.1422,0.0,0.0,480.1422,MIR-48400-7B731-512,0,script,-1,complete,Not capability,0% <= x < 16.7%,0% <= x < 16.7%,0,0,0,1,1,1,0,0,0,0,0,0,0,1,0,0,0.0,0
582449.mira,582449,mira,2015-08-31 12:02:18,20150831,2015-08-31 12:04:19,20150831,2015-08-31 12:07:16,20150831,34871601655553,97534845395728,backfill,300.0,177.0,512.0,432.0,8192.0,6912.0,MIR-48440-7B771-512,0,103,0,120,0,341.76,405.0489,0.0,402.7733,0.0,0.0,402.7733,MIR-48440-7B771-512,0,script,-1,complete,Not capability,0% <= x < 16.7%,0% <= x < 16.7%,0,0,0,1,1,1,0,0,0,0,0,0,0,1,0,0,0.0,0
582442.mira,582442,mira,2015-08-31 12:01:33,20150831,2015-08-31 12:04:46,20150831,2015-08-31 12:08:20,20150831,34871601655553,97534845395728,backfill,300.0,214.0,512.0,432.0,8192.0,6912.0,MIR-48880-7BBB1-512,0,134,0,193,0,410.88,486.9689,0.0,486.9688,0.0,0.0,486.9688,MIR-48880-7BBB1-512,0,script,-1,complete,Not capability,0% <= x < 16.7%,0% <= x < 16.7%,0,0,0,1,1,1,0,0,0,0,0,0,0,1,0,0,0.0,0
582447.mira,582447,mira,2015-08-31 12:02:08,20150831,2015-08-31 12:05:20,20150831,2015-08-31 12:08:20,20150831,34871601655553,97534845395728,backfill,300.0,180.0,512.0,432.0,8192.0,6912.0,MIR-48840-7BB71-512,0,164,0,192,0,347.52,411.8756,0.0,409.6,0.0,0.0,409.6,MIR-48840-7BB71-512,0,script,-1,complete,Not capability,0% <= x < 16.7%,0% <= x < 16.7%,0,0,0,1,1,1,0,0,0,0,0,0,0,1,0,0,0.0,0
567376.mira,567376,mira,2015-08-23 03:17:48,20150823,2015-08-31 12:05:51,20150831,2015-08-31 13:46:31,20150831,94435408522577,902672531503,backfill,6000.0,6040.0,2048.0,2048.0,32768.0,32768.0,MIR-48000-7B3F1-2048,143,458690,76,722883,120,54977.4222,54977.4222,0.0,54977.4222,0.0,0.0,54977.4222,MIR-48000-7B3F1-2048,143,script,-1,complete,Not capability,0% <= x < 16.7%,0% <= x < 16.7%,0,0,0,1,1,1,0,0,0,0,0,0,0,1,0,0,0.0,0
582441.mira,582441,mira,2015-08-31 12:01:28,20150831,2015-08-31 12:06:22,20150831,2015-08-31 12:09:23,20150831,34871601655553,97534845395728,backfill,300.0,181.0,512.0,432.0,8192.0,6912.0,MIR-48800-7BB31-512,0,217,0,295,0,347.52,411.8756,0.0,411.8755,0.0,0.0,411.8755,MIR-48800-7BB31-512,0,script,-1,complete,Not capability,0% <= x < 16.7%,0% <= x < 16.7%,0,0,0,1,1,1,0,0,0,0,0,0,0,1,0,0,0.0,0
582445.mira,582445,mira,2015-08-31 12:01:46,20150831,2015-08-31 12:07:42,20150831,2015-08-31 12:10:26,20150831,34871601655553,97534845395728,backfill,300.0,164.0,512.0,432.0,8192.0,6912.0,MIR-48CC0-7BFF1-512,0,234,0,355,1,314.88,373.1911,0.0,373.1911,0.0,0.0,373.1911,MIR-48CC0-7BFF1-512,0,script,-1,complete,Not capability,0% <= x < 16.7%,0% <= x < 16.7%,0,0,0,1,1,1,0,0,0,0,0,0,0,1,0,0,0.0,0
582464.mira,582464,mira,2015-08-31 12:07:42,20150831,2015-08-31 12:08:19,20150831,2015-08-31 12:11:21,20150831,34871601655553,97534845395728,backfill,300.0,182.0,512.0,432.0,8192.0,6912.0,MIR-48480-7B7B1-512,0,36,0,36,0,349.44,414.1511,0.0,414.1511,0.0,0.0,414.1511,MIR-48480-7B7B1-512,0,script,-1,complete,Not capability,0% <= x < 16.7%,0% <= x < 16.7%,0,0,0,1,1,1,0,0,0,0,0,0,0,1,0,0,0.0,0
582469.mira,582469,mira,2015-08-31 12:08:29,20150831,2015-08-31 12:08:52,20150831,2015-08-31 12:12:22,20150831,34871601655553,97534845395728,backfill,300.0,210.0,512.0,432.0,8192.0,6912.0,MIR-48840-7BB71-512,0,23,0,23,0,403.2,477.8667,0.0,477.8666,0.0,0.0,477.8666,MIR-48840-7BB71-512,0,script,-1,complete,Not capability,0% <= x < 16.7%,0% <= x < 16.7%,0,0,0,1,1,1,0,0,0,0,0,0,0,1,0,0,0.0,0
582474.mira,582474,mira,2015-08-31 12:09:03,20150831,2015-08-31 12:09:20,20150831,2015-08-31 12:13:41,20150831,34871601655553,97534845395728,backfill,300.0,261.0,512.0,432.0,8192.0,6912.0,MIR-48880-7BBB1-512,0,18,0,18,0,501.12,593.92,0.0,593.92,0.0,0.0,593.92,MIR-48880-7BBB1-512,0,script,-1,complete,Not capability,0% <= x < 16.7%,0% <= x < 16.7%,0,0,0,1,1,1,0,0,0,0,0,0,0,1,0,0,0.0,0
582473.mira,582473,mira,2015-08-31 12:08:58,20150831,2015-08-31 12:09:51,20150831,2015-08-31 12:15:09,20150831,34871601655553,97534845395728,backfill,300.0,318.0,512.0,432.0,8192.0,6912.0,MIR-48800-7BB31-512,0,54,0,54,0,610.56,723.6267,0.0,723.6266,0.0,0.0,723.6266,MIR-48800-7BB31-512,0,script,-1,complete,Not capability,0% <= x < 16.7%,0% <= x < 16.7%,0,0,0,1,1,1,0,0,0,0,0,0,0,1,0,0,0.0,0
582472.mira,582472,mira,2015-08-31 12:08:47,20150831,2015-08-31 12:11:05,20150831,2015-08-31 12:16:28,20150831,34871601655553,97534845395728,backfill,300.0,323.0,512.0,432.0,8192.0,6912.0,MIR-484C0-7B7F1-512,0,125,0,138,0,618.24,732.7289,0.0,735.0044,0.0,0.0,735.0044,MIR-484C0-7B7F1-512,0,script,-1,complete,Not capability,0% <= x < 16.7%,0% <= x < 16.7%,0,0,0,1,1,1,0,0,0,0,0,0,0,1,0,0,0.0,0
582470.mira,582470,mira,2015-08-31 12:08:34,20150831,2015-08-31 12:11:43,20150831,2015-08-31 12:15:40,20150831,34871601655553,97534845395728,backfill,300.0,237.0,512.0,432.0,8192.0,6912.0,MIR-48CC0-7BFF1-512,0,175,0,188,0,456.96,541.5822,0.0,539.3066,0.0,0.0,539.3066,MIR-48CC0-7BFF1-512,0,script,-1,complete,Not capability,0% <= x < 16.7%,0% <= x < 16.7%,0,0,0,1,1,1,0,0,0,0,0,0,0,1,0,0,0.0,0
582468.mira,582468,mira,2015-08-31 12:08:19,20150831,2015-08-31 12:12:37,20150831,2015-08-31 12:15:26,20150831,34871601655553,97534845395728,backfill,300.0,169.0,512.0,432.0,8192.0,6912.0,MIR-48480-7B7B1-512,0,221,0,258,0,324.48,384.5689,0.0,384.5688,0.0,0.0,384.5688,MIR-48480-7B7B1-512,0,script,-1,complete,Not capability,0% <= x < 16.7%,0% <= x < 16.7%,0,0,0,1,1,1,0,0,0,0,0,0,0,1,0,0,0.0,0
582466.mira,582466,mira,2015-08-31 12:07:57,20150831,2015-08-31 12:14:06,20150831,2015-08-31 12:16:49,20150831,34871601655553,97534845395728,backfill,300.0,163.0,512.0,432.0,8192.0,6912.0,MIR-48840-7BB71-512,0,284,0,369,1,312.96,370.9156,0.0,370.9155,0.0,0.0,370.9155,MIR-48840-7BB71-512,0,script,-1,complete,Not capability,0% <= x < 16.7%,0% <= x < 16.7%,0,0,0,1,1,1,0,0,0,0,0,0,0,1,0,0,0.0,0
582483.mira,582483,mira,2015-08-31 12:14:43,20150831,2015-08-31 12:15:39,20150831,2015-08-31 12:20:09,20150831,34871601655553,97534845395728,backfill,300.0,270.0,512.0,432.0,8192.0,6912.0,MIR-48880-7BBB1-512,0,44,0,55,0,520.32,616.6756,0.0,614.4,0.0,0.0,614.4,MIR-48880-7BBB1-512,0,script,-1,complete,Not capability,0% <= x < 16.7%,0% <= x < 16.7%,0,0,0,1,1,1,0,0,0,0,0,0,0,1,0,0,0.0,0
582484.mira,582484,mira,2015-08-31 12:14:48,20150831,2015-08-31 12:16:13,20150831,2015-08-31 12:20:34,20150831,34871601655553,97534845395728,backfill,300.0,261.0,512.0,432.0,8192.0,6912.0,MIR-48480-7B7B1-512,0,78,0,84,0,506.88,600.7467,0.0,593.92,0.0,0.0,593.92,MIR-48480-7B7B1-512,0,script,-1,complete,Not capability,0% <= x < 16.7%,0% <= x < 16.7%,0,0,0,1,1,1,0,0,0,0,0,0,0,1,0,0,0.0,0
582482.mira,582482,mira,2015-08-31 12:14:35,20150831,2015-08-31 12:16:45,20150831,2015-08-31 12:21:15,20150831,34871601655553,97534845395728,backfill,300.0,270.0,512.0,432.0,8192.0,6912.0,MIR-48800-7BB31-512,0,112,0,131,0,518.4,614.4,0.0,614.4,0.0,0.0,614.4,MIR-48800-7BB31-512,0,script,-1,complete,Not capability,0% <= x < 16.7%,0% <= x < 16.7%,0,0,0,1,1,1,0,0,0,0,0,0,0,1,0,0,0.0,0
582481.mira,582481,mira,2015-08-31 12:14:18,20150831,2015-08-31 12:17:16,20150831,2015-08-31 12:23:01,20150831,34871601655553,97534845395728,backfill,300.0,345.0,512.0,432.0,8192.0,6912.0,MIR-484C0-7B7F1-512,0,143,0,178,0,662.4,785.0667,0.0,785.0666,0.0,0.0,785.0666,MIR-484C0-7B7F1-512,0,script,-1,complete,Not capability,0% <= x < 16.7%,0% <= x < 16.7%,0,0,0,1,1,1,0,0,0,0,0,0,0,1,0,0,0.0,0
582480.mira,582480,mira,2015-08-31 12:14:13,20150831,2015-08-31 12:17:49,20150831,2015-08-31 12:22:09,20150831,34871601655553,97534845395728,backfill,300.0,260.0,512.0,432.0,8192.0,6912.0,MIR-48CC0-7BFF1-512,0,176,0,216,0,499.2,591.6444,0.0,591.6444,0.0,0.0,591.6444,MIR-48CC0-7BFF1-512,0,script,-1,complete,Not capability,0% <= x < 16.7%,0% <= x < 16.7%,0,0,0,1,1,1,0,0,0,0,0,0,0,1,0,0,0.0,0
582465.mira,582465,mira,2015-08-31 12:07:48,20150831,2015-08-31 12:20:15,20150831,2015-08-31 12:23:16,20150831,34871601655553,97534845395728,backfill,300.0,181.0,512.0,432.0,8192.0,6912.0,MIR-48840-7BB71-512,0,498,1,748,2,345.6,409.6,0.0,411.8755,0.0,0.0,411.8755,MIR-48840-7BB71-512,0,script,-1,complete,Not capability,0% <= x < 16.7%,0% <= x < 16.7%,0,0,0,1,1,1,0,0,0,0,0,0,0,1,0,0,0.0,0
582494.mira,582494,mira,2015-08-31 12:20:16,20150831,2015-08-31 12:21:01,20150831,2015-08-31 12:25:51,20150831,34871601655553,97534845395728,backfill,300.0,290.0,512.0,432.0,8192.0,6912.0,MIR-48880-7BBB1-512,0,25,0,45,0,556.8,659.9111,0.0,659.9111,0.0,0.0,659.9111,MIR-48880-7BBB1-512,0,script,-1,complete,Not capability,0% <= x < 16.7%,0% <= x < 16.7%,0,0,0,1,1,1,0,0,0,0,0,0,0,1,0,0,0.0,0
582500.mira,582500,mira,2015-08-31 12:21:05,20150831,2015-08-31 12:21:38,20150831,2015-08-31 12:25:52,20150831,34871601655553,97534845395728,backfill,300.0,254.0,512.0,432.0,8192.0,6912.0,MIR-48480-7B7B1-512,0,32,0,32,0,487.68,577.9911,0.0,577.9911,0.0,0.0,577.9911,MIR-48480-7B7B1-512,0,script,-1,complete,Not capability,0% <= x < 16.7%,0% <= x < 16.7%,0,0,0,1,1,1,0,0,0,0,0,0,0,1,0,0,0.0,0
582498.mira,582498,mira,2015-08-31 12:20:54,20150831,2015-08-31 12:22:14,20150831,2015-08-31 12:27:33,20150831,34871601655553,97534845395728,backfill,300.0,319.0,512.0,432.0,8192.0,6912.0,MIR-48800-7BB31-512,0,69,0,80,0,614.4,728.1778,0.0,725.9022,0.0,0.0,725.9022,MIR-48800-7BB31-512,0,script,-1,complete,Not capability,0% <= x < 16.7%,0% <= x < 16.7%,0,0,0,1,1,1,0,0,0,0,0,0,0,1,0,0,0.0,0
582495.mira,582495,mira,2015-08-31 12:20:21,20150831,2015-08-31 12:23:00,20150831,2015-08-31 12:27:54,20150831,34871601655553,97534845395728,backfill,300.0,294.0,512.0,432.0,8192.0,6912.0,MIR-48CC0-7BFF1-512,0,133,0,159,0,564.48,669.0133,0.0,669.0133,0.0,0.0,669.0133,MIR-48CC0-7BFF1-512,0,script,-1,complete,Not capability,0% <= x < 16.7%,0% <= x < 16.7%,0,0,0,1,1,1,0,0,0,0,0,0,0,1,0,0,0.0,0
582497.mira,582497,mira,2015-08-31 12:20:37,20150831,2015-08-31 12:23:34,20150831,2015-08-31 12:28:11,20150831,34871601655553,97534845395728,backfill,300.0,277.0,512.0,432.0,8192.0,6912.0,MIR-484C0-7B7F1-512,0,166,0,177,0,531.84,630.3289,0.0,630.3288,0.0,0.0,630.3288,MIR-484C0-7B7F1-512,0,script,-1,complete,Not capability,0% <= x < 16.7%,0% <= x < 16.7%,0,0,0,1,1,1,0,0,0,0,0,0,0,1,0,0,0.0,0
582492.mira,582492,mira,2015-08-31 12:19:58,20150831,2015-08-31 12:26:09,20150831,2015-08-31 12:30:49,20150831,34871601655553,97534845395728,backfill,300.0,280.0,512.0,432.0,8192.0,6912.0,MIR-48840-7BB71-512,0,217,0,370,1,539.52,639.4311,0.0,637.1555,0.0,0.0,637.1555,MIR-48840-7BB71-512,0,script,-1,complete,Not capability,0% <= x < 16.7%,0% <= x < 16.7%,0,0,0,1,1,1,0,0,0,0,0,0,0,1,0,0,0.0,0
582515.mira,582515,mira,2015-08-31 12:26:14,20150831,2015-08-31 12:26:41,20150831,2015-08-31 12:30:50,20150831,34871601655553,97534845395728,backfill,300.0,249.0,512.0,432.0,8192.0,6912.0,MIR-48880-7BBB1-512,0,27,0,27,0,478.08,566.6133,0.0,566.6133,0.0,0.0,566.6133,MIR-48880-7BBB1-512,0,script,-1,complete,Not capability,0% <= x < 16.7%,0% <= x < 16.7%,0,0,0,1,1,1,0,0,0,0,0,0,0,1,0,0,0.0,0
582520.mira,582520,mira,2015-08-31 12:26:49,20150831,2015-08-31 12:27:43,20150831,2015-08-31 12:31:32,20150831,34871601655553,97534845395728,backfill,300.0,229.0,512.0,432.0,8192.0,6912.0,MIR-48480-7B7B1-512,0,28,0,55,0,439.68,521.1022,0.0,521.1022,0.0,0.0,521.1022,MIR-48480-7B7B1-512,0,script,-1,complete,Not capability,0% <= x < 16.7%,0% <= x < 16.7%,0,0,0,1,1,1,0,0,0,0,0,0,0,1,0,0,0.0,0
582521.mira,582521,mira,2015-08-31 12:26:59,20150831,2015-08-31 12:28:20,20150831,2015-08-31 12:32:47,20150831,34871601655553,97534845395728,backfill,300.0,267.0,512.0,432.0,8192.0,6912.0,MIR-48CC0-7BFF1-512,0,64,0,80,0,514.56,609.8489,0.0,607.5733,0.0,0.0,607.5733,MIR-48CC0-7BFF1-512,0,script,-1,complete,Not capability,0% <= x < 16.7%,0% <= x < 16.7%,0,0,0,1,1,1,0,0,0,0,0,0,0,1,0,0,0.0,0
582519.mira,582519,mira,2015-08-31 12:26:43,20150831,2015-08-31 12:28:52,20150831,2015-08-31 12:33:57,20150831,34871601655553,97534845395728,backfill,300.0,305.0,512.0,432.0,8192.0,6912.0,MIR-48800-7BB31-512,0,97,0,129,0,583.68,691.7689,0.0,694.0444,0.0,0.0,694.0444,MIR-48800-7BB31-512,0,script,-1,complete,Not capability,0% <= x < 16.7%,0% <= x < 16.7%,0,0,0,1,1,1,0,0,0,0,0,0,0,1,0,0,0.0,0
582517.mira,582517,mira,2015-08-31 12:26:37,20150831,2015-08-31 12:31:27,20150831,2015-08-31 12:35:28,20150831,34871601655553,97534845395728,backfill,300.0,241.0,512.0,432.0,8192.0,6912.0,MIR-484C0-7B7F1-512,0,156,0,291,0,462.72,548.4089,0.0,548.4088,0.0,0.0,548.4088,MIR-484C0-7B7F1-512,0,script,-1,complete,Not capability,0% <= x < 16.7%,0% <= x < 16.7%,0,0,0,1,1,1,0,0,0,0,0,0,0,1,0,0,0.0,0
582516.mira,582516,mira,2015-08-31 12:26:19,20150831,2015-08-31 12:32:02,20150831,2015-08-31 12:37:01,20150831,34871601655553,97534845395728,backfill,300.0,299.0,512.0,432.0,8192.0,6912.0,MIR-48840-7BB71-512,0,210,0,344,1,572.16,678.1156,0.0,680.3911,0.0,0.0,680.3911,MIR-48840-7BB71-512,0,script,-1,complete,Not capability,0% <= x < 16.7%,0% <= x < 16.7%,0,0,0,1,1,1,0,0,0,0,0,0,0,1,0,0,0.0,0
582532.mira,582532,mira,2015-08-31 12:32:08,20150831,2015-08-31 12:32:32,20150831,2015-08-31 12:36:02,20150831,34871601655553,97534845395728,backfill,300.0,210.0,512.0,432.0,8192.0,6912.0,MIR-48480-7B7B1-512,0,24,0,24,0,408.96,484.6933,0.0,477.8666,0.0,0.0,477.8666,MIR-48480-7B7B1-512,0,script,-1,complete,Not capability,0% <= x < 16.7%,0% <= x < 16.7%,0,0,0,1,1,1,0,0,0,0,0,0,0,1,0,0,0.0,0
582536.mira,582536,mira,2015-08-31 12:32:41,20150831,2015-08-31 12:33:07,20150831,2015-08-31 12:37:29,20150831,34871601655553,97534845395728,backfill,300.0,262.0,512.0,432.0,8192.0,6912.0,MIR-48880-7BBB1-512,0,27,0,27,0,503.04,596.1956,0.0,596.1955,0.0,0.0,596.1955,MIR-48880-7BBB1-512,0,script,-1,complete,Not capability,0% <= x < 16.7%,0% <= x < 16.7%,0,0,0,1,1,1,0,0,0,0,0,0,0,1,0,0,0.0,0
582538.mira,582538,mira,2015-08-31 12:32:51,20150831,2015-08-31 12:34:09,20150831,2015-08-31 12:39:37,20150831,34871601655553,97534845395728,backfill,300.0,328.0,512.0,432.0,8192.0,6912.0,MIR-48CC0-7BFF1-512,0,50,0,78,0,631.68,748.6578,0.0,746.3822,0.0,0.0,746.3822,MIR-48CC0-7BFF1-512,0,script,-1,complete,Not capability,0% <= x < 16.7%,0% <= x < 16.7%,0,0,0,1,1,1,0,0,0,0,0,0,0,1,0,0,0.0,0
581978.mira,581978,mira,2015-08-31 08:39:49,20150831,2015-08-31 12:34:43,20150831,2015-08-31 12:39:12,20150831,94731157596563,34761664008145,prod-capability,1800.0,269.0,16384.0,16384.0,262144.0,262144.0,MIR-00000-73FF1-16384,0,14093,7,14093,7,19587.9822,19587.9822,19587.9822,0.0,19587.9822,0.0,0.0,MIR-00000-73FF1-16384,0,c16,-1,complete,Capability,33.3% <= x <= 100%,33.3% <= x < 50.0%,0,0,0,1,1,1,0,0,0,0,0,0,0,1,0,0,0.0,0
582539.mira,582539,mira,2015-08-31 12:32:59,20150831,2015-08-31 12:35:53,20150831,2015-08-31 12:41:12,20150831,34871601655553,97534845395728,backfill,300.0,319.0,512.0,432.0,8192.0,6912.0,MIR-48C00-7BF31-512,0,83,0,175,0,610.56,723.6267,0.0,725.9022,0.0,0.0,725.9022,MIR-48C00-7BF31-512,0,script,-1,complete,Not capability,0% <= x < 16.7%,0% <= x < 16.7%,0,0,0,1,1,1,0,0,0,0,0,0,0,1,0,0,0.0,0
582537.mira,582537,mira,2015-08-31 12:32:46,20150831,2015-08-31 12:36:49,20150831,2015-08-31 12:41:37,20150831,34871601655553,97534845395728,backfill,300.0,288.0,512.0,432.0,8192.0,6912.0,MIR-484C0-7B7F1-512,0,142,0,243,0,554.88,657.6356,0.0,655.36,0.0,0.0,655.36,MIR-484C0-7B7F1-512,0,script,-1,complete,Not capability,0% <= x < 16.7%,0% <= x < 16.7%,0,0,0,1,1,1,0,0,0,0,0,0,0,1,0,0,0.0,0
582534.mira,582534,mira,2015-08-31 12:32:29,20150831,2015-08-31 12:37:30,20150831,2015-08-31 12:42:06,20150831,34871601655553,97534845395728,backfill,300.0,276.0,512.0,432.0,8192.0,6912.0,MIR-48800-7BB31-512,0,199,0,301,1,531.84,630.3289,0.0,628.0533,0.0,0.0,628.0533,MIR-48800-7BB31-512,0,script,-1,complete,Not capability,0% <= x < 16.7%,0% <= x < 16.7%,0,0,0,1,1,1,0,0,0,0,0,0,0,1,0,0,0.0,0
582533.mira,582533,mira,2015-08-31 12:32:14,20150831,2015-08-31 12:38:13,20150831,2015-08-31 12:42:35,20150831,34871601655553,97534845395728,backfill,300.0,262.0,512.0,432.0,8192.0,6912.0,MIR-48480-7B7B1-512,0,259,0,360,1,501.12,593.92,0.0,596.1955,0.0,0.0,596.1955,MIR-48480-7B7B1-512,0,script,-1,complete,Not capability,0% <= x < 16.7%,0% <= x < 16.7%,0,0,0,1,1,1,0,0,0,0,0,0,0,1,0,0,0.0,0
582543.mira,582543,mira,2015-08-31 12:38:22,20150831,2015-08-31 12:39:40,20150831,2015-08-31 12:44:12,20150831,34871601655553,97534845395728,backfill,300.0,272.0,512.0,432.0,8192.0,6912.0,MIR-48C40-7BF71-512,0,27,0,78,0,520.32,616.6756,0.0,618.9511,0.0,0.0,618.9511,MIR-48C40-7BF71-512,0,script,-1,complete,Not capability,0% <= x < 16.7%,0% <= x < 16.7%,0,0,0,1,1,1,0,0,0,0,0,0,0,1,0,0,0.0,0
581980.mira,581980,mira,2015-08-31 08:40:05,20150831,2015-08-31 12:40:11,20150831,2015-08-31 12:44:54,20150831,94731157596563,34761664008145,prod-capability,1800.0,283.0,24576.0,24576.0,393216.0,393216.0,MIR-00000-3BFF1-24576,0,14406,8,14406,8,30911.1467,30911.1467,30911.1466,0.0,30911.1466,0.0,0.0,MIR-00000-3BFF1-24576,0,c16,-1,complete,Capability,33.3% <= x <= 100%,50.0% <= x < 66.7%,0,0,0,1,1,1,0,0,0,0,0,0,0,1,0,0,0.0,0
582545.mira,582545,mira,2015-08-31 12:38:48,20150831,2015-08-31 12:41:14,20150831,2015-08-31 12:46:33,20150831,34871601655553,97534845395728,backfill,300.0,319.0,512.0,432.0,8192.0,6912.0,MIR-48840-7BB71-512,0,65,0,146,0,616.32,730.4533,0.0,725.9022,0.0,0.0,725.9022,MIR-48840-7BB71-512,0,script,-1,complete,Not capability,0% <= x < 16.7%,0% <= x < 16.7%,0,0,0,1,1,1,0,0,0,0,0,0,0,1,0,0,0.0,0
582542.mira,582542,mira,2015-08-31 12:38:17,20150831,2015-08-31 12:41:54,20150831,2015-08-31 12:46:56,20150831,34871601655553,97534845395728,backfill,300.0,302.0,512.0,432.0,8192.0,6912.0,MIR-48880-7BBB1-512,0,107,0,218,0,577.92,684.9422,0.0,687.2177,0.0,0.0,687.2177,MIR-48880-7BBB1-512,0,script,-1,complete,Not capability,0% <= x < 16.7%,0% <= x < 16.7%,0,0,0,1,1,1,0,0,0,0,0,0,0,1,0,0,0.0,0
582544.mira,582544,mira,2015-08-31 12:38:39,20150831,2015-08-31 12:42:41,20150831,2015-08-31 12:47:41,20150831,34871601655553,97534845395728,backfill,300.0,300.0,512.0,432.0,8192.0,6912.0,MIR-484C0-7B7F1-512,0,152,0,242,0,576.0,682.6667,0.0,682.6666,0.0,0.0,682.6666,MIR-484C0-7B7F1-512,0,script,-1,complete,Not capability,0% <= x < 16.7%,0% <= x < 16.7%,0,0,0,1,1,1,0,0,0,0,0,0,0,1,0,0,0.0,0
582546.mira,582546,mira,2015-08-31 12:38:54,20150831,2015-08-31 12:43:34,20150831,2015-08-31 12:48:52,20150831,34871601655553,97534845395728,backfill,300.0,318.0,512.0,432.0,8192.0,6912.0,MIR-48CC0-7BFF1-512,0,204,0,280,0,612.48,725.9022,0.0,723.6266,0.0,0.0,723.6266,MIR-48CC0-7BFF1-512,0,script,-1,complete,Not capability,0% <= x < 16.7%,0% <= x < 16.7%,0,0,0,1,1,1,0,0,0,0,0,0,0,1,0,0,0.0,0
582558.mira,582558,mira,2015-08-31 12:44:16,20150831,2015-08-31 12:44:34,20150831,2015-08-31 12:48:00,20150831,34871601655553,97534845395728,backfill,300.0,206.0,512.0,432.0,8192.0,6912.0,MIR-48480-7B7B1-512,0,18,0,18,0,395.52,468.7644,0.0,468.7644,0.0,0.0,468.7644,MIR-48480-7B7B1-512,0,script,-1,complete,Not capability,0% <= x < 16.7%,0% <= x < 16.7%,0,0,0,1,1,1,0,0,0,0,0,0,0,1,0,0,0.0,0
581977.mira,581977,mira,2015-08-31 08:39:45,20150831,2015-08-31 12:46:11,20150831,2015-08-31 12:50:34,20150831,94731157596563,34761664008145,prod-capability,1800.0,263.0,12288.0,12288.0,196608.0,196608.0,MIR-00000-73BF1-12288,0,14786,8,14786,8,14417.92,14417.92,14363.3066,0.0,0.0,14363.3066,0.0,MIR-00000-73BF1-12288,0,c16,-1,complete,Capability,16.7% <= x < 33.3%,16.7% <= x < 33.3%,0,0,0,1,1,1,0,0,0,0,0,0,0,1,0,0,0.0,0
582128.mira,582128,mira,2015-08-31 09:43:46,20150831,2015-08-31 12:46:41,20150831,2015-08-31 12:50:51,20150831,94731157596563,34761664008145,prod-capability,1800.0,250.0,16384.0,15987.0,262144.0,255792.0,MIR-04000-77FF1-16384,0,10975,6,10975,6,17834.3867,18277.2622,18204.4444,0.0,0.0,18204.4444,0.0,MIR-04000-77FF1-16384,0,c16,-1,complete,Capability,16.7% <= x < 33.3%,16.7% <= x < 33.3%,0,0,0,1,1,1,0,0,0,0,0,0,0,1,0,0,0.0,0
582561.mira,582561,mira,2015-08-31 12:44:37,20150831,2015-08-31 12:47:40,20150831,2015-08-31 12:51:10,20150831,34871601655553,97534845395728,backfill,300.0,210.0,512.0,432.0,8192.0,6912.0,MIR-48880-7BBB1-512,0,66,0,184,0,401.28,475.5911,0.0,477.8666,0.0,0.0,477.8666,MIR-48880-7BBB1-512,0,script,-1,complete,Not capability,0% <= x < 16.7%,0% <= x < 16.7%,0,0,0,1,1,1,0,0,0,0,0,0,0,1,0,0,0.0,0
582563.mira,582563,mira,2015-08-31 12:44:47,20150831,2015-08-31 12:48:25,20150831,2015-08-31 12:53:05,20150831,34871601655553,97534845395728,backfill,300.0,280.0,512.0,432.0,8192.0,6912.0,MIR-484C0-7B7F1-512,0,110,0,218,0,535.68,634.88,0.0,637.1555,0.0,0.0,637.1555,MIR-484C0-7B7F1-512,0,script,-1,complete,Not capability,0% <= x < 16.7%,0% <= x < 16.7%,0,0,0,1,1,1,0,0,0,0,0,0,0,1,0,0,0.0,0
582562.mira,582562,mira,2015-08-31 12:44:39,20150831,2015-08-31 12:49:11,20150831,2015-08-31 12:53:36,20150831,34871601655553,97534845395728,backfill,300.0,265.0,512.0,432.0,8192.0,6912.0,MIR-48480-7B7B1-512,0,157,0,273,0,508.8,603.0222,0.0,603.0222,0.0,0.0,603.0222,MIR-48480-7B7B1-512,0,script,-1,complete,Not capability,0% <= x < 16.7%,0% <= x < 16.7%,0,0,0,1,1,1,0,0,0,0,0,0,0,1,0,0,0.0,0
582560.mira,582560,mira,2015-08-31 12:44:21,20150831,2015-08-31 12:49:44,20150831,2015-08-31 12:52:46,20150831,34871601655553,97534845395728,backfill,300.0,182.0,512.0,432.0,8192.0,6912.0,MIR-48CC0-7BFF1-512,0,204,0,323,1,349.44,414.1511,0.0,414.1511,0.0,0.0,414.1511,MIR-48CC0-7BFF1-512,0,script,-1,complete,Not capability,0% <= x < 16.7%,0% <= x < 16.7%,0,0,0,1,1,1,0,0,0,0,0,0,0,1,0,0,0.0,0
582557.mira,582557,mira,2015-08-31 12:44:06,20150831,2015-08-31 12:50:15,20150831,2015-08-31 12:54:30,20150831,34871601655553,97534845395728,backfill,300.0,255.0,512.0,432.0,8192.0,6912.0,MIR-48400-7B731-512,0,250,0,369,1,489.6,580.2667,0.0,580.2666,0.0,0.0,580.2666,MIR-48400-7B731-512,0,script,-1,complete,Not capability,0% <= x < 16.7%,0% <= x < 16.7%,0,0,0,1,1,1,0,0,0,0,0,0,0,1,0,0,0.0,0
582571.mira,582571,mira,2015-08-31 12:50:35,20150831,2015-08-31 12:51:11,20150831,2015-08-31 12:54:31,20150831,34871601655553,97534845395728,backfill,300.0,200.0,512.0,432.0,8192.0,6912.0,MIR-48440-7B771-512,0,17,0,36,0,384.0,455.1111,0.0,455.1111,0.0,0.0,455.1111,MIR-48440-7B771-512,0,script,-1,complete,Not capability,0% <= x < 16.7%,0% <= x < 16.7%,0,0,0,1,1,1,0,0,0,0,0,0,0,1,0,0,0.0,0
582127.mira,582127,mira,2015-08-31 09:43:41,20150831,2015-08-31 12:51:40,20150831,2015-08-31 12:55:01,20150831,94731157596563,34761664008145,prod-capability,1800.0,201.0,12288.0,12288.0,196608.0,196608.0,MIR-00000-73BF1-12288,0,11279,6,11279,6,10977.28,10977.28,10977.28,0.0,0.0,10977.28,0.0,MIR-00000-73BF1-12288,0,c16,-1,complete,Capability,16.7% <= x < 33.3%,16.7% <= x < 33.3%,0,0,0,1,1,1,0,0,0,0,0,0,0,1,0,0,0.0,0
582570.mira,582570,mira,2015-08-31 12:50:27,20150831,2015-08-31 12:52:48,20150831,2015-08-31 12:56:15,20150831,34871601655553,97534845395728,backfill,300.0,207.0,512.0,432.0,8192.0,6912.0,MIR-48880-7BBB1-512,0,55,0,142,0,397.44,471.04,0.0,471.04,0.0,0.0,471.04,MIR-48880-7BBB1-512,0,script,-1,complete,Not capability,0% <= x < 16.7%,0% <= x < 16.7%,0,0,0,1,1,1,0,0,0,0,0,0,0,1,0,0,0.0,0
582569.mira,582569,mira,2015-08-31 12:50:21,20150831,2015-08-31 12:53:26,20150831,2015-08-31 12:57:01,20150831,34871601655553,97534845395728,backfill,300.0,215.0,512.0,432.0,8192.0,6912.0,MIR-48CC0-7BFF1-512,0,93,0,185,0,410.88,486.9689,0.0,489.2444,0.0,0.0,489.2444,MIR-48CC0-7BFF1-512,0,script,-1,complete,Not capability,0% <= x < 16.7%,0% <= x < 16.7%,0,0,0,1,1,1,0,0,0,0,0,0,0,1,0,0,0.0,0
582568.mira,582568,mira,2015-08-31 12:50:10,20150831,2015-08-31 12:53:59,20150831,2015-08-31 12:57:49,20150831,34871601655553,97534845395728,backfill,300.0,230.0,512.0,432.0,8192.0,6912.0,MIR-484C0-7B7F1-512,0,133,0,229,0,445.44,527.9289,0.0,523.3777,0.0,0.0,523.3777,MIR-484C0-7B7F1-512,0,script,-1,complete,Not capability,0% <= x < 16.7%,0% <= x < 16.7%,0,0,0,1,1,1,0,0,0,0,0,0,0,1,0,0,0.0,0
582572.mira,582572,mira,2015-08-31 12:50:55,20150831,2015-08-31 12:54:57,20150831,2015-08-31 12:59:03,20150831,34871601655553,97534845395728,backfill,300.0,246.0,512.0,432.0,8192.0,6912.0,MIR-48480-7B7B1-512,0,167,0,243,0,470.4,557.5111,0.0,559.7866,0.0,0.0,559.7866,MIR-48480-7B7B1-512,0,script,-1,complete,Not capability,0% <= x < 16.7%,0% <= x < 16.7%,0,0,0,1,1,1,0,0,0,0,0,0,0,1,0,0,0.0,0
582493.mira,582493,mira,2015-08-31 12:20:03,20150831,2015-08-31 12:55:30,20150831,2015-08-31 13:00:18,20150831,34871601655553,97534845395728,backfill,300.0,288.0,512.0,432.0,8192.0,6912.0,MIR-48840-7BB71-512,0,1371,4,2126,7,554.88,657.6356,0.0,655.36,0.0,0.0,655.36,MIR-48840-7BB71-512,0,script,-1,complete,Not capability,0% <= x < 16.7%,0% <= x < 16.7%,0,0,0,1,1,1,0,0,0,0,0,0,0,1,0,0,0.0,0
582130.mira,582130,mira,2015-08-31 09:43:59,20150831,2015-08-31 12:56:25,20150831,2015-08-31 13:00:47,20150831,94731157596563,34761664008145,prod-capability,1800.0,262.0,24576.0,24300.0,393216.0,388800.0,MIR-00000-3BFF1-24576,0,11547,6,11547,6,28188.0,28508.16,28617.3866,0.0,28617.3866,0.0,0.0,MIR-00000-3BFF1-24576,0,c16,-1,complete,Capability,33.3% <= x <= 100%,33.3% <= x < 50.0%,0,0,0,1,1,1,0,0,0,0,0,0,0,1,0,0,0.0,0
582586.mira,582586,mira,2015-08-31 12:56:35,20150831,2015-08-31 12:57:03,20150831,2015-08-31 13:01:19,20150831,34871601655553,97534845395728,backfill,300.0,256.0,512.0,432.0,8192.0,6912.0,MIR-48880-7BBB1-512,0,28,0,28,0,489.6,580.2667,0.0,582.5422,0.0,0.0,582.5422,MIR-48880-7BBB1-512,0,script,-1,complete,Not capability,0% <= x < 16.7%,0% <= x < 16.7%,0,0,0,1,1,1,0,0,0,0,0,0,0,1,0,0,0.0,0
582589.mira,582589,mira,2015-08-31 12:56:50,20150831,2015-08-31 12:57:46,20150831,2015-08-31 13:01:33,20150831,34871601655553,97534845395728,backfill,300.0,227.0,512.0,432.0,8192.0,6912.0,MIR-48800-7BB31-512,0,57,0,57,0,435.84,516.5511,0.0,516.5511,0.0,0.0,516.5511,MIR-48800-7BB31-512,0,script,-1,complete,Not capability,0% <= x < 16.7%,0% <= x < 16.7%,0,0,0,1,1,1,0,0,0,0,0,0,0,1,0,0,0.0,0
582585.mira,582585,mira,2015-08-31 12:56:30,20150831,2015-08-31 12:58:30,20150831,2015-08-31 13:02:21,20150831,34871601655553,97534845395728,backfill,300.0,231.0,512.0,432.0,8192.0,6912.0,MIR-48CC0-7BFF1-512,0,116,0,119,0,445.44,527.9289,0.0,525.6533,0.0,0.0,525.6533,MIR-48CC0-7BFF1-512,0,script,-1,complete,Not capability,0% <= x < 16.7%,0% <= x < 16.7%,0,0,0,1,1,1,0,0,0,0,0,0,0,1,0,0,0.0,0
582587.mira,582587,mira,2015-08-31 12:56:41,20150831,2015-08-31 12:59:25,20150831,2015-08-31 13:02:53,20150831,34871601655553,97534845395728,backfill,300.0,208.0,512.0,432.0,8192.0,6912.0,MIR-484C0-7B7F1-512,0,145,0,165,0,397.44,471.04,0.0,473.3155,0.0,0.0,473.3155,MIR-484C0-7B7F1-512,0,script,-1,complete,Not capability,0% <= x < 16.7%,0% <= x < 16.7%,0,0,0,1,1,1,0,0,0,0,0,0,0,1,0,0,0.0,0
582584.mira,582584,mira,2015-08-31 12:56:19,20150831,2015-08-31 13:00:25,20150831,2015-08-31 13:04:28,20150831,34871601655553,97534845395728,backfill,300.0,243.0,512.0,432.0,8192.0,6912.0,MIR-48480-7B7B1-512,0,195,0,245,0,466.56,552.96,0.0,552.96,0.0,0.0,552.96,MIR-48480-7B7B1-512,0,script,-1,complete,Not capability,0% <= x < 16.7%,0% <= x < 16.7%,0,0,0,1,1,1,0,0,0,0,0,0,0,1,0,0,0.0,0
582581.mira,582581,mira,2015-08-31 12:56:05,20150831,2015-08-31 13:01:30,20150831,2015-08-31 13:05:20,20150831,34871601655553,97534845395728,backfill,300.0,230.0,512.0,432.0,8192.0,6912.0,MIR-48840-7BB71-512,0,238,0,325,1,441.6,523.3778,0.0,523.3777,0.0,0.0,523.3777,MIR-48840-7BB71-512,0,script,-1,complete,Not capability,0% <= x < 16.7%,0% <= x < 16.7%,0,0,0,1,1,1,0,0,0,0,0,0,0,1,0,0,0.0,0
582582.mira,582582,mira,2015-08-31 12:56:10,20150831,2015-08-31 13:02:03,20150831,2015-08-31 13:05:01,20150831,34871601655553,97534845395728,backfill,300.0,178.0,512.0,432.0,8192.0,6912.0,MIR-48880-7BBB1-512,0,265,0,352,1,343.68,407.3244,0.0,405.0488,0.0,0.0,405.0488,MIR-48880-7BBB1-512,0,script,-1,complete,Not capability,0% <= x < 16.7%,0% <= x < 16.7%,0,0,0,1,1,1,0,0,0,0,0,0,0,1,0,0,0.0,0
582598.mira,582598,mira,2015-08-31 13:02:12,20150831,2015-08-31 13:02:34,20150831,2015-08-31 13:05:21,20150831,34871601655553,97534845395728,backfill,300.0,167.0,512.0,432.0,8192.0,6912.0,MIR-48CC0-7BFF1-512,0,21,0,21,0,320.64,380.0178,0.0,380.0177,0.0,0.0,380.0177,MIR-48CC0-7BFF1-512,0,script,-1,complete,Not capability,0% <= x < 16.7%,0% <= x < 16.7%,0,0,0,1,1,1,0,0,0,0,0,0,0,1,0,0,0.0,0
582600.mira,582600,mira,2015-08-31 13:02:30,20150831,2015-08-31 13:03:05,20150831,2015-08-31 13:06:41,20150831,34871601655553,97534845395728,backfill,300.0,216.0,512.0,432.0,8192.0,6912.0,MIR-48800-7BB31-512,0,33,0,36,0,414.72,491.52,0.0,491.52,0.0,0.0,491.52,MIR-48800-7BB31-512,0,script,-1,complete,Not capability,0% <= x < 16.7%,0% <= x < 16.7%,0,0,0,1,1,1,0,0,0,0,0,0,0,1,0,0,0.0,0
582603.mira,582603,mira,2015-08-31 13:03:00,20150831,2015-08-31 13:04:39,20150831,2015-08-31 13:08:42,20150831,34871601655553,97534845395728,backfill,300.0,243.0,512.0,432.0,8192.0,6912.0,MIR-484C0-7B7F1-512,0,35,0,98,0,466.56,552.96,0.0,552.96,0.0,0.0,552.96,MIR-484C0-7B7F1-512,0,script,-1,complete,Not capability,0% <= x < 16.7%,0% <= x < 16.7%,0,0,0,1,1,1,0,0,0,0,0,0,0,1,0,0,0.0,0
582604.mira,582604,mira,2015-08-31 13:03:10,20150831,2015-08-31 13:05:11,20150831,2015-08-31 13:08:21,20150831,34871601655553,97534845395728,backfill,300.0,190.0,512.0,432.0,8192.0,6912.0,MIR-48480-7B7B1-512,0,56,0,122,0,362.88,430.08,0.0,432.3555,0.0,0.0,432.3555,MIR-48480-7B7B1-512,0,script,-1,complete,Not capability,0% <= x < 16.7%,0% <= x < 16.7%,0,0,0,1,1,1,0,0,0,0,0,0,0,1,0,0,0.0,0
582602.mira,582602,mira,2015-08-31 13:02:46,20150831,2015-08-31 13:05:55,20150831,2015-08-31 13:10:08,20150831,34871601655553,97534845395728,backfill,300.0,253.0,512.0,432.0,8192.0,6912.0,MIR-48840-7BB71-512,0,120,0,189,0,485.76,575.7156,0.0,575.7155,0.0,0.0,575.7155,MIR-48840-7BB71-512,0,script,-1,complete,Not capability,0% <= x < 16.7%,0% <= x < 16.7%,0,0,0,1,1,1,0,0,0,0,0,0,0,1,0,0,0.0,0
582601.mira,582601,mira,2015-08-31 13:02:35,20150831,2015-08-31 13:06:29,20150831,2015-08-31 13:10:39,20150831,34871601655553,97534845395728,backfill,300.0,250.0,512.0,432.0,8192.0,6912.0,MIR-48CC0-7BFF1-512,0,163,0,234,0,478.08,566.6133,0.0,568.8888,0.0,0.0,568.8888,MIR-48CC0-7BFF1-512,0,script,-1,complete,Not capability,0% <= x < 16.7%,0% <= x < 16.7%,0,0,0,1,1,1,0,0,0,0,0,0,0,1,0,0,0.0,0
582599.mira,582599,mira,2015-08-31 13:02:17,20150831,2015-08-31 13:06:54,20150831,2015-08-31 13:09:35,20150831,34871601655553,97534845395728,backfill,300.0,161.0,512.0,432.0,8192.0,6912.0,MIR-48880-7BBB1-512,0,204,0,276,0,311.04,368.64,0.0,366.3644,0.0,0.0,366.3644,MIR-48880-7BBB1-512,0,script,-1,complete,Not capability,0% <= x < 16.7%,0% <= x < 16.7%,0,0,0,1,1,1,0,0,0,0,0,0,0,1,0,0,0.0,0
582612.mira,582612,mira,2015-08-31 13:08:29,20150831,2015-08-31 13:08:52,20150831,2015-08-31 13:12:00,20150831,34871601655553,97534845395728,backfill,300.0,188.0,512.0,432.0,8192.0,6912.0,MIR-48800-7BB31-512,0,23,0,23,0,362.88,430.08,0.0,427.8044,0.0,0.0,427.8044,MIR-48800-7BB31-512,0,script,-1,complete,Not capability,0% <= x < 16.7%,0% <= x < 16.7%,0,0,0,1,1,1,0,0,0,0,0,0,0,1,0,0,0.0,0
582617.mira,582617,mira,2015-08-31 13:08:59,20150831,2015-08-31 13:09:24,20150831,2015-08-31 13:12:42,20150831,34871601655553,97534845395728,backfill,300.0,198.0,512.0,432.0,8192.0,6912.0,MIR-48C80-7BFB1-512,0,26,0,26,0,382.08,452.8356,0.0,450.56,0.0,0.0,450.56,MIR-48C80-7BFB1-512,0,script,-1,complete,Not capability,0% <= x < 16.7%,0% <= x < 16.7%,0,0,0,1,1,1,0,0,0,0,0,0,0,1,0,0,0.0,0
582618.mira,582618,mira,2015-08-31 13:09:04,20150831,2015-08-31 13:10:08,20150831,2015-08-31 13:13:18,20150831,34871601655553,97534845395728,backfill,300.0,190.0,512.0,432.0,8192.0,6912.0,MIR-48880-7BBB1-512,0,64,0,64,0,366.72,434.6311,0.0,432.3555,0.0,0.0,432.3555,MIR-48880-7BBB1-512,0,script,-1,complete,Not capability,0% <= x < 16.7%,0% <= x < 16.7%,0,0,0,1,1,1,0,0,0,0,0,0,0,1,0,0,0.0,0
582616.mira,582616,mira,2015-08-31 13:08:52,20150831,2015-08-31 13:10:40,20150831,2015-08-31 13:14:50,20150831,34871601655553,97534845395728,backfill,300.0,250.0,512.0,432.0,8192.0,6912.0,MIR-48C40-7BF71-512,0,109,0,109,0,480.0,568.8889,0.0,568.8888,0.0,0.0,568.8888,MIR-48C40-7BF71-512,0,script,-1,complete,Not capability,0% <= x < 16.7%,0% <= x < 16.7%,0,0,0,1,1,1,0,0,0,0,0,0,0,1,0,0,0.0,0
582613.mira,582613,mira,2015-08-31 13:08:31,20150831,2015-08-31 13:11:13,20150831,2015-08-31 13:14:15,20150831,34871601655553,97534845395728,backfill,300.0,182.0,512.0,432.0,8192.0,6912.0,MIR-48840-7BB71-512,0,162,0,162,0,351.36,416.4267,0.0,414.1511,0.0,0.0,414.1511,MIR-48840-7BB71-512,0,script,-1,complete,Not capability,0% <= x < 16.7%,0% <= x < 16.7%,0,0,0,1,1,1,0,0,0,0,0,0,0,1,0,0,0.0,0
582615.mira,582615,mira,2015-08-31 13:08:36,20150831,2015-08-31 13:12:11,20150831,2015-08-31 13:15:57,20150831,34871601655553,97534845395728,backfill,300.0,226.0,512.0,432.0,8192.0,6912.0,MIR-48C00-7BF31-512,0,186,0,215,0,432.0,512.0,0.0,514.2755,0.0,0.0,514.2755,MIR-48C00-7BF31-512,0,script,-1,complete,Not capability,0% <= x < 16.7%,0% <= x < 16.7%,0,0,0,1,1,1,0,0,0,0,0,0,0,1,0,0,0.0,0
582611.mira,582611,mira,2015-08-31 13:08:19,20150831,2015-08-31 13:13:15,20150831,2015-08-31 13:17:40,20150831,34871601655553,97534845395728,backfill,300.0,265.0,512.0,432.0,8192.0,6912.0,MIR-48800-7BB31-512,0,236,0,296,0,510.72,605.2978,0.0,603.0222,0.0,0.0,603.0222,MIR-48800-7BB31-512,0,script,-1,complete,Not capability,0% <= x < 16.7%,0% <= x < 16.7%,0,0,0,1,1,1,0,0,0,0,0,0,0,1,0,0,0.0,0
582597.mira,582597,mira,2015-08-31 13:02:07,20150831,2015-08-31 13:13:51,20150831,2015-08-31 13:17:24,20150831,34871601655553,97534845395728,backfill,300.0,213.0,512.0,432.0,8192.0,6912.0,MIR-48880-7BBB1-512,0,487,1,705,2,407.04,482.4178,0.0,484.6933,0.0,0.0,484.6933,MIR-48880-7BBB1-512,0,script,-1,complete,Not capability,0% <= x < 16.7%,0% <= x < 16.7%,0,0,0,1,1,1,0,0,0,0,0,0,0,1,0,0,0.0,0
582632.mira,582632,mira,2015-08-31 13:14:25,20150831,2015-08-31 13:14:44,20150831,2015-08-31 13:18:01,20150831,34871601655553,97534845395728,backfill,300.0,197.0,512.0,432.0,8192.0,6912.0,MIR-48C80-7BFB1-512,0,20,0,20,0,378.24,448.2844,0.0,448.2844,0.0,0.0,448.2844,MIR-48C80-7BFB1-512,0,script,-1,complete,Not capability,0% <= x < 16.7%,0% <= x < 16.7%,0,0,0,1,1,1,0,0,0,0,0,0,0,1,0,0,0.0,0
582635.mira,582635,mira,2015-08-31 13:14:50,20150831,2015-08-31 13:15:19,20150831,2015-08-31 13:18:02,20150831,34871601655553,97534845395728,backfill,300.0,163.0,512.0,432.0,8192.0,6912.0,MIR-48840-7BB71-512,0,29,0,29,0,311.04,368.64,0.0,370.9155,0.0,0.0,370.9155,MIR-48840-7BB71-512,0,script,-1,complete,Not capability,0% <= x < 16.7%,0% <= x < 16.7%,0,0,0,1,1,1,0,0,0,0,0,0,0,1,0,0,0.0,0
582637.mira,582637,mira,2015-08-31 13:15:14,20150831,2015-08-31 13:16:28,20150831,2015-08-31 13:20:01,20150831,34871601655553,97534845395728,backfill,300.0,213.0,512.0,432.0,8192.0,6912.0,MIR-48CC0-7BFF1-512,0,59,0,75,0,408.96,484.6933,0.0,484.6933,0.0,0.0,484.6933,MIR-48CC0-7BFF1-512,0,script,-1,complete,Not capability,0% <= x < 16.7%,0% <= x < 16.7%,0,0,0,1,1,1,0,0,0,0,0,0,0,1,0,0,0.0,0
582636.mira,582636,mira,2015-08-31 13:14:59,20150831,2015-08-31 13:17:29,20150831,2015-08-31 13:20:45,20150831,34871601655553,97534845395728,backfill,300.0,196.0,512.0,432.0,8192.0,6912.0,MIR-48C40-7BF71-512,0,106,0,149,0,378.24,448.2844,0.0,446.0088,0.0,0.0,446.0088,MIR-48C40-7BF71-512,0,script,-1,complete,Not capability,0% <= x < 16.7%,0% <= x < 16.7%,0,0,0,1,1,1,0,0,0,0,0,0,0,1,0,0,0.0,0
582639.mira,582639,mira,2015-08-31 13:15:30,20150831,2015-08-31 13:18:00,20150831,2015-08-31 13:21:31,20150831,34871601655553,97534845395728,backfill,300.0,211.0,512.0,432.0,8192.0,6912.0,MIR-48C00-7BF31-512,0,117,0,150,0,405.12,480.1422,0.0,480.1422,0.0,0.0,480.1422,MIR-48C00-7BF31-512,0,script,-1,complete,Not capability,0% <= x < 16.7%,0% <= x < 16.7%,0,0,0,1,1,1,0,0,0,0,0,0,0,1,0,0,0.0,0
582638.mira,582638,mira,2015-08-31 13:15:25,20150831,2015-08-31 13:18:29,20150831,2015-08-31 13:22:12,20150831,34871601655553,97534845395728,backfill,300.0,223.0,512.0,432.0,8192.0,6912.0,MIR-48C80-7BFB1-512,0,146,0,184,0,428.16,507.4489,0.0,507.4488,0.0,0.0,507.4488,MIR-48C80-7BFB1-512,0,script,-1,complete,Not capability,0% <= x < 16.7%,0% <= x < 16.7%,0,0,0,1,1,1,0,0,0,0,0,0,0,1,0,0,0.0,0
582634.mira,582634,mira,2015-08-31 13:14:45,20150831,2015-08-31 13:19:01,20150831,2015-08-31 13:21:30,20150831,34871601655553,97534845395728,backfill,300.0,149.0,512.0,432.0,8192.0,6912.0,MIR-48880-7BBB1-512,0,214,0,257,0,286.08,339.0578,0.0,339.0577,0.0,0.0,339.0577,MIR-48880-7BBB1-512,0,script,-1,complete,Not capability,0% <= x < 16.7%,0% <= x < 16.7%,0,0,0,1,1,1,0,0,0,0,0,0,0,1,0,0,0.0,0
582633.mira,582633,mira,2015-08-31 13:14:30,20150831,2015-08-31 13:20:08,20150831,2015-08-31 13:23:17,20150831,34871601655553,97534845395728,backfill,300.0,189.0,512.0,432.0,8192.0,6912.0,MIR-48840-7BB71-512,0,260,0,338,1,360.96,427.8044,0.0,430.08,0.0,0.0,430.08,MIR-48840-7BB71-512,0,script,-1,complete,Not capability,0% <= x < 16.7%,0% <= x < 16.7%,0,0,0,1,1,1,0,0,0,0,0,0,0,1,0,0,0.0,0
582462.mira,582462,mira,2015-08-31 12:07:26,20150831,2015-08-31 13:20:58,20150831,2015-08-31 13:24:39,20150831,34871601655553,97534845395728,backfill,300.0,221.0,512.0,432.0,8192.0,6912.0,MIR-48C40-7BF71-512,0,2960,9,4411,14,424.32,502.8978,0.0,502.8977,0.0,0.0,502.8977,MIR-48C40-7BF71-512,0,script,-1,complete,Not capability,0% <= x < 16.7%,0% <= x < 16.7%,0,0,0,1,1,1,0,0,0,0,0,0,0,1,0,0,0.0,0
582440.mira,582440,mira,2015-08-31 12:01:26,20150831,2015-08-31 13:22:00,20150831,2015-08-31 13:24:54,20150831,34871601655553,97534845395728,backfill,300.0,174.0,512.0,432.0,8192.0,6912.0,MIR-48800-7BB31-512,0,3226,10,4834,16,334.08,395.9467,0.0,395.9466,0.0,0.0,395.9466,MIR-48800-7BB31-512,0,script,-1,complete,Not capability,0% <= x < 16.7%,0% <= x < 16.7%,0,0,0,1,1,1,0,0,0,0,0,0,0,1,0,0,0.0,0
568920.mira,568920,mira,2015-08-24 22:22:35,20150824,2015-08-31 13:22:35,20150831,2015-08-31 13:26:51,20150831,34871601655553,97534845395728,backfill,900.0,256.0,512.0,432.0,8192.0,6912.0,MIR-48880-7BBB1-512,0,556923,618,572400,636,493.44,584.8178,0.0,582.5422,0.0,0.0,582.5422,MIR-48880-7BBB1-512,0,script,-1,complete,Not capability,0% <= x < 16.7%,0% <= x < 16.7%,0,0,0,1,1,1,0,0,0,0,0,0,0,1,0,0,0.0,0
568921.mira,568921,mira,2015-08-24 22:22:43,20150824,2015-08-31 13:23:16,20150831,2015-08-31 13:26:21,20150831,34871601655553,97534845395728,backfill,900.0,185.0,512.0,432.0,8192.0,6912.0,MIR-48C00-7BF31-512,0,556913,618,572432,636,357.12,423.2533,0.0,420.9777,0.0,0.0,420.9777,MIR-48C00-7BF31-512,0,script,-1,complete,Not capability,0% <= x < 16.7%,0% <= x < 16.7%,0,0,0,1,1,1,0,0,0,0,0,0,0,1,0,0,0.0,0
568919.mira,568919,mira,2015-08-24 22:22:29,20150824,2015-08-31 13:23:51,20150831,2015-08-31 13:25:56,20150831,34871601655553,97534845395728,backfill,900.0,125.0,512.0,432.0,8192.0,6912.0,MIR-48C80-7BFB1-512,0,557033,618,572481,636,241.92,286.72,0.0,284.4444,0.0,0.0,284.4444,MIR-48C80-7BFB1-512,0,script,-1,complete,Not capability,0% <= x < 16.7%,0% <= x < 16.7%,0,0,0,1,1,1,0,0,0,0,0,0,0,1,0,0,0.0,0
568917.mira,568917,mira,2015-08-24 22:22:15,20150824,2015-08-31 13:24:51,20150831,2015-08-31 13:28:13,20150831,34871601655553,97534845395728,backfill,900.0,202.0,512.0,432.0,8192.0,6912.0,MIR-48840-7BB71-512,0,557147,619,572556,636,387.84,459.6622,0.0,459.6622,0.0,0.0,459.6622,MIR-48840-7BB71-512,0,script,-1,complete,Not capability,0% <= x < 16.7%,0% <= x < 16.7%,0,0,0,1,1,1,0,0,0,0,0,0,0,1,0,0,0.0,0
568918.mira,568918,mira,2015-08-24 22:22:22,20150824,2015-08-31 13:25:23,20150831,2015-08-31 13:28:30,20150831,34871601655553,97534845395728,backfill,900.0,187.0,512.0,432.0,8192.0,6912.0,MIR-48CC0-7BFF1-512,0,557144,619,572582,636,357.12,423.2533,0.0,425.5288,0.0,0.0,425.5288,MIR-48CC0-7BFF1-512,0,script,-1,complete,Not capability,0% <= x < 16.7%,0% <= x < 16.7%,0,0,0,1,1,1,0,0,0,0,0,0,0,1,0,0,0.0,0
568914.mira,568914,mira,2015-08-24 22:22:00,20150824,2015-08-31 13:26:24,20150831,2015-08-31 13:29:59,20150831,34871601655553,97534845395728,backfill,900.0,215.0,512.0,432.0,8192.0,6912.0,MIR-48800-7BB31-512,0,557278,619,572664,636,414.72,491.52,0.0,489.2444,0.0,0.0,489.2444,MIR-48800-7BB31-512,0,script,-1,complete,Not capability,0% <= x < 16.7%,0% <= x < 16.7%,0,0,0,1,1,1,0,0,0,0,0,0,0,1,0,0,0.0,0
568916.mira,568916,mira,2015-08-24 22:22:10,20150824,2015-08-31 13:26:55,20150831,2015-08-31 13:29:41,20150831,34871601655553,97534845395728,backfill,900.0,166.0,512.0,432.0,8192.0,6912.0,MIR-48C00-7BF31-512,0,557264,619,572684,636,320.64,380.0178,0.0,377.7422,0.0,0.0,377.7422,MIR-48C00-7BF31-512,0,script,-1,complete,Not capability,0% <= x < 16.7%,0% <= x < 16.7%,0,0,0,1,1,1,0,0,0,0,0,0,0,1,0,0,0.0,0
582665.mira,582665,mira,2015-08-31 21:59:38,20150831,2015-08-31 22:00:08,20150831,2015-08-31 22:07:06,20150831,30861277613258,76243759028727,R.pm,1800.0,418.0,49152.0,49152.0,786432.0,786432.0,MIR-00000-7BFF1-49152,0,30,0,30,0,91313.4933,91313.4933,91313.4933,0.0,91313.4933,0.0,0.0,MIR-00000-7BFF1-49152,0,c1,1012,complete,Capability,33.3% <= x <= 100%,83.3% <= x <= 100%,0,0,0,1,1,1,0,0,0,0,0,0,0,1,0,0,0.0,0
582667.mira,582667,mira,2015-08-31 22:53:45,20150831,2015-08-31 23:03:47,20150831,2015-08-31 23:07:00,20150831,5362389472016,76243759028727,R.pm,1200.0,193.0,8192.0,8192.0,131072.0,131072.0,MIR-40000-73FF1-8192,0,602,0,602,0,7026.9156,7026.9156,7026.9155,0.0,0.0,7026.9155,0.0,MIR-40000-73FF1-8192,0,script,1012,complete,Capability,16.7% <= x < 33.3%,16.7% <= x < 33.3%,0,0,0,1,1,1,0,0,0,0,0,0,0,1,0,0,0.0,0
582670.mira,582670,mira,2015-08-31 22:58:19,20150831,2015-08-31 23:04:14,20150831,2015-08-31 23:13:57,20150831,43438849571830,76243759028727,R.pm,1800.0,583.0,8192.0,8192.0,131072.0,131072.0,MIR-00000-33FF1-8192,0,354,0,354,0,21262.7911,21262.7911,21226.3822,0.0,0.0,21226.3822,0.0,MIR-00000-33FF1-8192,0,script,1012,complete,Capability,16.7% <= x < 33.3%,16.7% <= x < 33.3%,0,0,0,1,1,1,0,0,0,0,0,0,0,1,0,0,0.0,0
582668.mira,582668,mira,2015-08-31 22:55:26,20150831,2015-08-31 23:15:44,20150831,2015-08-31 23:23:01,20150831,43438849571830,76243759028727,R.pm,900.0,437.0,49152.0,49152.0,786432.0,786432.0,MIR-00000-7BFF1-49152,0,1219,1,1219,1,95464.1067,95464.1067,95464.1066,0.0,95464.1066,0.0,0.0,MIR-00000-7BFF1-49152,0,c1,1012,complete,Capability,33.3% <= x <= 100%,83.3% <= x <= 100%,0,0,0,1,1,1,0,0,0,0,0,0,0,1,0,0,0.0,0
582671.mira,582671,mira,2015-08-31 23:00:02,20150831,2015-08-31 23:24:21,20150831,2015-08-31 23:44:34,20150831,43438849571830,76243759028727,R.pm,7200.0,1213.0,49152.0,49152.0,786432.0,786432.0,MIR-00000-7BFF1-49152,2,1459,0,1459,0,264983.8933,264983.8933,264983.8933,0.0,264983.8933,0.0,0.0,MIR-00000-7BFF1-49152,2,script,1012,complete,Capability,33.3% <= x <= 100%,83.3% <= x <= 100%,0,0,0,1,1,1,0,0,0,0,0,0,0,1,0,0,0.0,0
581984.mira,581984,mira,2015-08-31 08:40:24,20150831,2015-08-31 23:48:07,20150831,2015-08-31 23:55:03,20150831,94731157596563,34761664008145,prod-capability,1200.0,416.0,49152.0,49152.0,786432.0,786432.0,MIR-00000-7BFF1-49152,0,54462,45,54462,45,91095.04,91095.04,90876.5866,0.0,90876.5866,0.0,0.0,MIR-00000-7BFF1-49152,0,c16,-1,complete,Capability,33.3% <= x <= 100%,83.3% <= x <= 100%,0,0,0,1,1,1,0,0,0,0,0,0,0,1,0,0,0.0,0
576853.mira,576853,mira,2015-08-28 19:56:03,20150828,2015-08-31 23:56:33,20150831,2015-09-01 00:14:09,20150901,91248026253305,73443375049831,prod-capability,2400.0,1056.0,32768.0,32768.0,524288.0,524288.0,MIR-04000-7BFF1-4-32768,0,273631,114,273631,114,153791.1467,153791.1467,153791.1466,0.0,153791.1466,0.0,0.0,MIR-04000-7BFF1-4-32768,0,c1,-1,complete,Capability,33.3% <= x <= 100%,66.7% <= x < 83.3%,0,0,0,1,1,1,0,0,0,0,0,0,0,1,0,0,0.0,0
557796.mira,557796,mira,2015-08-17 08:06:31,20150817,2015-08-31 23:56:59,20150831,2015-09-01 00:16:54,20150901,84923566498292,70130040342980,prod-capability,86400.0,1195.0,16384.0,16384.0,262144.0,262144.0,MIR-00000-73FF1-16384,0,326517,3,1266628,14,87017.2444,87017.2444,87017.2444,0.0,87017.2444,0.0,0.0,MIR-00000-73FF1-16384,0,script,-1,complete,Capability,33.3% <= x <= 100%,33.3% <= x < 50.0%,0,0,0,1,1,1,0,0,0,0,0,0,0,1,0,0,87017.2444,1
576861.mira,576861,mira,2015-08-28 19:58:01,20150828,2015-09-01 00:15:20,20150901,2015-09-01 00:20:56,20150901,91248026253305,73443375049831,prod-capability,2400.0,336.0,32768.0,32768.0,524288.0,524288.0,MIR-04000-7BFF1-4-32768,1,274640,114,274640,114,48933.5467,48933.5467,48933.5466,0.0,48933.5466,0.0,0.0,MIR-04000-7BFF1-4-32768,1,c1,-1,complete,Capability,33.3% <= x <= 100%,66.7% <= x < 83.3%,0,0,0,1,1,1,0,0,0,0,0,0,0,1,0,0,0.0,0
574690.mira,574690,mira,2015-08-27 18:29:00,20150827,2015-09-01 00:19:02,20150901,2015-09-02 00:19:56,20150902,31557942615616,17486352015978,prod-capability,86400.0,86454.0,8192.0,8192.0,131072.0,131072.0,MIR-40000-73FF1-8192,143,366601,4,366601,4,3147694.08,3147694.08,3147694.08,0.0,0.0,3147694.08,0.0,MIR-40000-73FF1-8192,143,script,-1,complete,Capability,16.7% <= x < 33.3%,16.7% <= x < 33.3%,0,0,0,1,1,1,0,0,0,0,0,0,0,1,0,0,0.0,0
578705.mira,578705,mira,2015-08-29 17:02:04,20150829,2015-09-01 00:19:32,20150901,2015-09-01 06:20:25,20150901,18521055867206,96053935958097,prod-short,21600.0,21653.0,1024.0,1024.0,16384.0,16384.0,MIR-00800-33B71-1-1024,143,172198,7,199049,9,98545.2089,98545.2089,0.0,98545.2088,0.0,0.0,98545.2088,MIR-00800-33B71-1-1024,143,script,-1,complete,Not capability,0% <= x < 16.7%,0% <= x < 16.7%,0,0,0,1,1,1,0,0,0,0,0,0,0,1,0,0,0.0,0
579235.mira,579235,mira,2015-08-29 22:19:54,20150829,2015-09-01 00:20:05,20150901,2015-09-01 06:20:52,20150901,18521055867206,96053935958097,prod-short,21600.0,21647.0,1024.0,1024.0,16384.0,16384.0,MIR-00C80-33FF1-1-1024,143,159026,7,180011,8,98513.3511,98513.3511,0.0,98517.9022,0.0,0.0,98517.9022,MIR-00C80-33FF1-1-1024,143,script,-1,complete,Not capability,0% <= x < 16.7%,0% <= x < 16.7%,0,0,0,1,1,1,0,0,0,0,0,0,0,1,0,0,0.0,0
574297.mira,574297,mira,2015-08-27 14:24:43,20150827,2015-09-01 00:20:35,20150901,2015-09-01 10:58:55,20150901,89367068321149,18668049722289,prod-long,41400.0,32192.48823372328,4096.0,4096.0,65536.0,65536.0,MIR-00000-337F1-4096,0,184733,4,381353,9,697212.0178,697212.0178,0.0,697230.2222,0.0,0.0,697230.2222,MIR-00000-337F1-4096,0,script,-1,complete,Not capability,0% <= x < 16.7%,0% <= x < 16.7%,32,0,32,0,32,0,0,1,1,0,0,1,0,0,0,0,0.0,0
580808.mira,580808,mira,2015-08-30 17:21:22,20150830,2015-09-01 00:21:05,20150901,2015-09-01 06:21:46,20150901,18521055867206,96053935958097,prod-short,21600.0,21641.0,1024.0,1024.0,16384.0,16384.0,MIR-00C00-33F71-1-1024,143,90597,4,111582,5,98490.5956,98490.5956,0.0,98490.5955,0.0,0.0,98490.5955,MIR-00C00-33F71-1-1024,143,script,-1,complete,Not capability,0% <= x < 16.7%,0% <= x < 16.7%,0,0,0,1,1,1,0,0,0,0,0,0,0,1,0,0,0.0,0
576863.mira,576863,mira,2015-08-28 19:58:27,20150828,2015-09-01 00:21:26,20150901,2015-09-01 00:26:25,20150901,91248026253305,73443375049831,prod-capability,7200.0,299.0,32768.0,32768.0,524288.0,524288.0,MIR-04000-7BFF1-4-32768,1,274980,38,274980,38,43545.0311,43545.0311,43545.0311,0.0,43545.0311,0.0,0.0,MIR-04000-7BFF1-4-32768,1,c1,-1,complete,Capability,33.3% <= x <= 100%,66.7% <= x < 83.3%,0,0,0,1,1,1,0,0,0,0,0,0,0,1,0,0,0.0,0
577144.mira,577144,mira,2015-08-28 23:50:44,20150828,2015-09-01 00:21:48,20150901,2015-09-01 12:22:48,20150901,47800478082057,63012507121550,prod-long,43200.0,43260.0,512.0,512.0,8192.0,8192.0,MIR-00880-33BB1-512,143,261063,6,261063,6,98442.8089,98442.8089,0.0,98440.5333,0.0,0.0,98440.5333,MIR-00880-33BB1-512,143,script,-1,complete,Not capability,0% <= x < 16.7%,0% <= x < 16.7%,0,0,0,1,1,1,0,0,0,0,0,0,0,1,0,0,0.0,0
576866.mira,576866,mira,2015-08-28 19:59:14,20150828,2015-09-01 00:27:54,20150901,2015-09-01 00:32:59,20150901,91248026253305,73443375049831,prod-capability,7200.0,305.0,32768.0,32768.0,524288.0,524288.0,MIR-04000-7BFF1-4-32768,1,275319,38,275319,38,44564.48,44564.48,44418.8444,0.0,44418.8444,0.0,0.0,MIR-04000-7BFF1-4-32768,1,c1,-1,complete,Capability,33.3% <= x <= 100%,66.7% <= x < 83.3%,0,0,0,1,1,1,0,0,0,0,0,0,0,1,0,0,0.0,0
576867.mira,576867,mira,2015-08-28 19:59:51,20150828,2015-09-01 00:33:58,20150901,2015-09-01 00:39:11,20150901,91248026253305,73443375049831,prod-capability,7200.0,313.0,32768.0,32768.0,524288.0,524288.0,MIR-04000-7BFF1-4-32768,1,275648,38,275648,38,45583.9289,45583.9289,45583.9288,0.0,45583.9288,0.0,0.0,MIR-04000-7BFF1-4-32768,1,c1,-1,complete,Capability,33.3% <= x <= 100%,66.7% <= x < 83.3%,0,0,0,1,1,1,0,0,0,0,0,0,0,1,0,0,0.0,0
576868.mira,576868,mira,2015-08-28 20:00:33,20150828,2015-09-01 00:40:21,20150901,2015-09-01 00:45:25,20150901,91248026253305,73443375049831,prod-capability,7200.0,304.0,32768.0,32768.0,524288.0,524288.0,MIR-04000-7BFF1-4-32768,1,275989,38,275989,38,44273.2089,44273.2089,44273.2088,0.0,44273.2088,0.0,0.0,MIR-04000-7BFF1-4-32768,1,c1,-1,complete,Capability,33.3% <= x <= 100%,66.7% <= x < 83.3%,0,0,0,1,1,1,0,0,0,0,0,0,0,1,0,0,0.0,0
576869.mira,576869,mira,2015-08-28 20:00:59,20150828,2015-09-01 00:46:35,20150901,2015-09-01 00:51:45,20150901,91248026253305,73443375049831,prod-capability,7200.0,310.0,32768.0,32768.0,524288.0,524288.0,MIR-04000-7BFF1-4-32768,1,276337,38,276337,38,45147.0222,45147.0222,45147.0222,0.0,45147.0222,0.0,0.0,MIR-04000-7BFF1-4-32768,1,c1,-1,complete,Capability,33.3% <= x <= 100%,66.7% <= x < 83.3%,0,0,0,1,1,1,0,0,0,0,0,0,0,1,0,0,0.0,0
582132.mira,582132,mira,2015-08-31 09:44:16,20150831,2015-09-01 00:52:57,20150901,2015-09-01 00:58:27,20150901,94731157596563,34761664008145,prod-capability,1800.0,330.0,32768.0,32448.0,524288.0,519168.0,MIR-04000-7BFF1-4-32768,0,54521,30,54521,30,47590.4,48059.7333,48059.7333,0.0,48059.7333,0.0,0.0,MIR-04000-7BFF1-4-32768,0,c16,-1,complete,Capability,33.3% <= x <= 100%,50.0% <= x < 66.7%,0,0,0,1,1,1,0,0,0,0,0,0,0,1,0,0,0.0,0
581982.mira,581982,mira,2015-08-31 08:40:15,20150831,2015-09-01 00:59:53,20150901,2015-09-01 01:05:33,20150901,94731157596563,34761664008145,prod-capability,1800.0,340.0,32768.0,32768.0,524288.0,524288.0,MIR-04000-7BFF1-4-32768,0,58778,32,58778,32,49516.0889,49516.0889,49516.0888,0.0,49516.0888,0.0,0.0,MIR-04000-7BFF1-4-32768,0,c16,-1,complete,Capability,33.3% <= x <= 100%,66.7% <= x < 83.3%,0,0,0,1,1,1,0,0,0,0,0,0,0,1,0,0,0.0,0
577629.mira,577629,mira,2015-08-29 04:37:33,20150829,2015-09-01 01:06:43,20150901,2015-09-01 03:36:54,20150901,29465017993685,27406265552810,prod-capability,86400.0,9011.0,16384.0,16384.0,262144.0,262144.0,MIR-04000-77FF1-16384,143,246551,2,246551,2,656160.9956,656160.9956,656160.9955,0.0,656160.9955,0.0,0.0,MIR-04000-77FF1-16384,143,script,-1,complete,Capability,33.3% <= x <= 100%,33.3% <= x < 50.0%,0,0,0,1,1,1,0,0,0,0,0,0,0,1,0,0,0.0,0
576850.mira,576850,mira,2015-08-28 19:54:37,20150828,2015-09-01 01:07:12,20150901,2015-09-02 00:41:39,20150902,38034293958001,26676131704205,prod-capability,86400.0,84867.0,8192.0,8192.0,131072.0,131072.0,MIR-08000-3BFF1-8192,0,277955,3,277955,3,3089913.1733,3089913.1733,3089913.1733,0.0,0.0,3089913.1733,0.0,MIR-08000-3BFF1-8192,0,c4,-1,complete,Capability,16.7% <= x < 33.3%,16.7% <= x < 33.3%,0,0,0,1,1,1,0,0,0,0,0,0,0,1,0,0,0.0,0
565976.mira,565976,mira,2015-08-21 14:48:53,20150821,2015-09-01 01:07:48,20150901,2015-09-01 21:22:34,20150901,35842125227601,71322223670465,prod-capability,86400.0,70446.8937385783,8192.0,8192.0,131072.0,131072.0,MIR-48000-7BFF1-8192,0,210874,2,901135,10,2653661.8667,2653661.8667,2653698.2755,0.0,0.0,2653698.2755,0.0,MIR-48000-7BFF1-8192,0,script,-1,complete,Capability,16.7% <= x < 33.3%,16.7% <= x < 33.3%,0,0,4,0,4,0,0,1,0,0,1,0,0,0,0,0,0.0,0
581909.mira,581909,mira,2015-08-31 08:00:51,20150831,2015-09-01 03:38:48,20150901,2015-09-01 22:19:50,20150901,67550677511631,24617913469959,prod-capability,86400.0,67262.0,8192.0,8192.0,131072.0,131072.0,MIR-04000-37FF1-8192,0,70676,0,70676,0,2448934.6844,2448934.6844,2448934.6844,0.0,0.0,2448934.6844,0.0,MIR-04000-37FF1-8192,0,c1,-1,complete,Capability,16.7% <= x < 33.3%,16.7% <= x < 33.3%,0,0,0,1,1,1,0,0,0,0,0,0,0,1,0,0,0.0,0
582641.mira,582641,mira,2015-08-31 13:24:24,20150831,2015-09-01 03:39:17,20150901,2015-09-01 17:55:18,20150901,21691304129404,64663463907625,prod-capability,72000.0,51361.0,8192.0,8192.0,131072.0,131072.0,MIR-44000-77FF1-8192,0,51293,0,51293,0,1869960.5333,1869960.5333,1869996.9422,0.0,0.0,1869996.9422,0.0,MIR-44000-77FF1-8192,0,script,-1,complete,Capability,16.7% <= x < 33.3%,16.7% <= x < 33.3%,0,0,0,1,1,1,0,0,0,0,0,0,0,1,0,0,0.0,0
569518.mira,569518,mira,2015-08-25 03:54:18,20150825,2015-09-01 06:21:04,20150901,2015-09-01 12:45:41,20150901,25289003749046,23084807825779,prod-1024-torus,43200.0,23077.0,1024.0,1024.0,16384.0,16384.0,MIR-00800-33B71-1024,0,298288,6,613607,14,105021.44,105021.44,0.0,105025.9911,0.0,0.0,105025.9911,MIR-00800-33B71-1024,0,script,-1,complete,Not capability,0% <= x < 16.7%,0% <= x < 16.7%,0,0,0,1,1,1,0,0,0,0,0,0,0,1,0,0,0.0,0
580811.mira,580811,mira,2015-08-30 17:22:27,20150830,2015-09-01 06:21:34,20150901,2015-09-01 12:22:24,20150901,18521055867206,96053935958097,prod-short,21600.0,21650.0,1024.0,1024.0,16384.0,16384.0,MIR-00C80-33FF1-1-1024,143,112162,5,133147,6,98531.5556,98531.5556,0.0,98531.5555,0.0,0.0,98531.5555,MIR-00C80-33FF1-1-1024,143,script,-1,complete,Not capability,0% <= x < 16.7%,0% <= x < 16.7%,0,0,0,1,1,1,0,0,0,0,0,0,0,1,0,0,0.0,0
580814.mira,580814,mira,2015-08-30 17:23:21,20150830,2015-09-01 06:22:32,20150901,2015-09-01 12:23:18,20150901,18521055867206,96053935958097,prod-short,21600.0,21646.0,1024.0,1024.0,16384.0,16384.0,MIR-00C00-33F71-1-1024,143,112167,5,133152,6,98513.3511,98513.3511,0.0,98513.3511,0.0,0.0,98513.3511,MIR-00C00-33F71-1-1024,143,script,-1,complete,Not capability,0% <= x < 16.7%,0% <= x < 16.7%,0,0,0,1,1,1,0,0,0,0,0,0,0,1,0,0,0.0,0
582880.mira,582880,mira,2015-09-01 03:10:08,20150901,2015-09-01 10:59:56,20150901,2015-09-01 12:00:51,20150901,56854543954531,14990642440966,prod-short,3600.0,3655.0,1024.0,1024.0,16384.0,16384.0,MIR-00400-33771-1-1024,143,28188,7,28188,7,16638.8622,16638.8622,0.0,16634.3111,0.0,0.0,16634.3111,MIR-00400-33771-1-1024,143,c32,-1,complete,Not capability,0% <= x < 16.7%,0% <= x < 16.7%,0,0,0,1,1,1,0,0,0,0,0,0,0,1,0,0,0.0,0
582881.mira,582881,mira,2015-09-01 03:10:09,20150901,2015-09-01 11:00:25,20150901,2015-09-01 12:01:15,20150901,56854543954531,14990642440966,prod-short,3600.0,3650.0,1024.0,1024.0,16384.0,16384.0,MIR-00480-337F1-1-1024,143,28216,7,28216,7,16607.0044,16607.0044,0.0,16611.5555,0.0,0.0,16611.5555,MIR-00480-337F1-1-1024,143,c32,-1,complete,Not capability,0% <= x < 16.7%,0% <= x < 16.7%,0,0,0,1,1,1,0,0,0,0,0,0,0,1,0,0,0.0,0
582882.mira,582882,mira,2015-09-01 03:10:10,20150901,2015-09-01 11:00:53,20150901,2015-09-01 12:01:43,20150901,56854543954531,14990642440966,prod-short,3600.0,3650.0,1024.0,1024.0,16384.0,16384.0,MIR-00080-333F1-1-1024,143,28242,7,28242,7,16616.1067,16616.1067,0.0,16611.5555,0.0,0.0,16611.5555,MIR-00080-333F1-1-1024,143,c32,-1,complete,Not capability,0% <= x < 16.7%,0% <= x < 16.7%,0,0,0,1,1,1,0,0,0,0,0,0,0,1,0,0,0.0,0
582883.mira,582883,mira,2015-09-01 03:10:14,20150901,2015-09-01 11:01:16,20150901,2015-09-01 12:02:20,20150901,56854543954531,14990642440966,prod-short,3600.0,3664.0,1024.0,1024.0,16384.0,16384.0,MIR-00000-33371-1-1024,143,28262,7,28262,7,16679.8222,16679.8222,0.0,16675.2711,0.0,0.0,16675.2711,MIR-00000-33371-1-1024,143,c32,-1,complete,Not capability,0% <= x < 16.7%,0% <= x < 16.7%,0,0,0,1,1,1,0,0,0,0,0,0,0,1,0,0,0.0,0
582884.mira,582884,mira,2015-09-01 03:10:17,20150901,2015-09-01 12:01:32,20150901,2015-09-01 13:02:33,20150901,56854543954531,14990642440966,prod-short,3600.0,3661.0,1024.0,1024.0,16384.0,16384.0,MIR-00400-33771-1-1024,143,31875,8,31875,8,16661.6178,16661.6178,0.0,16661.6177,0.0,0.0,16661.6177,MIR-00400-33771-1-1024,143,c32,-1,complete,Not capability,0% <= x < 16.7%,0% <= x < 16.7%,0,0,0,1,1,1,0,0,0,0,0,0,0,1,0,0,0.0,0
582885.mira,582885,mira,2015-09-01 03:10:19,20150901,2015-09-01 12:01:59,20150901,2015-09-01 13:03:03,20150901,56854543954531,14990642440966,prod-short,3600.0,3664.0,1024.0,1024.0,16384.0,16384.0,MIR-00480-337F1-1-1024,143,31900,8,31900,8,16675.2711,16675.2711,0.0,16675.2711,0.0,0.0,16675.2711,MIR-00480-337F1-1-1024,143,c32,-1,complete,Not capability,0% <= x < 16.7%,0% <= x < 16.7%,0,0,0,1,1,1,0,0,0,0,0,0,0,1,0,0,0.0,0
582886.mira,582886,mira,2015-09-01 03:10:22,20150901,2015-09-01 12:02:22,20150901,2015-09-01 13:03:16,20150901,56854543954531,14990642440966,prod-short,3600.0,3654.0,1024.0,1024.0,16384.0,16384.0,MIR-00080-333F1-1-1024,143,31920,8,31920,8,16634.3111,16634.3111,0.0,16629.76,0.0,0.0,16629.76,MIR-00080-333F1-1-1024,143,c32,-1,complete,Not capability,0% <= x < 16.7%,0% <= x < 16.7%,0,0,0,1,1,1,0,0,0,0,0,0,0,1,0,0,0.0,0
582887.mira,582887,mira,2015-09-01 03:10:23,20150901,2015-09-01 12:02:49,20150901,2015-09-01 13:03:43,20150901,56854543954531,14990642440966,prod-short,3600.0,3654.0,1024.0,1024.0,16384.0,16384.0,MIR-00000-33371-1-1024,143,31946,8,31946,8,16629.76,16629.76,0.0,16629.76,0.0,0.0,16629.76,MIR-00000-33371-1-1024,143,c32,-1,complete,Not capability,0% <= x < 16.7%,0% <= x < 16.7%,0,0,0,1,1,1,0,0,0,0,0,0,0,1,0,0,0.0,0
582888.mira,582888,mira,2015-09-01 03:10:24,20150901,2015-09-01 12:23:06,20150901,2015-09-01 13:23:59,20150901,56854543954531,14990642440966,prod-short,3600.0,3653.0,1024.0,1024.0,16384.0,16384.0,MIR-00C80-33FF1-1-1024,143,33161,9,33161,9,16629.76,16629.76,0.0,16625.2088,0.0,0.0,16625.2088,MIR-00C80-33FF1-1-1024,143,c32,-1,complete,Not capability,0% <= x < 16.7%,0% <= x < 16.7%,0,0,0,1,1,1,0,0,0,0,0,0,0,1,0,0,0.0,0
581559.mira,581559,mira,2015-08-31 03:25:49,20150831,2015-09-01 12:23:35,20150901,2015-09-01 15:24:28,20150901,96189774897037,73414259670960,prod-short,10800.0,10853.0,512.0,512.0,8192.0,8192.0,MIR-00880-33BB1-512,143,90787,8,118666,10,24696.6044,24696.6044,0.0,24696.6044,0.0,0.0,24696.6044,MIR-00880-33BB1-512,143,script,-1,complete,Not capability,0% <= x < 16.7%,0% <= x < 16.7%,8,0,0,0,8,0,0,0,1,1,0,0,0,0,0,0,0.0,0
581565.mira,581565,mira,2015-08-31 03:30:51,20150831,2015-09-01 12:24:04,20150901,2015-09-01 15:20:08,20150901,96189774897037,73414259670960,prod-short,10800.0,10564.0,512.0,512.0,8192.0,8192.0,MIR-00C00-33F31-512,0,86079,7,118394,10,24038.9689,24038.9689,0.0,24038.9688,0.0,0.0,24038.9688,MIR-00C00-33F31-512,0,script,-1,complete,Not capability,0% <= x < 16.7%,0% <= x < 16.7%,8,0,0,0,8,0,0,0,1,1,0,0,0,0,0,0,0.0,0
579761.mira,579761,mira,2015-08-30 04:20:29,20150830,2015-09-01 12:24:32,20150901,2015-09-01 15:20:48,20150901,96189774897037,73414259670960,prod-short,10800.0,10576.0,512.0,512.0,8192.0,8192.0,MIR-00C40-33F71-512,0,85623,7,201843,18,24068.5511,24068.5511,0.0,24066.2755,0.0,0.0,24066.2755,MIR-00C40-33F71-512,0,script,-1,complete,Not capability,0% <= x < 16.7%,0% <= x < 16.7%,8,0,0,0,8,0,0,0,1,1,0,0,0,0,0,0,0.0,0
569519.mira,569519,mira,2015-08-25 03:54:40,20150825,2015-09-01 12:46:19,20150901,2015-09-01 15:50:26,20150901,25289003749046,23084807825779,prod-1024-torus,43200.0,11047.0,1024.0,1024.0,16384.0,16384.0,MIR-00800-33B71-1024,0,305321,7,636698,14,50280.6756,50280.6756,0.0,50276.1244,0.0,0.0,50276.1244,MIR-00800-33B71-1024,0,script,-1,complete,Not capability,0% <= x < 16.7%,0% <= x < 16.7%,0,0,0,1,1,1,0,0,0,0,0,0,0,1,0,0,0.0,0
582889.mira,582889,mira,2015-09-01 03:10:26,20150901,2015-09-01 13:03:12,20150901,2015-09-01 14:04:10,20150901,56854543954531,14990642440966,prod-short,3600.0,3658.0,1024.0,1024.0,16384.0,16384.0,MIR-00400-33771-1-1024,143,33213,9,35567,9,16647.9644,16647.9644,0.0,16647.9644,0.0,0.0,16647.9644,MIR-00400-33771-1-1024,143,c32,-1,complete,Not capability,0% <= x < 16.7%,0% <= x < 16.7%,0,0,0,1,1,1,0,0,0,0,0,0,0,1,0,0,0.0,0
582890.mira,582890,mira,2015-09-01 03:10:27,20150901,2015-09-01 13:03:40,20150901,2015-09-01 14:04:42,20150901,56854543954531,14990642440966,prod-short,3600.0,3662.0,1024.0,1024.0,16384.0,16384.0,MIR-00480-337F1-1-1024,143,33239,9,35592,9,16666.1689,16666.1689,0.0,16666.1688,0.0,0.0,16666.1688,MIR-00480-337F1-1-1024,143,c32,-1,complete,Not capability,0% <= x < 16.7%,0% <= x < 16.7%,0,0,0,1,1,1,0,0,0,0,0,0,0,1,0,0,0.0,0
582891.mira,582891,mira,2015-09-01 03:10:29,20150901,2015-09-01 13:04:08,20150901,2015-09-01 14:04:54,20150901,56854543954531,14990642440966,prod-short,3600.0,3646.0,1024.0,1024.0,16384.0,16384.0,MIR-00080-333F1-1-1024,143,33266,9,35619,9,16597.9022,16597.9022,0.0,16593.3511,0.0,0.0,16593.3511,MIR-00080-333F1-1-1024,143,c32,-1,complete,Not capability,0% <= x < 16.7%,0% <= x < 16.7%,0,0,0,1,1,1,0,0,0,0,0,0,0,1,0,0,0.0,0
582892.mira,582892,mira,2015-09-01 03:10:30,20150901,2015-09-01 13:04:45,20150901,2015-09-01 14:05:27,20150901,56854543954531,14990642440966,prod-short,3600.0,3642.0,1024.0,1024.0,16384.0,16384.0,MIR-00000-33371-1-1024,143,33302,9,35655,9,16579.6978,16579.6978,0.0,16575.1466,0.0,0.0,16575.1466,MIR-00000-33371-1-1024,143,c32,-1,complete,Not capability,0% <= x < 16.7%,0% <= x < 16.7%,0,0,0,1,1,1,0,0,0,0,0,0,0,1,0,0,0.0,0
582893.mira,582893,mira,2015-09-01 03:10:31,20150901,2015-09-01 13:24:38,20150901,2015-09-01 14:25:24,20150901,56854543954531,14990642440966,prod-short,3600.0,3646.0,1024.0,1024.0,16384.0,16384.0,MIR-00C80-33FF1-1-1024,143,33353,9,36847,10,16588.8,16588.8,0.0,16593.3511,0.0,0.0,16593.3511,MIR-00C80-33FF1-1-1024,143,c32,-1,complete,Not capability,0% <= x < 16.7%,0% <= x < 16.7%,0,0,0,1,1,1,0,0,0,0,0,0,0,1,0,0,0.0,0
582894.mira,582894,mira,2015-09-01 03:10:33,20150901,2015-09-01 14:04:55,20150901,2015-09-01 15:05:38,20150901,56854543954531,14990642440966,prod-short,3600.0,3643.0,1024.0,1024.0,16384.0,16384.0,MIR-00400-33771-1-1024,143,33410,9,39262,10,16579.6978,16579.6978,0.0,16579.6977,0.0,0.0,16579.6977,MIR-00400-33771-1-1024,143,c32,-1,complete,Not capability,0% <= x < 16.7%,0% <= x < 16.7%,0,0,0,1,1,1,0,0,0,0,0,0,0,1,0,0,0.0,0
582895.mira,582895,mira,2015-09-01 03:10:34,20150901,2015-09-01 14:05:27,20150901,2015-09-01 15:06:28,20150901,56854543954531,14990642440966,prod-short,3600.0,3661.0,1024.0,1024.0,16384.0,16384.0,MIR-00480-337F1-1-1024,143,33440,9,39292,10,16666.1689,16666.1689,0.0,16661.6177,0.0,0.0,16661.6177,MIR-00480-337F1-1-1024,143,c32,-1,complete,Not capability,0% <= x < 16.7%,0% <= x < 16.7%,0,0,0,1,1,1,0,0,0,0,0,0,0,1,0,0,0.0,0
582897.mira,582897,mira,2015-09-01 03:10:36,20150901,2015-09-01 14:05:55,20150901,2015-09-01 15:06:53,20150901,56854543954531,14990642440966,prod-short,3600.0,3658.0,1024.0,1024.0,16384.0,16384.0,MIR-00080-333F1-1-1024,143,33466,9,39319,10,16652.5156,16652.5156,0.0,16647.9644,0.0,0.0,16647.9644,MIR-00080-333F1-1-1024,143,c32,-1,complete,Not capability,0% <= x < 16.7%,0% <= x < 16.7%,0,0,0,1,1,1,0,0,0,0,0,0,0,1,0,0,0.0,0
582898.mira,582898,mira,2015-09-01 03:10:37,20150901,2015-09-01 14:06:22,20150901,2015-09-01 15:07:05,20150901,56854543954531,14990642440966,prod-short,3600.0,3643.0,1024.0,1024.0,16384.0,16384.0,MIR-00000-33371-1-1024,143,33492,9,39346,10,16579.6978,16579.6978,0.0,16579.6977,0.0,0.0,16579.6977,MIR-00000-33371-1-1024,143,c32,-1,complete,Not capability,0% <= x < 16.7%,0% <= x < 16.7%,0,0,0,1,1,1,0,0,0,0,0,0,0,1,0,0,0.0,0
582900.mira,582900,mira,2015-09-01 03:10:39,20150901,2015-09-01 14:26:05,20150901,2015-09-01 15:26:40,20150901,56854543954531,14990642440966,prod-short,3600.0,3635.0,1024.0,1024.0,16384.0,16384.0,MIR-00C80-33FF1-1-1024,143,33543,9,40525,11,16543.2889,16543.2889,0.0,16543.2888,0.0,0.0,16543.2888,MIR-00C80-33FF1-1-1024,143,c32,-1,complete,Not capability,0% <= x < 16.7%,0% <= x < 16.7%,0,0,0,1,1,1,0,0,0,0,0,0,0,1,0,0,0.0,0
582901.mira,582901,mira,2015-09-01 03:10:41,20150901,2015-09-01 15:06:42,20150901,2015-09-01 16:07:37,20150901,56854543954531,14990642440966,prod-short,3600.0,3655.0,1024.0,1024.0,16384.0,16384.0,MIR-00400-33771-1-1024,143,33623,9,42961,11,16634.3111,16634.3111,0.0,16634.3111,0.0,0.0,16634.3111,MIR-00400-33771-1-1024,143,c32,-1,complete,Not capability,0% <= x < 16.7%,0% <= x < 16.7%,0,0,0,1,1,1,0,0,0,0,0,0,0,1,0,0,0.0,0
582749.mira,582749,mira,2015-09-01 02:06:22,20150901,2015-09-01 15:07:11,20150901,2015-09-01 15:09:24,20150901,18017979160890,12527553044505,prod-short,540.0,133.0,512.0,512.0,8192.0,8192.0,MIR-004C0-337F1-512,0,46850,86,46850,86,302.6489,302.6489,0.0,302.6488,0.0,0.0,302.6488,MIR-004C0-337F1-512,0,script,-1,complete,Not capability,0% <= x < 16.7%,0% <= x < 16.7%,0,0,0,1,1,1,0,0,0,0,0,0,0,1,0,0,0.0,0
582704.mira,582704,mira,2015-09-01 01:35:54,20150901,2015-09-01 15:07:43,20150901,2015-09-01 15:12:22,20150901,34871601655553,97534845395728,backfill,300.0,279.0,512.0,432.0,8192.0,6912.0,MIR-00480-337B1-512,0,48708,162,48708,162,537.6,637.1556,0.0,634.88,0.0,0.0,634.88,MIR-00480-337B1-512,0,script,-1,complete,Not capability,0% <= x < 16.7%,0% <= x < 16.7%,0,0,0,1,1,1,0,0,0,0,0,0,0,1,0,0,0.0,0
583620.mira,583620,mira,2015-09-01 14:39:24,20150901,2015-09-01 15:08:13,20150901,2015-09-01 15:10:10,20150901,10455425507601,33609503197301,prod-short,600.0,117.0,512.0,1.0,8192.0,16.0,MIR-000C0-333F1-512,1,1730,2,1730,2,0.5156,263.9644,0.0,266.24,0.0,0.0,266.24,MIR-000C0-333F1-512,1,c16,-1,complete,Not capability,0% <= x < 16.7%,0% <= x < 16.7%,0,0,0,1,1,1,0,0,0,0,0,0,0,1,0,0,0.0,0
582699.mira,582699,mira,2015-09-01 01:35:41,20150901,2015-09-01 15:08:45,20150901,2015-09-01 15:13:14,20150901,34871601655553,97534845395728,backfill,300.0,269.0,512.0,432.0,8192.0,6912.0,MIR-00080-333B1-512,0,48784,162,48784,162,518.4,614.4,0.0,612.1244,0.0,0.0,612.1244,MIR-00080-333B1-512,0,script,-1,complete,Not capability,0% <= x < 16.7%,0% <= x < 16.7%,0,0,0,1,1,1,0,0,0,0,0,0,0,1,0,0,0.0,0
582702.mira,582702,mira,2015-09-01 01:35:46,20150901,2015-09-01 15:09:15,20150901,2015-09-01 15:13:15,20150901,34871601655553,97534845395728,backfill,300.0,240.0,512.0,432.0,8192.0,6912.0,MIR-00040-33371-512,0,48808,162,48808,162,460.8,546.1333,0.0,546.1333,0.0,0.0,546.1333,MIR-00040-33371-512,0,script,-1,complete,Not capability,0% <= x < 16.7%,0% <= x < 16.7%,0,0,0,1,1,1,0,0,0,0,0,0,0,1,0,0,0.0,0
583628.mira,583628,mira,2015-09-01 14:48:47,20150901,2015-09-01 15:13:22,20150901,2015-09-01 15:14:55,20150901,10455425507601,33609503197301,prod-short,600.0,93.0,512.0,1.0,8192.0,16.0,MIR-004C0-337F1-512,1,1476,2,1476,2,0.4089,209.3511,0.0,211.6266,0.0,0.0,211.6266,MIR-004C0-337F1-512,1,c16,-1,complete,Not capability,0% <= x < 16.7%,0% <= x < 16.7%,0,0,0,1,1,1,0,0,0,0,0,0,0,1,0,0,0.0,0
583649.mira,583649,mira,2015-09-01 15:12:48,20150901,2015-09-01 15:13:51,20150901,2015-09-01 15:17:46,20150901,34871601655553,97534845395728,backfill,300.0,235.0,512.0,432.0,8192.0,6912.0,MIR-00480-337B1-512,0,62,0,62,0,451.2,534.7556,0.0,534.7555,0.0,0.0,534.7555,MIR-00480-337B1-512,0,script,-1,complete,Not capability,0% <= x < 16.7%,0% <= x < 16.7%,0,0,0,1,1,1,0,0,0,0,0,0,0,1,0,0,0.0,0
582703.mira,582703,mira,2015-09-01 01:35:50,20150901,2015-09-01 15:14:26,20150901,2015-09-01 15:18:53,20150901,34871601655553,97534845395728,backfill,300.0,267.0,512.0,432.0,8192.0,6912.0,MIR-00000-33331-512,0,49117,163,49117,163,512.64,607.5733,0.0,607.5733,0.0,0.0,607.5733,MIR-00000-33331-512,0,script,-1,complete,Not capability,0% <= x < 16.7%,0% <= x < 16.7%,0,0,0,1,1,1,0,0,0,0,0,0,0,1,0,0,0.0,0
583670.mira,583670,mira,2015-09-01 15:17:55,20150901,2015-09-01 15:18:52,20150901,2015-09-01 15:23:38,20150901,34871601655553,97534845395728,backfill,300.0,286.0,512.0,432.0,8192.0,6912.0,MIR-00480-337B1-512,0,57,0,57,0,547.2,648.5333,0.0,650.8088,0.0,0.0,650.8088,MIR-00480-337B1-512,0,script,-1,complete,Not capability,0% <= x < 16.7%,0% <= x < 16.7%,0,0,0,1,1,1,0,0,0,0,0,0,0,1,0,0,0.0,0
583668.mira,583668,mira,2015-09-01 15:17:52,20150901,2015-09-01 15:19:56,20150901,2015-09-01 15:24:40,20150901,34871601655553,97534845395728,backfill,300.0,284.0,512.0,432.0,8192.0,6912.0,MIR-00040-33371-512,0,125,0,125,0,545.28,646.2578,0.0,646.2577,0.0,0.0,646.2577,MIR-00040-33371-512,0,script,-1,complete,Not capability,0% <= x < 16.7%,0% <= x < 16.7%,0,0,0,1,1,1,0,0,0,0,0,0,0,1,0,0,0.0,0
579760.mira,579760,mira,2015-08-30 04:18:55,20150830,2015-09-01 15:20:55,20150901,2015-09-01 18:19:53,20150901,96189774897037,73414259670960,prod-short,10800.0,10738.0,512.0,512.0,8192.0,8192.0,MIR-00C00-33F31-512,0,96105,8,212521,19,24434.9156,24434.9156,0.0,24434.9155,0.0,0.0,24434.9155,MIR-00C00-33F31-512,0,script,-1,complete,Not capability,0% <= x < 16.7%,0% <= x < 16.7%,8,0,0,0,8,0,0,0,1,1,0,0,0,0,0,0,0.0,0
581563.mira,581563,mira,2015-08-31 03:29:53,20150831,2015-09-01 15:21:51,20150901,2015-09-01 18:17:56,20150901,96189774897037,73414259670960,prod-short,10800.0,10565.0,512.0,512.0,8192.0,8192.0,MIR-00C40-33F71-512,0,94528,8,129117,11,24043.52,24043.52,0.0,24041.2444,0.0,0.0,24041.2444,MIR-00C40-33F71-512,0,script,-1,complete,Not capability,0% <= x < 16.7%,0% <= x < 16.7%,8,0,0,0,8,0,0,0,1,1,0,0,0,0,0,0,0.0,0
583673.mira,583673,mira,2015-09-01 15:22:58,20150901,2015-09-01 15:24:39,20150901,2015-09-01 15:28:47,20150901,34871601655553,97534845395728,backfill,300.0,248.0,512.0,432.0,8192.0,6912.0,MIR-00480-337B1-512,0,102,0,102,0,476.16,564.3378,0.0,564.3377,0.0,0.0,564.3377,MIR-00480-337B1-512,0,script,-1,complete,Not capability,0% <= x < 16.7%,0% <= x < 16.7%,0,0,0,1,1,1,0,0,0,0,0,0,0,1,0,0,0.0,0
583170.mira,583170,mira,2015-09-01 07:15:14,20150901,2015-09-01 15:25:09,20150901,2015-09-01 16:26:02,20150901,92664332451608,39064483874973,prod-short,3600.0,3653.0,512.0,512.0,8192.0,8192.0,MIR-00880-33BB1-512,143,29395,8,29395,8,8314.88,8314.88,0.0,8312.6044,0.0,0.0,8312.6044,MIR-00880-33BB1-512,143,script,-1,complete,Not capability,0% <= x < 16.7%,0% <= x < 16.7%,16,0,0,0,16,0,0,0,1,1,0,0,0,0,0,0,0.0,0
583669.mira,583669,mira,2015-09-01 15:17:54,20150901,2015-09-01 15:25:37,20150901,2015-09-01 15:29:39,20150901,34871601655553,97534845395728,backfill,300.0,242.0,512.0,432.0,8192.0,6912.0,MIR-00000-33331-512,0,464,1,464,1,462.72,548.4089,0.0,550.6844,0.0,0.0,550.6844,MIR-00000-33331-512,0,script,-1,complete,Not capability,0% <= x < 16.7%,0% <= x < 16.7%,0,0,0,1,1,1,0,0,0,0,0,0,0,1,0,0,0.0,0
571603.mira,571603,mira,2015-08-26 01:57:55,20150826,2015-09-01 15:27:23,20150901,2015-09-01 18:50:46,20150901,25289003749046,23084807825779,prod-1024-torus,43200.0,12203.0,1024.0,1024.0,16384.0,16384.0,MIR-00C80-33FF1-1024,0,299317,6,566968,13,55537.2089,55537.2089,0.0,55537.2088,0.0,0.0,55537.2088,MIR-00C80-33FF1-1024,0,script,-1,complete,Not capability,0% <= x < 16.7%,0% <= x < 16.7%,0,0,0,1,1,1,0,0,0,0,0,0,0,1,0,0,0.0,0
583675.mira,583675,mira,2015-09-01 15:28:02,20150901,2015-09-01 15:29:42,20150901,2015-09-01 15:33:46,20150901,34871601655553,97534845395728,backfill,300.0,244.0,512.0,432.0,8192.0,6912.0,MIR-004C0-337F1-512,0,100,0,100,0,470.4,557.5111,0.0,555.2355,0.0,0.0,555.2355,MIR-004C0-337F1-512,0,script,-1,complete,Not capability,0% <= x < 16.7%,0% <= x < 16.7%,0,0,0,1,1,1,0,0,0,0,0,0,0,1,0,0,0.0,0
583674.mira,583674,mira,2015-09-01 15:28:00,20150901,2015-09-01 15:30:38,20150901,2015-09-01 15:35:11,20150901,34871601655553,97534845395728,backfill,300.0,273.0,512.0,432.0,8192.0,6912.0,MIR-000C0-333F1-512,0,158,0,158,0,524.16,621.2267,0.0,621.2266,0.0,0.0,621.2266,MIR-000C0-333F1-512,0,script,-1,complete,Not capability,0% <= x < 16.7%,0% <= x < 16.7%,0,0,0,1,1,1,0,0,0,0,0,0,0,1,0,0,0.0,0
583681.mira,583681,mira,2015-09-01 15:33:04,20150901,2015-09-01 15:34:58,20150901,2015-09-01 15:38:34,20150901,34871601655553,97534845395728,backfill,300.0,216.0,512.0,432.0,8192.0,6912.0,MIR-004C0-337F1-512,0,114,0,114,0,412.8,489.2444,0.0,491.52,0.0,0.0,491.52,MIR-004C0-337F1-512,0,script,-1,complete,Not capability,0% <= x < 16.7%,0% <= x < 16.7%,0,0,0,1,1,1,0,0,0,0,0,0,0,1,0,0,0.0,0
583682.mira,583682,mira,2015-09-01 15:33:06,20150901,2015-09-01 15:35:58,20150901,2015-09-01 15:39:09,20150901,34871601655553,97534845395728,backfill,300.0,191.0,512.0,432.0,8192.0,6912.0,MIR-00000-33331-512,0,173,0,173,0,364.8,432.3556,0.0,434.6311,0.0,0.0,434.6311,MIR-00000-33331-512,0,script,-1,complete,Not capability,0% <= x < 16.7%,0% <= x < 16.7%,0,0,0,1,1,1,0,0,0,0,0,0,0,1,0,0,0.0,0
583695.mira,583695,mira,2015-09-01 15:37:57,20150901,2015-09-01 15:39:18,20150901,2015-09-01 15:41:27,20150901,42874383154732,62188609113073,prod-short,300.0,129.0,512.0,16.0,8192.0,256.0,MIR-00480-337B1-512,0,82,0,82,0,9.1733,293.5467,0.0,293.5466,0.0,0.0,293.5466,MIR-00480-337B1-512,0,c64,-1,complete,Not capability,0% <= x < 16.7%,0% <= x < 16.7%,0,0,0,1,1,1,0,0,0,0,0,0,0,1,0,0,0.0,0
583696.mira,583696,mira,2015-09-01 15:38:11,20150901,2015-09-01 15:40:20,20150901,2015-09-01 15:45:00,20150901,34871601655553,97534845395728,backfill,300.0,280.0,512.0,432.0,8192.0,6912.0,MIR-000C0-333F1-512,0,128,0,128,0,537.6,637.1556,0.0,637.1555,0.0,0.0,637.1555,MIR-000C0-333F1-512,0,script,-1,complete,Not capability,0% <= x < 16.7%,0% <= x < 16.7%,0,0,0,1,1,1,0,0,0,0,0,0,0,1,0,0,0.0,0
583697.mira,583697,mira,2015-09-01 15:38:13,20150901,2015-09-01 15:42:08,20150901,2015-09-01 15:46:15,20150901,34871601655553,97534845395728,backfill,300.0,247.0,512.0,432.0,8192.0,6912.0,MIR-00480-337B1-512,0,235,0,235,0,474.24,562.0622,0.0,562.0622,0.0,0.0,562.0622,MIR-00480-337B1-512,0,script,-1,complete,Not capability,0% <= x < 16.7%,0% <= x < 16.7%,0,0,0,1,1,1,0,0,0,0,0,0,0,1,0,0,0.0,0
583703.mira,583703,mira,2015-09-01 15:43:19,20150901,2015-09-01 15:46:03,20150901,2015-09-01 15:49:36,20150901,34871601655553,97534845395728,backfill,300.0,213.0,512.0,432.0,8192.0,6912.0,MIR-000C0-333F1-512,0,165,0,165,0,408.96,484.6933,0.0,484.6933,0.0,0.0,484.6933,MIR-000C0-333F1-512,0,script,-1,complete,Not capability,0% <= x < 16.7%,0% <= x < 16.7%,0,0,0,1,1,1,0,0,0,0,0,0,0,1,0,0,0.0,0
583702.mira,583702,mira,2015-09-01 15:43:15,20150901,2015-09-01 15:47:00,20150901,2015-09-01 15:51:14,20150901,34871601655553,97534845395728,backfill,300.0,254.0,512.0,432.0,8192.0,6912.0,MIR-004C0-337F1-512,0,224,0,224,0,487.68,577.9911,0.0,577.9911,0.0,0.0,577.9911,MIR-004C0-337F1-512,0,script,-1,complete,Not capability,0% <= x < 16.7%,0% <= x < 16.7%,0,0,0,1,1,1,0,0,0,0,0,0,0,1,0,0,0.0,0
583707.mira,583707,mira,2015-09-01 15:46:51,20150901,2015-09-01 15:50:43,20150901,2015-09-01 15:53:39,20150901,42874383154732,62188609113073,prod-short,300.0,176.0,512.0,128.0,8192.0,2048.0,MIR-00040-33371-512,0,231,0,231,0,100.1244,400.4978,0.0,400.4977,0.0,0.0,400.4977,MIR-00040-33371-512,0,c64,-1,complete,Not capability,0% <= x < 16.7%,0% <= x < 16.7%,0,0,0,1,1,1,0,0,0,0,0,0,0,1,0,0,0.0,0
583171.mira,583171,mira,2015-09-01 07:15:15,20150901,2015-09-01 15:51:43,20150901,2015-09-01 16:52:28,20150901,92664332451608,39064483874973,prod-short,3600.0,3645.0,512.0,512.0,8192.0,8192.0,MIR-00840-33B71-512,143,30988,8,30988,8,8292.1244,8292.1244,0.0,8294.4,0.0,0.0,8294.4,MIR-00840-33B71-512,143,script,-1,complete,Not capability,0% <= x < 16.7%,0% <= x < 16.7%,16,0,0,0,16,0,0,0,1,1,0,0,0,0,0,0,0.0,0
583172.mira,583172,mira,2015-09-01 07:15:17,20150901,2015-09-01 15:52:12,20150901,2015-09-01 16:52:57,20150901,92664332451608,39064483874973,prod-short,3600.0,3645.0,512.0,512.0,8192.0,8192.0,MIR-00800-33B31-512,143,31015,8,31015,8,8296.6756,8296.6756,0.0,8294.4,0.0,0.0,8294.4,MIR-00800-33B31-512,143,script,-1,complete,Not capability,0% <= x < 16.7%,0% <= x < 16.7%,16,0,0,0,16,0,0,0,1,1,0,0,0,0,0,0,0.0,0
583706.mira,583706,mira,2015-09-01 15:46:45,20150901,2015-09-01 15:52:41,20150901,2015-09-01 15:55:06,20150901,42874383154732,62188609113073,prod-short,300.0,145.0,512.0,64.0,8192.0,1024.0,MIR-00480-337B1-512,0,357,1,357,1,41.2444,329.9556,0.0,329.9555,0.0,0.0,329.9555,MIR-00480-337B1-512,0,c64,-1,complete,Not capability,0% <= x < 16.7%,0% <= x < 16.7%,0,0,0,1,1,1,0,0,0,0,0,0,0,1,0,0,0.0,0
583705.mira,583705,mira,2015-09-01 15:46:42,20150901,2015-09-01 15:54:37,20150901,2015-09-01 15:57:11,20150901,42874383154732,62188609113073,prod-short,300.0,154.0,512.0,32.0,8192.0,512.0,MIR-00000-33331-512,0,475,1,475,1,21.9022,350.4356,0.0,350.4355,0.0,0.0,350.4355,MIR-00000-33331-512,0,c64,-1,complete,Not capability,0% <= x < 16.7%,0% <= x < 16.7%,0,0,0,1,1,1,0,0,0,0,0,0,0,1,0,0,0.0,0
583704.mira,583704,mira,2015-09-01 15:46:41,20150901,2015-09-01 15:56:08,20150901,2015-09-01 15:58:52,20150901,42874383154732,62188609113073,prod-short,300.0,164.0,512.0,16.0,8192.0,256.0,MIR-004C0-337F1-512,0,566,1,566,1,11.7333,375.4667,0.0,373.1911,0.0,0.0,373.1911,MIR-004C0-337F1-512,0,c64,-1,complete,Not capability,0% <= x < 16.7%,0% <= x < 16.7%,0,0,0,1,1,1,0,0,0,0,0,0,0,1,0,0,0.0,0
583712.mira,583712,mira,2015-09-01 15:53:30,20150901,2015-09-01 15:58:07,20150901,2015-09-01 16:02:29,20150901,34871601655553,97534845395728,backfill,300.0,262.0,512.0,432.0,8192.0,6912.0,MIR-000C0-333F1-512,0,277,0,277,0,501.12,593.92,0.0,596.1955,0.0,0.0,596.1955,MIR-000C0-333F1-512,0,script,-1,complete,Not capability,0% <= x < 16.7%,0% <= x < 16.7%,0,0,0,1,1,1,0,0,0,0,0,0,0,1,0,0,0.0,0
583718.mira,583718,mira,2015-09-01 15:58:57,20150901,2015-09-01 15:59:32,20150901,2015-09-01 16:02:42,20150901,42874383154732,62188609113073,prod-short,300.0,190.0,1024.0,1024.0,16384.0,16384.0,MIR-00480-337F1-1-1024,0,35,0,35,0,864.7111,864.7111,0.0,864.7111,0.0,0.0,864.7111,MIR-00480-337F1-1-1024,0,c64,-1,complete,Not capability,0% <= x < 16.7%,0% <= x < 16.7%,0,0,0,1,1,1,0,0,0,0,0,0,0,1,0,0,0.0,0
582023.mira,582023,mira,2015-08-31 08:58:15,20150831,2015-09-01 16:08:07,20150901,2015-09-01 22:09:00,20150901,50394197576862,38970600412679,prod-short,21600.0,21653.0,4096.0,4096.0,65536.0,65536.0,MIR-00000-337F1-4096,143,112191,5,112191,5,394199.04,394199.04,0.0,394180.8355,0.0,0.0,394180.8355,MIR-00000-337F1-4096,143,script,-1,complete,Not capability,0% <= x < 16.7%,0% <= x < 16.7%,0,27,0,0,27,0,1,0,0,0,0,0,1,0,0,0,0.0,0
583173.mira,583173,mira,2015-09-01 07:15:18,20150901,2015-09-01 16:26:43,20150901,2015-09-01 17:27:33,20150901,92664332451608,39064483874973,prod-short,3600.0,3650.0,512.0,512.0,8192.0,8192.0,MIR-00880-33BB1-512,143,33084,9,33084,9,8308.0533,8308.0533,0.0,8305.7777,0.0,0.0,8305.7777,MIR-00880-33BB1-512,143,script,-1,complete,Not capability,0% <= x < 16.7%,0% <= x < 16.7%,16,0,0,0,16,0,0,0,1,1,0,0,0,0,0,0,0.0,0
583174.mira,583174,mira,2015-09-01 07:15:19,20150901,2015-09-01 16:53:14,20150901,2015-09-01 17:53:53,20150901,92664332451608,39064483874973,prod-short,3600.0,3639.0,512.0,512.0,8192.0,8192.0,MIR-00840-33B71-512,143,34675,9,34675,9,8280.7467,8280.7467,0.0,8280.7466,0.0,0.0,8280.7466,MIR-00840-33B71-512,143,script,-1,complete,Not capability,0% <= x < 16.7%,0% <= x < 16.7%,16,0,0,0,16,0,0,0,1,1,0,0,0,0,0,0,0.0,0
582249.mira,582249,mira,2015-08-31 10:42:53,20150831,2015-09-01 16:53:43,20150901,2015-09-01 20:41:22,20150901,11261749645351,83102796172305,prod-short,18000.0,13659.0,512.0,512.0,8192.0,8192.0,MIR-00800-33B31-512,0,108650,6,108650,6,31081.8133,31081.8133,0.0,31081.8133,0.0,0.0,31081.8133,MIR-00800-33B31-512,0,script,-1,complete,Not capability,0% <= x < 16.7%,0% <= x < 16.7%,64,0,0,0,64,0,0,0,1,1,0,0,0,0,0,0,0.0,0
582050.mira,582050,mira,2015-08-31 09:10:28,20150831,2015-09-01 17:28:13,20150901,2015-09-01 20:10:11,20150901,50394197576862,38970600412679,prod-short,21600.0,9718.0,512.0,512.0,8192.0,8192.0,MIR-00880-33BB1-512,0,116265,5,116265,5,22113.8489,22113.8489,0.0,22113.8488,0.0,0.0,22113.8488,MIR-00880-33BB1-512,0,script,-1,complete,Not capability,0% <= x < 16.7%,0% <= x < 16.7%,0,104,0,0,104,0,1,0,0,0,0,0,1,0,0,0,0.0,0
582848.mira,582848,mira,2015-09-01 02:56:52,20150901,2015-09-01 17:54:33,20150901,2015-09-01 18:46:40,20150901,68678370941746,26995251945683,prod-short,3600.0,3127.0,512.0,512.0,8192.0,8192.0,MIR-00840-33B71-512,0,53862,14,53862,14,7115.6622,7115.6622,0.0,7115.6622,0.0,0.0,7115.6622,MIR-00840-33B71-512,0,script,-1,complete,Not capability,0% <= x < 16.7%,0% <= x < 16.7%,0,0,0,1,1,1,0,0,0,0,0,0,0,1,0,0,0.0,0
582628.mira,582628,mira,2015-08-31 13:13:15,20150831,2015-09-01 17:56:24,20150901,2015-09-01 18:17:28,20150901,6756824910061,67960307499375,prod-capability,21600.0,1264.0,8192.0,8192.0,131072.0,131072.0,MIR-44000-77FF1-8192,1,103390,4,103390,4,45984.4267,45984.4267,46020.8355,0.0,0.0,46020.8355,0.0,MIR-44000-77FF1-8192,1,script,-1,complete,Capability,16.7% <= x < 33.3%,16.7% <= x < 33.3%,0,0,0,1,1,1,0,0,0,0,0,0,0,1,0,0,0.0,0
583175.mira,583175,mira,2015-09-01 07:15:21,20150901,2015-09-01 18:19:05,20150901,2015-09-01 20:17:32,20150901,92664332451608,39064483874973,prod-short,7200.0,7107.0,512.0,512.0,8192.0,8192.0,MIR-00C40-33F71-512,0,39823,5,39823,5,16172.3733,16172.3733,0.0,16172.3733,0.0,0.0,16172.3733,MIR-00C40-33F71-512,0,script,-1,complete,Not capability,0% <= x < 16.7%,0% <= x < 16.7%,16,0,0,0,16,0,0,0,1,1,0,0,0,0,0,0,0.0,0
566818.mira,566818,mira,2015-08-22 13:24:45,20150822,2015-09-01 18:20:28,20150901,2015-09-02 00:21:13,20150902,22495244966119,55265355648130,prod-short,21600.0,21645.0,2048.0,2048.0,32768.0,32768.0,MIR-44800-77BF1-2048,143,145953,6,881744,40,197017.6,197017.6,0.0,197017.6,0.0,0.0,197017.6,MIR-44800-77BF1-2048,143,c16,-1,complete,Not capability,0% <= x < 16.7%,0% <= x < 16.7%,0,0,0,1,1,1,0,0,0,0,0,0,0,1,0,0,0.0,0
582620.mira,582620,mira,2015-08-31 13:09:06,20150831,2015-09-01 18:21:00,20150901,2015-09-01 18:24:11,20150901,99598691146633,71905785739377,prod-short,5400.0,191.0,2048.0,1336.0,32768.0,21376.0,MIR-44000-773F1-2048,255,105115,19,105115,19,1134.1156,1738.5244,0.0,1738.5244,0.0,0.0,1738.5244,MIR-44000-773F1-2048,255,script,-1,complete,Not capability,0% <= x < 16.7%,0% <= x < 16.7%,0,0,0,1,1,1,0,0,0,0,0,0,0,1,0,0,0.0,0
582422.mira,582422,mira,2015-08-31 11:52:02,20150831,2015-09-01 18:21:34,20150901,2015-09-01 23:36:33,20150901,50394197576862,38970600412679,prod-short,21600.0,18899.0,2048.0,2048.0,32768.0,32768.0,MIR-44400-777F1-2048,0,109771,5,109771,5,172022.8978,172022.8978,0.0,172022.8977,0.0,0.0,172022.8977,MIR-44400-777F1-2048,0,script,-1,complete,Not capability,0% <= x < 16.7%,0% <= x < 16.7%,0,96,0,0,96,0,1,0,0,0,0,0,1,0,0,0,0.0,0
581571.mira,581571,mira,2015-08-31 03:40:18,20150831,2015-09-01 18:22:06,20150901,2015-09-01 18:41:56,20150901,66662098079296,85016681153800,prod-short,21600.0,1190.0,1024.0,1024.0,16384.0,16384.0,MIR-44C00-77F71-1-1024,139,139307,6,139307,6,5420.3733,5420.3733,0.0,5415.8222,0.0,0.0,5415.8222,MIR-44C00-77F71-1-1024,139,c8,-1,complete,Not capability,0% <= x < 16.7%,0% <= x < 16.7%,0,0,0,1,1,1,0,0,0,0,0,0,0,1,0,0,0.0,0
583176.mira,583176,mira,2015-09-01 07:15:23,20150901,2015-09-01 18:22:35,20150901,2015-09-01 20:23:15,20150901,92664332451608,39064483874973,prod-short,7200.0,7240.0,512.0,512.0,8192.0,8192.0,MIR-44CC0-77FF1-512,143,40033,5,40033,5,16472.7467,16472.7467,0.0,16475.0222,0.0,0.0,16475.0222,MIR-44CC0-77FF1-512,143,script,-1,complete,Not capability,0% <= x < 16.7%,0% <= x < 16.7%,16,0,0,0,16,0,0,0,1,1,0,0,0,0,0,0,0.0,0
583177.mira,583177,mira,2015-09-01 07:15:24,20150901,2015-09-01 18:22:58,20150901,2015-09-01 20:23:41,20150901,92664332451608,39064483874973,prod-short,7200.0,7243.0,512.0,512.0,8192.0,8192.0,MIR-00C00-33F31-512,143,40054,5,40054,5,16481.8489,16481.8489,0.0,16481.8488,0.0,0.0,16481.8488,MIR-00C00-33F31-512,143,script,-1,complete,Not capability,0% <= x < 16.7%,0% <= x < 16.7%,16,0,0,0,16,0,0,0,1,1,0,0,0,0,0,0,0.0,0
581575.mira,581575,mira,2015-08-31 03:42:05,20150831,2015-09-01 18:24:56,20150901,2015-09-01 18:32:42,20150901,66662098079296,85016681153800,prod-short,21600.0,466.0,1024.0,1024.0,16384.0,16384.0,MIR-44080-773F1-1-1024,139,139371,6,139371,6,2120.8178,2120.8178,0.0,2120.8177,0.0,0.0,2120.8177,MIR-44080-773F1-1-1024,139,c8,-1,complete,Not capability,0% <= x < 16.7%,0% <= x < 16.7%,0,0,0,1,1,1,0,0,0,0,0,0,0,1,0,0,0.0,0
581636.mira,581636,mira,2015-08-31 04:41:47,20150831,2015-09-01 18:25:25,20150901,2015-09-02 00:25:59,20150902,70010728095663,90555330268365,prod-short,21600.0,18311.39222026997,1024.0,1024.0,16384.0,16384.0,MIR-44000-77371-1-1024,143,135819,6,135819,6,98454.1867,98454.1867,0.0,98458.7377,0.0,0.0,98458.7377,MIR-44000-77371-1-1024,143,script,-1,complete,Not capability,0% <= x < 16.7%,0% <= x < 16.7%,1024,0,1024,0,1024,0,0,1,1,0,0,1,0,0,0,0,0.0,0
581637.mira,581637,mira,2015-08-31 04:42:28,20150831,2015-09-01 18:33:41,20150901,2015-09-02 00:34:39,20150902,70010728095663,90555330268365,prod-short,21600.0,18286.312955448888,1024.0,1024.0,16384.0,16384.0,MIR-44080-773F1-1-1024,143,136274,6,136274,6,98567.9644,98567.9644,0.0,98567.9644,0.0,0.0,98567.9644,MIR-44080-773F1-1-1024,143,script,-1,complete,Not capability,0% <= x < 16.7%,0% <= x < 16.7%,1024,0,1024,0,1024,0,0,1,1,0,0,1,0,0,0,0,0.0,0
582373.mira,582373,mira,2015-08-31 11:34:19,20150831,2015-09-01 18:42:37,20150901,2015-09-01 22:53:49,20150901,50394197576862,38970600412679,prod-short,21600.0,15072.0,1024.0,1024.0,16384.0,16384.0,MIR-44C00-77F71-1-1024,0,112097,5,112097,5,68594.3467,68594.3467,0.0,68594.3466,0.0,0.0,68594.3466,MIR-44C00-77F71-1-1024,0,script,-1,complete,Not capability,0% <= x < 16.7%,0% <= x < 16.7%,0,112,0,0,112,0,1,0,0,0,0,0,1,0,0,0,0.0,0
583178.mira,583178,mira,2015-09-01 07:15:26,20150901,2015-09-01 18:47:22,20150901,2015-09-01 20:48:24,20150901,92664332451608,39064483874973,prod-short,7200.0,7262.0,512.0,512.0,8192.0,8192.0,MIR-00840-33B71-512,143,41516,5,41516,5,16527.36,16527.36,0.0,16525.0844,0.0,0.0,16525.0844,MIR-00840-33B71-512,143,script,-1,complete,Not capability,0% <= x < 16.7%,0% <= x < 16.7%,16,0,0,0,16,0,0,0,1,1,0,0,0,0,0,0,0.0,0
582852.mira,582852,mira,2015-09-01 02:58:39,20150901,2015-09-01 18:51:31,20150901,2015-09-01 19:16:13,20150901,68678370941746,26995251945683,prod-short,3600.0,1482.0,1024.0,1024.0,16384.0,16384.0,MIR-00C80-33FF1-1-1024,0,57172,15,57172,15,6744.7467,6744.7467,0.0,6744.7466,0.0,0.0,6744.7466,MIR-00C80-33FF1-1-1024,0,script,-1,complete,Not capability,0% <= x < 16.7%,0% <= x < 16.7%,0,0,0,1,1,1,0,0,0,0,0,0,0,1,0,0,0.0,0
581554.mira,581554,mira,2015-08-31 03:17:29,20150831,2015-09-01 19:16:59,20150901,2015-09-01 22:13:02,20150901,96189774897037,73414259670960,prod-short,10800.0,10563.0,512.0,512.0,8192.0,8192.0,MIR-00CC0-33FF1-512,0,60241,5,143969,13,24036.6933,24036.6933,0.0,24036.6933,0.0,0.0,24036.6933,MIR-00CC0-33FF1-512,0,script,-1,complete,Not capability,0% <= x < 16.7%,0% <= x < 16.7%,8,0,0,0,8,0,0,0,1,1,0,0,0,0,0,0,0.0,0
581564.mira,581564,mira,2015-08-31 03:29:58,20150831,2015-09-01 19:17:29,20150901,2015-09-01 22:13:41,20150901,96189774897037,73414259670960,prod-short,10800.0,10572.0,512.0,512.0,8192.0,8192.0,MIR-00C80-33FB1-512,0,59639,5,143251,13,24057.1733,24057.1733,0.0,24057.1733,0.0,0.0,24057.1733,MIR-00C80-33FB1-512,0,script,-1,complete,Not capability,0% <= x < 16.7%,0% <= x < 16.7%,8,0,0,0,8,0,0,0,1,1,0,0,0,0,0,0,0.0,0
583687.mira,583687,mira,2015-09-01 15:34:45,20150901,2015-09-01 20:11:11,20150901,2015-09-01 21:11:59,20150901,47972554363297,57356241325548,prod-short,3600.0,3648.0,512.0,512.0,8192.0,8192.0,MIR-00880-33BB1-512,143,16585,4,16585,4,8303.5022,8303.5022,0.0,8301.2266,0.0,0.0,8301.2266,MIR-00880-33BB1-512,143,script,-1,complete,Not capability,0% <= x < 16.7%,0% <= x < 16.7%,8,0,0,0,8,0,0,0,1,1,0,0,0,0,0,0,0.0,0
583688.mira,583688,mira,2015-09-01 15:34:47,20150901,2015-09-01 20:18:20,20150901,2015-09-01 21:18:58,20150901,47972554363297,57356241325548,prod-short,3600.0,3638.0,512.0,512.0,8192.0,8192.0,MIR-00C40-33F71-512,143,17013,4,17013,4,8280.7467,8280.7467,0.0,8278.4711,0.0,0.0,8278.4711,MIR-00C40-33F71-512,143,script,-1,complete,Not capability,0% <= x < 16.7%,0% <= x < 16.7%,8,0,0,0,8,0,0,0,1,1,0,0,0,0,0,0,0.0,0
583689.mira,583689,mira,2015-09-01 15:34:59,20150901,2015-09-01 20:23:56,20150901,2015-09-01 21:24:43,20150901,47972554363297,57356241325548,prod-short,3600.0,3647.0,512.0,512.0,8192.0,8192.0,MIR-44CC0-77FF1-512,143,17336,4,17336,4,8298.9511,8298.9511,0.0,8298.9511,0.0,0.0,8298.9511,MIR-44CC0-77FF1-512,143,script,-1,complete,Not capability,0% <= x < 16.7%,0% <= x < 16.7%,8,0,0,0,8,0,0,0,1,1,0,0,0,0,0,0,0.0,0
583690.mira,583690,mira,2015-09-01 15:35:01,20150901,2015-09-01 20:24:27,20150901,2015-09-01 21:14:59,20150901,47972554363297,57356241325548,prod-short,3600.0,3032.0,512.0,512.0,8192.0,8192.0,MIR-00C00-33F31-512,0,17366,4,17366,4,6901.76,6901.76,0.0,6899.4844,0.0,0.0,6899.4844,MIR-00C00-33F31-512,0,script,-1,complete,Not capability,0% <= x < 16.7%,0% <= x < 16.7%,8,0,0,0,8,0,0,0,1,1,0,0,0,0,0,0,0.0,0
583691.mira,583691,mira,2015-09-01 15:35:21,20150901,2015-09-01 20:42:06,20150901,2015-09-01 21:42:53,20150901,47972554363297,57356241325548,prod-short,3600.0,3647.0,512.0,512.0,8192.0,8192.0,MIR-00800-33B31-512,143,18405,5,18405,5,8298.9511,8298.9511,0.0,8298.9511,0.0,0.0,8298.9511,MIR-00800-33B31-512,143,script,-1,complete,Not capability,0% <= x < 16.7%,0% <= x < 16.7%,8,0,0,0,8,0,0,0,1,1,0,0,0,0,0,0,0.0,0
581566.mira,581566,mira,2015-08-31 03:30:59,20150831,2015-09-01 20:49:06,20150901,2015-09-01 23:45:39,20150901,96189774897037,73414259670960,prod-short,10800.0,10593.0,512.0,512.0,8192.0,8192.0,MIR-00840-33B71-512,0,75743,7,148686,13,24107.2356,24107.2356,0.0,24104.96,0.0,0.0,24104.96,MIR-00840-33B71-512,0,script,-1,complete,Not capability,0% <= x < 16.7%,0% <= x < 16.7%,8,0,0,0,8,0,0,0,1,1,0,0,0,0,0,0,0.0,0
583692.mira,583692,mira,2015-09-01 15:35:22,20150901,2015-09-01 21:12:39,20150901,2015-09-01 22:13:28,20150901,47972554363297,57356241325548,prod-short,3600.0,3649.0,512.0,512.0,8192.0,8192.0,MIR-00880-33BB1-512,143,18458,5,20237,5,8303.5022,8303.5022,0.0,8303.5022,0.0,0.0,8303.5022,MIR-00880-33BB1-512,143,script,-1,complete,Not capability,0% <= x < 16.7%,0% <= x < 16.7%,8,0,0,0,8,0,0,0,1,1,0,0,0,0,0,0,0.0,0
583693.mira,583693,mira,2015-09-01 15:35:26,20150901,2015-09-01 21:15:55,20150901,2015-09-01 22:16:38,20150901,47972554363297,57356241325548,prod-short,3600.0,3643.0,512.0,512.0,8192.0,8192.0,MIR-00C00-33F31-512,143,18524,5,20429,5,8292.1244,8292.1244,0.0,8289.8488,0.0,0.0,8289.8488,MIR-00C00-33F31-512,143,script,-1,complete,Not capability,0% <= x < 16.7%,0% <= x < 16.7%,8,0,0,0,8,0,0,0,1,1,0,0,0,0,0,0,0.0,0
583694.mira,583694,mira,2015-09-01 15:35:28,20150901,2015-09-01 21:19:39,20150901,2015-09-01 22:10:04,20150901,47972554363297,57356241325548,prod-short,3600.0,3025.0,512.0,512.0,8192.0,8192.0,MIR-00C40-33F71-512,0,18576,5,20651,5,6885.8311,6885.8311,0.0,6883.5555,0.0,0.0,6883.5555,MIR-00C40-33F71-512,0,script,-1,complete,Not capability,0% <= x < 16.7%,0% <= x < 16.7%,8,0,0,0,8,0,0,0,1,1,0,0,0,0,0,0,0.0,0
582631.mira,582631,mira,2015-08-31 13:14:20,20150831,2015-09-01 21:23:12,20150901,2015-09-02 03:23:40,20150902,6756824910061,67960307499375,prod-capability,21600.0,21628.0,8192.0,8192.0,131072.0,131072.0,MIR-48000-7BFF1-8192,143,115732,5,115732,5,787451.4489,787451.4489,787451.4488,0.0,0.0,787451.4488,0.0,MIR-48000-7BFF1-8192,143,script,-1,complete,Capability,16.7% <= x < 33.3%,16.7% <= x < 33.3%,0,0,0,1,1,1,0,0,0,0,0,0,0,1,0,0,0.0,0
579762.mira,579762,mira,2015-08-30 04:20:34,20150830,2015-09-01 21:25:50,20150901,2015-09-02 00:21:46,20150902,96189774897037,73414259670960,prod-short,10800.0,10556.0,512.0,512.0,8192.0,8192.0,MIR-44CC0-77FF1-512,0,161335,14,234317,21,24023.04,24023.04,0.0,24020.7644,0.0,0.0,24020.7644,MIR-44CC0-77FF1-512,0,script,-1,complete,Not capability,0% <= x < 16.7%,0% <= x < 16.7%,8,0,0,0,8,0,0,0,1,1,0,0,0,0,0,0,0.0,0
582803.mira,582803,mira,2015-09-01 02:34:41,20150901,2015-09-01 21:43:52,20150901,2015-09-01 21:45:54,20150901,65494466463799,32787699174502,prod-short,7200.0,122.0,512.0,512.0,8192.0,8192.0,MIR-00800-33B31-512,1,68951,9,68951,9,277.6178,277.6178,0.0,277.6177,0.0,0.0,277.6177,MIR-00800-33B31-512,1,c1,-1,complete,Not capability,0% <= x < 16.7%,0% <= x < 16.7%,0,0,0,1,1,1,0,0,0,0,0,0,0,1,0,0,0.0,0
582809.mira,582809,mira,2015-09-01 02:35:50,20150901,2015-09-01 21:46:38,20150901,2015-09-01 22:54:02,20150901,65494466463799,32787699174502,prod-short,9000.0,4044.0,512.0,512.0,8192.0,8192.0,MIR-00800-33B31-512,0,69048,7,69048,7,9200.0711,9200.0711,0.0,9202.3466,0.0,0.0,9202.3466,MIR-00800-33B31-512,0,c1,-1,complete,Not capability,0% <= x < 16.7%,0% <= x < 16.7%,0,0,0,1,1,1,0,0,0,0,0,0,0,1,0,0,0.0,0
567150.mira,567150,mira,2015-08-22 21:04:14,20150822,2015-09-01 22:10:11,20150901,2015-09-02 05:55:28,20150902,97119758043959,98400208166986,prod-long,43200.0,27917.0,2048.0,2048.0,32768.0,32768.0,MIR-00000-333F1-2048,0,276409,6,867958,20,254106.7378,254106.7378,0.0,254106.7377,0.0,0.0,254106.7377,MIR-00000-333F1-2048,0,c2,-1,complete,Not capability,0% <= x < 16.7%,0% <= x < 16.7%,0,0,0,1,1,1,0,0,0,0,0,0,0,1,0,0,0.0,0
582439.mira,582439,mira,2015-08-31 11:58:26,20150831,2015-09-01 22:10:39,20150901,2015-09-02 03:50:39,20150902,22495244966119,55265355648130,prod-short,21600.0,20400.0,2048.0,2048.0,32768.0,32768.0,MIR-00400-337F1-2048,0,121671,5,123132,5,185694.4356,185694.4356,0.0,185685.3333,0.0,0.0,185685.3333,MIR-00400-337F1-2048,0,c16,-1,complete,Not capability,0% <= x < 16.7%,0% <= x < 16.7%,0,0,0,1,1,1,0,0,0,0,0,0,0,1,0,0,0.0,0
583652.mira,583652,mira,2015-09-01 15:13:56,20150901,2015-09-01 22:14:26,20150901,2015-09-01 23:15:16,20150901,56854543954531,14990642440966,prod-short,3600.0,3650.0,1024.0,1024.0,16384.0,16384.0,MIR-00C80-33FF1-1-1024,143,25230,7,25230,7,16611.5556,16611.5556,0.0,16611.5555,0.0,0.0,16611.5555,MIR-00C80-33FF1-1-1024,143,c32,-1,complete,Not capability,0% <= x < 16.7%,0% <= x < 16.7%,0,0,0,1,1,1,0,0,0,0,0,0,0,1,0,0,0.0,0
583766.mira,583766,mira,2015-09-01 17:06:01,20150901,2015-09-01 22:14:55,20150901,2015-09-02 00:00:12,20150902,19538777423807,64663463907625,prod-short,7200.0,6317.0,512.0,512.0,8192.0,8192.0,MIR-00880-33BB1-512,0,18534,2,18534,2,14376.96,14376.96,0.0,14374.6844,0.0,0.0,14374.6844,MIR-00880-33BB1-512,0,c8,-1,complete,Not capability,0% <= x < 16.7%,0% <= x < 16.7%,0,0,0,1,1,1,0,0,0,0,0,0,0,1,0,0,0.0,0
583653.mira,583653,mira,2015-09-01 15:13:57,20150901,2015-09-01 22:17:17,20150901,2015-09-01 23:17:55,20150901,56854543954531,14990642440966,prod-short,3600.0,3638.0,1024.0,1024.0,16384.0,16384.0,MIR-00C00-33F71-1-1024,143,25399,7,25399,7,16561.4933,16561.4933,0.0,16556.9422,0.0,0.0,16556.9422,MIR-00C00-33F71-1-1024,143,c32,-1,complete,Not capability,0% <= x < 16.7%,0% <= x < 16.7%,0,0,0,1,1,1,0,0,0,0,0,0,0,1,0,0,0.0,0
582232.mira,582232,mira,2015-08-31 10:32:33,20150831,2015-09-01 22:20:51,20150901,2015-09-02 01:21:53,20150902,50394197576862,77085908864199,prod-capability,10800.0,10862.0,8192.0,8192.0,131072.0,131072.0,MIR-04000-37FF1-8192,143,128898,11,128898,11,395509.76,395509.76,395473.3511,0.0,0.0,395473.3511,0.0,MIR-04000-37FF1-8192,143,script,-1,complete,Capability,16.7% <= x < 33.3%,16.7% <= x < 33.3%,0,11,0,0,11,0,1,0,0,0,0,0,1,0,0,0,395473.3511,1
584092.mira,584092,mira,2015-09-01 22:42:51,20150901,2015-09-01 22:43:29,20150901,2015-09-01 22:55:20,20150901,30861277613258,76243759028727,R.hw.R1B-M1.linkerrors,3600.0,711.0,512.0,512.0,8192.0,8192.0,MIR-44C80-77FB1-512,0,38,0,38,0,1615.6444,1615.6444,0.0,1617.92,0.0,0.0,1617.92,MIR-44C80-77FB1-512,0,c4,1038,complete,Not capability,0% <= x < 16.7%,0% <= x < 16.7%,0,0,0,1,1,1,0,0,0,0,0,0,0,1,0,0,0.0,0
583654.mira,583654,mira,2015-09-01 15:13:58,20150901,2015-09-01 22:54:39,20150901,2015-09-01 23:55:23,20150901,56854543954531,14990642440966,prod-short,3600.0,3644.0,1024.0,1024.0,16384.0,16384.0,MIR-44C00-77F71-1-1024,143,27641,7,27641,7,16584.2489,16584.2489,0.0,16584.2488,0.0,0.0,16584.2488,MIR-44C00-77F71-1-1024,143,c32,-1,complete,Not capability,0% <= x < 16.7%,0% <= x < 16.7%,0,0,0,1,1,1,0,0,0,0,0,0,0,1,0,0,0.0,0
583776.mira,583776,mira,2015-09-01 17:07:03,20150901,2015-09-01 22:55:09,20150901,2015-09-02 00:07:45,20150902,19538777423807,64663463907625,prod-short,7200.0,4356.0,512.0,512.0,8192.0,8192.0,MIR-00800-33B31-512,0,20885,2,20885,2,9912.32,9912.32,0.0,9912.32,0.0,0.0,9912.32,MIR-00800-33B31-512,0,c8,-1,complete,Not capability,0% <= x < 16.7%,0% <= x < 16.7%,0,0,0,1,1,1,0,0,0,0,0,0,0,1,0,0,0.0,0
583717.mira,583717,mira,2015-09-01 15:58:56,20150901,2015-09-01 22:57:10,20150901,2015-09-01 22:59:47,20150901,42874383154732,62188609113073,prod-short,300.0,157.0,512.0,512.0,8192.0,8192.0,MIR-44C80-77FB1-512,0,25095,83,25095,83,357.2622,357.2622,0.0,357.2622,0.0,0.0,357.2622,MIR-44C80-77FB1-512,0,c64,-1,complete,Not capability,0% <= x < 16.7%,0% <= x < 16.7%,0,0,0,1,1,1,0,0,0,0,0,0,0,1,0,0,0.0,0
582811.mira,582811,mira,2015-09-01 02:36:33,20150901,2015-09-01 23:00:47,20150901,2015-09-01 23:02:45,20150901,65494466463799,32787699174502,prod-short,10800.0,118.0,512.0,512.0,8192.0,8192.0,MIR-44C80-77FB1-512,1,73454,6,73454,6,268.5156,268.5156,0.0,268.5155,0.0,0.0,268.5155,MIR-44C80-77FB1-512,1,c1,-1,complete,Not capability,0% <= x < 16.7%,0% <= x < 16.7%,0,0,0,1,1,1,0,0,0,0,0,0,0,1,0,0,0.0,0
582812.mira,582812,mira,2015-09-01 02:37:34,20150901,2015-09-01 23:03:24,20150901,2015-09-01 23:05:23,20150901,65494466463799,32787699174502,prod-short,10800.0,119.0,512.0,512.0,8192.0,8192.0,MIR-44C80-77FB1-512,1,73551,6,73551,6,270.7911,270.7911,0.0,270.7911,0.0,0.0,270.7911,MIR-44C80-77FB1-512,1,c1,-1,complete,Not capability,0% <= x < 16.7%,0% <= x < 16.7%,0,0,0,1,1,1,0,0,0,0,0,0,0,1,0,0,0.0,0
582813.mira,582813,mira,2015-09-01 02:38:05,20150901,2015-09-01 23:06:14,20150901,2015-09-01 23:08:14,20150901,65494466463799,32787699174502,prod-short,10800.0,120.0,512.0,512.0,8192.0,8192.0,MIR-44C80-77FB1-512,1,73688,6,73688,6,275.3422,275.3422,0.0,273.0666,0.0,0.0,273.0666,MIR-44C80-77FB1-512,1,c1,-1,complete,Not capability,0% <= x < 16.7%,0% <= x < 16.7%,0,0,0,1,1,1,0,0,0,0,0,0,0,1,0,0,0.0,0
582821.mira,582821,mira,2015-09-01 02:39:29,20150901,2015-09-01 23:08:55,20150901,2015-09-01 23:10:41,20150901,65494466463799,32787699174502,prod-short,10800.0,106.0,512.0,512.0,8192.0,8192.0,MIR-44C80-77FB1-512,1,73767,6,73767,6,241.2089,241.2089,0.0,241.2088,0.0,0.0,241.2088,MIR-44C80-77FB1-512,1,c1,-1,complete,Not capability,0% <= x < 16.7%,0% <= x < 16.7%,0,0,0,1,1,1,0,0,0,0,0,0,0,1,0,0,0.0,0
583716.mira,583716,mira,2015-09-01 15:58:54,20150901,2015-09-01 23:11:52,20150901,2015-09-01 23:14:08,20150901,42874383154732,62188609113073,prod-short,300.0,136.0,512.0,256.0,8192.0,4096.0,MIR-44C80-77FB1-512,0,25978,86,25978,86,155.8756,311.7511,0.0,309.4755,0.0,0.0,309.4755,MIR-44C80-77FB1-512,0,c64,-1,complete,Not capability,0% <= x < 16.7%,0% <= x < 16.7%,0,0,0,1,1,1,0,0,0,0,0,0,0,1,0,0,0.0,0
583683.mira,583683,mira,2015-09-01 15:33:52,20150901,2015-09-01 23:15:04,20150901,2015-09-02 03:15:50,20150902,47972554363297,57356241325548,prod-short,14400.0,14446.0,512.0,512.0,8192.0,8192.0,MIR-44C80-77FB1-512,143,25310,1,27671,1,32872.6756,32872.6756,0.0,32872.6755,0.0,0.0,32872.6755,MIR-44C80-77FB1-512,143,script,-1,complete,Not capability,0% <= x < 16.7%,0% <= x < 16.7%,8,0,0,0,8,0,0,0,1,1,0,0,0,0,0,0,0.0,0
583655.mira,583655,mira,2015-09-01 15:14:00,20150901,2015-09-01 23:16:02,20150901,2015-09-02 00:16:50,20150902,56854543954531,14990642440966,prod-short,3600.0,3648.0,1024.0,1024.0,16384.0,16384.0,MIR-00C80-33FF1-1-1024,143,28923,8,28923,8,16597.9022,16597.9022,0.0,16602.4533,0.0,0.0,16602.4533,MIR-00C80-33FF1-1-1024,143,c32,-1,complete,Not capability,0% <= x < 16.7%,0% <= x < 16.7%,0,0,0,1,1,1,0,0,0,0,0,0,0,1,0,0,0.0,0
583656.mira,583656,mira,2015-09-01 15:14:01,20150901,2015-09-01 23:18:50,20150901,2015-09-02 00:19:44,20150902,56854543954531,14990642440966,prod-short,3600.0,3654.0,1024.0,1024.0,16384.0,16384.0,MIR-00C00-33F71-1-1024,143,29089,8,29089,8,16629.76,16629.76,0.0,16629.76,0.0,0.0,16629.76,MIR-00C00-33F71-1-1024,143,c32,-1,complete,Not capability,0% <= x < 16.7%,0% <= x < 16.7%,0,0,0,1,1,1,0,0,0,0,0,0,0,1,0,0,0.0,0
583657.mira,583657,mira,2015-09-01 15:14:02,20150901,2015-09-01 23:37:13,20150901,2015-09-02 00:38:16,20150902,56854543954531,14990642440966,prod-short,3600.0,3663.0,1024.0,1024.0,16384.0,16384.0,MIR-44480-777F1-1-1024,143,30191,8,30191,8,16666.1689,16666.1689,0.0,16670.72,0.0,0.0,16670.72,MIR-44480-777F1-1-1024,143,c32,-1,complete,Not capability,0% <= x < 16.7%,0% <= x < 16.7%,0,0,0,1,1,1,0,0,0,0,0,0,0,1,0,0,0.0,0
583658.mira,583658,mira,2015-09-01 15:14:03,20150901,2015-09-01 23:37:43,20150901,2015-09-02 00:38:41,20150902,56854543954531,14990642440966,prod-short,3600.0,3658.0,1024.0,1024.0,16384.0,16384.0,MIR-44400-77771-1-1024,143,30220,8,30220,8,16643.4133,16643.4133,0.0,16647.9644,0.0,0.0,16647.9644,MIR-44400-77771-1-1024,143,c32,-1,complete,Not capability,0% <= x < 16.7%,0% <= x < 16.7%,0,0,0,1,1,1,0,0,0,0,0,0,0,1,0,0,0.0,0
583684.mira,583684,mira,2015-09-01 15:33:59,20150901,2015-09-01 23:46:20,20150901,2015-09-02 03:47:13,20150902,47972554363297,57356241325548,prod-short,14400.0,14453.0,512.0,512.0,8192.0,8192.0,MIR-00840-33B71-512,143,27181,1,29541,2,32890.88,32890.88,0.0,32888.6044,0.0,0.0,32888.6044,MIR-00840-33B71-512,143,script,-1,complete,Not capability,0% <= x < 16.7%,0% <= x < 16.7%,8,0,0,0,8,0,0,0,1,1,0,0,0,0,0,0,0.0,0
583659.mira,583659,mira,2015-09-01 15:14:08,20150901,2015-09-01 23:56:01,20150901,2015-09-02 00:57:10,20150902,56854543954531,14990642440966,prod-short,3600.0,3669.0,1024.0,1024.0,16384.0,16384.0,MIR-44C00-77F71-1-1024,143,30268,8,31314,8,16693.4756,16693.4756,0.0,16698.0266,0.0,0.0,16698.0266,MIR-44C00-77F71-1-1024,143,c32,-1,complete,Not capability,0% <= x < 16.7%,0% <= x < 16.7%,0,0,0,1,1,1,0,0,0,0,0,0,0,1,0,0,0.0,0
583685.mira,583685,mira,2015-09-01 15:34:19,20150901,2015-09-02 00:00:58,20150902,2015-09-02 04:01:52,20150902,47972554363297,57356241325548,prod-short,14400.0,14454.0,512.0,512.0,8192.0,8192.0,MIR-00880-33BB1-512,143,28037,1,30400,2,32888.6044,32888.6044,0.0,32890.88,0.0,0.0,32890.88,MIR-00880-33BB1-512,143,script,-1,complete,Not capability,0% <= x < 16.7%,0% <= x < 16.7%,8,0,0,0,8,0,0,0,1,1,0,0,0,0,0,0,0.0,0
583686.mira,583686,mira,2015-09-01 15:34:23,20150901,2015-09-02 00:08:47,20150902,2015-09-02 04:09:40,20150902,47972554363297,57356241325548,prod-short,14400.0,14453.0,512.0,512.0,8192.0,8192.0,MIR-00800-33B31-512,143,28502,1,30865,2,32888.6044,32888.6044,0.0,32888.6044,0.0,0.0,32888.6044,MIR-00800-33B31-512,143,script,-1,complete,Not capability,0% <= x < 16.7%,0% <= x < 16.7%,8,0,0,0,8,0,0,0,1,1,0,0,0,0,0,0,0.0,0
584112.mira,584112,mira,2015-09-02 00:13:28,20150902,2015-09-02 00:13:48,20150902,2015-09-02 00:17:36,20150902,30861277613258,76243759028727,R.hw.R07-M0-N,3600.0,228.0,512.0,512.0,8192.0,8192.0,MIR-008C0-33BF1-512,0,21,0,21,0,518.8267,518.8267,0.0,518.8266,0.0,0.0,518.8266,MIR-008C0-33BF1-512,0,c4,1037,complete,Not capability,0% <= x < 16.7%,0% <= x < 16.7%,0,0,0,1,1,1,0,0,0,0,0,0,0,1,0,0,0.0,0
583660.mira,583660,mira,2015-09-01 15:14:24,20150901,2015-09-02 00:17:44,20150902,2015-09-02 01:18:34,20150902,56854543954531,14990642440966,prod-short,3600.0,3650.0,1024.0,1024.0,16384.0,16384.0,MIR-00C80-33FF1-1-1024,143,30317,8,32599,9,16616.1067,16616.1067,0.0,16611.5555,0.0,0.0,16611.5555,MIR-00C80-33FF1-1-1024,143,c32,-1,complete,Not capability,0% <= x < 16.7%,0% <= x < 16.7%,0,0,0,1,1,1,0,0,0,0,0,0,0,1,0,0,0.0,0
583939.mira,583939,mira,2015-09-01 19:58:06,20150901,2015-09-02 00:19:56,20150902,2015-09-02 00:24:20,20150902,30423018443595,20043369531651,prod-short,5400.0,264.0,512.0,128.0,8192.0,2048.0,MIR-008C0-33BF1-512,0,15709,2,15709,2,150.7556,603.0222,0.0,600.7466,0.0,0.0,600.7466,MIR-008C0-33BF1-512,0,script,-1,complete,Not capability,0% <= x < 16.7%,0% <= x < 16.7%,0,0,0,1,1,1,0,0,0,0,0,0,0,1,0,0,0.0,0
583661.mira,583661,mira,2015-09-01 15:14:27,20150901,2015-09-02 00:20:30,20150902,2015-09-02 01:21:23,20150902,56854543954531,14990642440966,prod-short,3600.0,3653.0,1024.0,1024.0,16384.0,16384.0,MIR-00C00-33F71-1-1024,143,30375,8,32763,9,16625.2089,16625.2089,0.0,16625.2088,0.0,0.0,16625.2088,MIR-00C00-33F71-1-1024,143,c32,-1,complete,Not capability,0% <= x < 16.7%,0% <= x < 16.7%,0,0,0,1,1,1,0,0,0,0,0,0,0,1,0,0,0.0,0
583036.mira,583036,mira,2015-09-01 04:59:16,20150901,2015-09-02 00:21:00,20150902,2015-09-02 06:21:53,20150902,50394197576862,38970600412679,prod-capability,21600.0,21653.0,8192.0,8192.0,131072.0,131072.0,MIR-40000-73FF1-8192,143,69703,3,69703,3,788398.08,788398.08,788361.6711,0.0,0.0,788361.6711,0.0,MIR-40000-73FF1-8192,143,script,-1,complete,Capability,16.7% <= x < 33.3%,16.7% <= x < 33.3%,0,19,0,0,19,0,1,0,0,0,0,0,1,0,0,0,0.0,0
583333.mira,583333,mira,2015-09-01 09:45:57,20150901,2015-09-02 00:22:09,20150902,2015-09-02 06:22:46,20150902,87094208266164,32354507191271,prod-short,21600.0,21637.0,2048.0,2048.0,32768.0,32768.0,MIR-44800-77BF1-2048,143,52572,2,52572,2,196944.7822,196944.7822,0.0,196944.7822,0.0,0.0,196944.7822,MIR-44800-77BF1-2048,143,c16,-1,complete,Not capability,0% <= x < 16.7%,0% <= x < 16.7%,0,0,0,1,1,1,0,0,0,0,0,0,0,1,0,0,0.0,0
583894.mira,583894,mira,2015-09-01 19:24:05,20150901,2015-09-02 00:22:40,20150902,2015-09-02 00:25:59,20150902,10455425507601,33609503197301,prod-short,3600.0,199.0,512.0,512.0,8192.0,8192.0,MIR-44CC0-77FF1-512,1,17915,4,17915,4,455.1111,455.1111,0.0,452.8355,0.0,0.0,452.8355,MIR-44CC0-77FF1-512,1,script,-1,complete,Not capability,0% <= x < 16.7%,0% <= x < 16.7%,0,4,0,0,4,0,1,0,0,0,0,0,1,0,0,0,0.0,0
583893.mira,583893,mira,2015-09-01 19:23:55,20150901,2015-09-02 00:25:01,20150902,2015-09-02 00:27:48,20150902,10455425507601,33609503197301,prod-short,3600.0,167.0,512.0,256.0,8192.0,4096.0,MIR-008C0-33BF1-512,1,18067,5,18067,5,190.0089,380.0178,0.0,380.0177,0.0,0.0,380.0177,MIR-008C0-33BF1-512,1,script,-1,complete,Not capability,0% <= x < 16.7%,0% <= x < 16.7%,0,3,0,0,3,0,1,0,0,0,0,0,1,0,0,0,0.0,0
583808.mira,583808,mira,2015-09-01 17:26:31,20150901,2015-09-02 00:26:23,20150902,2015-09-02 00:28:13,20150902,40121889459025,83102796172305,prod-short,300.0,110.0,512.0,1.0,8192.0,16.0,MIR-44000-77331-512,0,25192,83,25192,83,0.4889,250.3111,0.0,250.3111,0.0,0.0,250.3111,MIR-44000-77331-512,0,script,-1,complete,Not capability,0% <= x < 16.7%,0% <= x < 16.7%,-1,-1,-1,-1,0,0,0,0,0,0,0,0,0,0,0,1,0.0,0
584015.mira,584015,mira,2015-09-01 21:30:18,20150901,2015-09-02 00:26:52,20150902,2015-09-02 02:27:44,20150902,35396746795343,64663463907625,prod-short,7200.0,7252.0,512.0,512.0,8192.0,8192.0,MIR-44CC0-77FF1-512,143,10594,1,10594,1,16500.0533,16500.0533,0.0,16502.3288,0.0,0.0,16502.3288,MIR-44CC0-77FF1-512,143,script,-1,complete,Not capability,0% <= x < 16.7%,0% <= x < 16.7%,31,31,0,0,31,0,1,0,1,0,0,0,0,0,0,1,0.0,0
584016.mira,584016,mira,2015-09-01 21:30:22,20150901,2015-09-02 00:28:58,20150902,2015-09-02 02:29:50,20150902,35396746795343,64663463907625,prod-short,7200.0,7252.0,512.0,512.0,8192.0,8192.0,MIR-008C0-33BF1-512,143,10717,1,10717,1,16502.3289,16502.3289,0.0,16502.3288,0.0,0.0,16502.3288,MIR-008C0-33BF1-512,143,script,-1,complete,Not capability,0% <= x < 16.7%,0% <= x < 16.7%,28,28,0,0,28,0,1,0,1,0,0,0,0,0,0,1,0.0,0
583662.mira,583662,mira,2015-09-01 15:14:28,20150901,2015-09-02 00:38:27,20150902,2015-09-02 01:39:16,20150902,56854543954531,14990642440966,prod-short,3600.0,3649.0,1024.0,1024.0,16384.0,16384.0,MIR-44000-77371-1-1024,143,30400,8,33838,9,16611.5556,16611.5556,0.0,16607.0044,0.0,0.0,16607.0044,MIR-44000-77371-1-1024,143,c32,-1,complete,Not capability,0% <= x < 16.7%,0% <= x < 16.7%,0,0,0,1,1,1,0,0,0,0,0,0,0,1,0,0,0.0,0
583663.mira,583663,mira,2015-09-01 15:14:30,20150901,2015-09-02 00:38:53,20150902,2015-09-02 01:39:48,20150902,56854543954531,14990642440966,prod-short,3600.0,3655.0,1024.0,1024.0,16384.0,16384.0,MIR-44080-773F1-1-1024,143,30423,8,33864,9,16629.76,16629.76,0.0,16634.3111,0.0,0.0,16634.3111,MIR-44080-773F1-1-1024,143,c32,-1,complete,Not capability,0% <= x < 16.7%,0% <= x < 16.7%,0,0,0,1,1,1,0,0,0,0,0,0,0,1,0,0,0.0,0
583336.mira,583336,mira,2015-09-01 09:46:49,20150901,2015-09-02 00:39:24,20150902,2015-09-02 03:12:36,20150902,87094208266164,32354507191271,prod-short,21600.0,9192.0,2048.0,2048.0,32768.0,32768.0,MIR-44400-777F1-2048,0,53556,2,53556,2,83658.5244,83658.5244,0.0,83667.6266,0.0,0.0,83667.6266,MIR-44400-777F1-2048,0,c16,-1,complete,Not capability,0% <= x < 16.7%,0% <= x < 16.7%,0,0,0,1,1,1,0,0,0,0,0,0,0,1,0,0,0.0,0
582868.mira,582868,mira,2015-09-01 03:05:01,20150901,2015-09-02 00:43:07,20150902,2015-09-02 06:44:04,20150902,6756824910061,67960307499375,prod-capability,21600.0,21657.0,8192.0,8192.0,131072.0,131072.0,MIR-08000-3BFF1-8192,143,77886,3,77886,3,788543.7156,788543.7156,788507.3066,0.0,0.0,788507.3066,0.0,MIR-08000-3BFF1-8192,143,script,-1,complete,Capability,16.7% <= x < 33.3%,16.7% <= x < 33.3%,0,0,0,1,1,1,0,0,0,0,0,0,0,1,0,0,0.0,0
583664.mira,583664,mira,2015-09-01 15:14:31,20150901,2015-09-02 00:57:48,20150902,2015-09-02 01:58:30,20150902,56854543954531,14990642440966,prod-short,3600.0,3642.0,1024.0,1024.0,16384.0,16384.0,MIR-44C00-77F71-1-1024,143,30475,8,34998,9,16570.5956,16570.5956,0.0,16575.1466,0.0,0.0,16575.1466,MIR-44C00-77F71-1-1024,143,c32,-1,complete,Not capability,0% <= x < 16.7%,0% <= x < 16.7%,0,0,0,1,1,1,0,0,0,0,0,0,0,1,0,0,0.0,0
583665.mira,583665,mira,2015-09-01 15:14:32,20150901,2015-09-02 01:19:15,20150902,2015-09-02 02:20:29,20150902,56854543954531,14990642440966,prod-short,3600.0,3674.0,1024.0,1024.0,16384.0,16384.0,MIR-00C80-33FF1-1-1024,143,30526,8,36283,10,16725.3333,16725.3333,0.0,16720.7822,0.0,0.0,16720.7822,MIR-00C80-33FF1-1-1024,143,c32,-1,complete,Not capability,0% <= x < 16.7%,0% <= x < 16.7%,0,0,0,1,1,1,0,0,0,0,0,0,0,1,0,0,0.0,0
583666.mira,583666,mira,2015-09-01 15:14:33,20150901,2015-09-02 01:22:08,20150902,2015-09-02 02:22:52,20150902,56854543954531,14990642440966,prod-short,3600.0,3644.0,1024.0,1024.0,16384.0,16384.0,MIR-00C00-33F71-1-1024,143,30581,8,36454,10,16584.2489,16584.2489,0.0,16584.2488,0.0,0.0,16584.2488,MIR-00C00-33F71-1-1024,143,c32,-1,complete,Not capability,0% <= x < 16.7%,0% <= x < 16.7%,0,0,0,1,1,1,0,0,0,0,0,0,0,1,0,0,0.0,0
582678.mira,582678,mira,2015-09-01 00:47:17,20150901,2015-09-02 01:23:01,20150902,2015-09-02 07:23:48,20150902,18521055867206,96053935958097,prod-short,21600.0,21647.0,4096.0,4096.0,65536.0,65536.0,MIR-04000-377F1-4096,143,88544,4,88544,4,394053.4044,394053.4044,0.0,394071.6088,0.0,0.0,394071.6088,MIR-04000-377F1-4096,143,script,-1,complete,Not capability,0% <= x < 16.7%,0% <= x < 16.7%,0,0,0,1,1,1,0,0,0,0,0,0,0,1,0,0,0.0,0
583896.mira,583896,mira,2015-09-01 19:24:32,20150901,2015-09-02 01:23:32,20150902,2015-09-02 01:29:59,20150902,10455425507601,33609503197301,prod-short,3600.0,387.0,2048.0,2048.0,32768.0,32768.0,MIR-04C00-37FF1-2048,1,21541,5,21541,5,3522.56,3522.56,0.0,3522.56,0.0,0.0,3522.56,MIR-04C00-37FF1-2048,1,script,-1,complete,Not capability,0% <= x < 16.7%,0% <= x < 16.7%,0,5,0,0,5,0,1,0,0,0,0,0,1,0,0,0,0.0,0
583895.mira,583895,mira,2015-09-01 19:24:13,20150901,2015-09-02 01:24:04,20150902,2015-09-02 01:27:04,20150902,10455425507601,33609503197301,prod-short,3600.0,180.0,1024.0,1024.0,16384.0,16384.0,MIR-04800-37B71-1-1024,1,21590,5,21590,5,819.2,819.2,0.0,819.2,0.0,0.0,819.2,MIR-04800-37B71-1-1024,1,script,-1,complete,Not capability,0% <= x < 16.7%,0% <= x < 16.7%,0,4,0,0,4,0,1,0,0,0,0,0,1,0,0,0,0.0,0
583593.mira,583593,mira,2015-09-01 13:47:39,20150901,2015-09-02 01:24:35,20150902,2015-09-02 07:25:16,20150902,18521055867206,96053935958097,prod-short,21600.0,21641.0,1024.0,1024.0,16384.0,16384.0,MIR-04880-37BF1-1-1024,143,41816,1,41816,1,98486.0444,98486.0444,0.0,98490.5955,0.0,0.0,98490.5955,MIR-04880-37BF1-1-1024,143,script,-1,complete,Not capability,0% <= x < 16.7%,0% <= x < 16.7%,0,0,0,1,1,1,0,0,0,0,0,0,0,1,0,0,0.0,0
584017.mira,584017,mira,2015-09-01 21:30:25,20150901,2015-09-02 01:27:46,20150902,2015-09-02 03:28:48,20150902,35396746795343,64663463907625,prod-short,7200.0,7262.0,512.0,512.0,8192.0,8192.0,MIR-04840-37B71-512,143,14240,1,14240,1,16527.36,16527.36,0.0,16525.0844,0.0,0.0,16525.0844,MIR-04840-37B71-512,143,script,-1,complete,Not capability,0% <= x < 16.7%,0% <= x < 16.7%,18,18,0,0,18,0,1,0,1,0,0,0,0,0,0,1,0.0,0
583994.mira,583994,mira,2015-09-01 20:54:47,20150901,2015-09-02 01:28:14,20150902,2015-09-02 02:20:30,20150902,68678370941746,26995251945683,prod-short,3600.0,3136.0,512.0,512.0,8192.0,8192.0,MIR-04800-37B31-512,0,16406,4,16406,4,7136.1422,7136.1422,0.0,7136.1422,0.0,0.0,7136.1422,MIR-04800-37B31-512,0,script,-1,complete,Not capability,0% <= x < 16.7%,0% <= x < 16.7%,0,0,0,1,1,1,0,0,0,0,0,0,0,1,0,0,0.0,0
584105.mira,584105,mira,2015-09-01 23:47:28,20150901,2015-09-02 01:30:52,20150902,2015-09-02 02:02:17,20150902,20020028632143,87398640433046,prod-short,2400.0,1885.0,512.0,512.0,8192.0,8192.0,MIR-04C00-37F31-512,0,6204,2,6204,2,4287.1467,4287.1467,0.0,4289.4222,0.0,0.0,4289.4222,MIR-04C00-37F31-512,0,script,-1,complete,Not capability,0% <= x < 16.7%,0% <= x < 16.7%,0,0,0,1,1,1,0,0,0,0,0,0,0,1,0,0,0.0,0
584106.mira,584106,mira,2015-09-01 23:47:39,20150901,2015-09-02 01:31:18,20150902,2015-09-02 02:03:02,20150902,20020028632143,87398640433046,prod-short,2400.0,1904.0,512.0,512.0,8192.0,8192.0,MIR-04C40-37F71-512,0,6219,2,6219,2,4332.6578,4332.6578,0.0,4332.6577,0.0,0.0,4332.6577,MIR-04C40-37F71-512,0,script,-1,complete,Not capability,0% <= x < 16.7%,0% <= x < 16.7%,0,0,0,1,1,1,0,0,0,0,0,0,0,1,0,0,0.0,0
584107.mira,584107,mira,2015-09-01 23:47:46,20150901,2015-09-02 01:31:46,20150902,2015-09-02 02:03:16,20150902,20020028632143,87398640433046,prod-short,2400.0,1890.0,512.0,512.0,8192.0,8192.0,MIR-04CC0-37FF1-512,0,6240,2,6240,2,4303.0756,4303.0756,0.0,4300.8,0.0,0.0,4300.8,MIR-04CC0-37FF1-512,0,script,-1,complete,Not capability,0% <= x < 16.7%,0% <= x < 16.7%,0,0,0,1,1,1,0,0,0,0,0,0,0,1,0,0,0.0,0
583714.mira,583714,mira,2015-09-01 15:57:46,20150901,2015-09-02 01:32:13,20150902,2015-09-02 07:33:00,20150902,35332401951464,31646698867737,prod-short,21600.0,21647.0,512.0,512.0,8192.0,8192.0,MIR-04C80-37FB1-512,143,34466,1,34466,1,49261.2267,49261.2267,0.0,49258.9511,0.0,0.0,49258.9511,MIR-04C80-37FB1-512,143,c64,-1,complete,Not capability,0% <= x < 16.7%,0% <= x < 16.7%,0,0,0,1,1,1,0,0,0,0,0,0,0,1,0,0,0.0,0
583892.mira,583892,mira,2015-09-01 19:23:43,20150901,2015-09-02 01:40:27,20150902,2015-09-02 01:43:21,20150902,10455425507601,33609503197301,prod-short,3600.0,174.0,512.0,128.0,8192.0,2048.0,MIR-44040-77371-512,1,22605,6,22605,6,98.9867,395.9467,0.0,395.9466,0.0,0.0,395.9466,MIR-44040-77371-512,1,script,-1,complete,Not capability,0% <= x < 16.7%,0% <= x < 16.7%,0,3,0,0,3,0,1,0,0,0,0,0,1,0,0,0,0.0,0
583720.mira,583720,mira,2015-09-01 16:03:33,20150901,2015-09-02 01:40:56,20150902,2015-09-02 01:45:25,20150902,34871601655553,97534845395728,backfill,300.0,269.0,512.0,432.0,8192.0,6912.0,MIR-44000-77331-512,0,34642,115,34642,115,518.4,614.4,0.0,612.1244,0.0,0.0,612.1244,MIR-44000-77331-512,0,script,-1,complete,Not capability,0% <= x < 16.7%,0% <= x < 16.7%,0,0,0,1,1,1,0,0,0,0,0,0,0,1,0,0,0.0,0
583711.mira,583711,mira,2015-09-01 15:53:28,20150901,2015-09-02 01:41:23,20150902,2015-09-02 01:44:30,20150902,34871601655553,97534845395728,backfill,300.0,187.0,512.0,432.0,8192.0,6912.0,MIR-44080-773B1-512,0,35276,117,35276,117,359.04,425.5289,0.0,425.5288,0.0,0.0,425.5288,MIR-44080-773B1-512,0,script,-1,complete,Not capability,0% <= x < 16.7%,0% <= x < 16.7%,0,0,0,1,1,1,0,0,0,0,0,0,0,1,0,0,0.0,0
584072.mira,584072,mira,2015-09-01 21:51:40,20150901,2015-09-02 01:46:06,20150902,2015-09-02 04:38:30,20150902,96189774897037,73414259670960,prod-short,10800.0,10344.0,512.0,512.0,8192.0,8192.0,MIR-44000-77331-512,0,14066,1,14066,1,23538.3467,23538.3467,0.0,23538.3466,0.0,0.0,23538.3466,MIR-44000-77331-512,0,script,-1,complete,Not capability,0% <= x < 16.7%,0% <= x < 16.7%,8,0,0,0,8,0,0,0,1,1,0,0,0,0,0,0,0.0,0
583767.mira,583767,mira,2015-09-01 17:06:17,20150901,2015-09-02 01:46:36,20150902,2015-09-02 03:29:42,20150902,19538777423807,64663463907625,prod-short,7200.0,6186.0,512.0,512.0,8192.0,8192.0,MIR-44040-77371-512,0,6384,0,31219,4,14078.8622,14078.8622,0.0,14076.5866,0.0,0.0,14076.5866,MIR-44040-77371-512,0,c8,-1,complete,Not capability,0% <= x < 16.7%,0% <= x < 16.7%,0,0,0,1,1,1,0,0,0,0,0,0,0,1,0,0,0.0,0
583777.mira,583777,mira,2015-09-01 17:07:19,20150901,2015-09-02 01:47:07,20150902,2015-09-02 02:59:09,20150902,19538777423807,64663463907625,prod-short,7200.0,4322.0,512.0,512.0,8192.0,8192.0,MIR-440C0-773F1-512,0,5962,0,31187,4,9837.2267,9837.2267,0.0,9834.9511,0.0,0.0,9834.9511,MIR-440C0-773F1-512,0,c8,-1,complete,Not capability,0% <= x < 16.7%,0% <= x < 16.7%,0,0,0,1,1,1,0,0,0,0,0,0,0,1,0,0,0.0,0
584149.mira,584149,mira,2015-09-02 01:44:56,20150902,2015-09-02 01:47:37,20150902,2015-09-02 01:51:53,20150902,34871601655553,97534845395728,backfill,300.0,256.0,512.0,432.0,8192.0,6912.0,MIR-44080-773B1-512,0,161,0,161,0,493.44,584.8178,0.0,582.5422,0.0,0.0,582.5422,MIR-44080-773B1-512,0,script,-1,complete,Not capability,0% <= x < 16.7%,0% <= x < 16.7%,0,0,0,1,1,1,0,0,0,0,0,0,0,1,0,0,0.0,0
584155.mira,584155,mira,2015-09-02 01:49:59,20150902,2015-09-02 01:52:44,20150902,2015-09-02 01:56:09,20150902,34871601655553,97534845395728,backfill,300.0,205.0,512.0,432.0,8192.0,6912.0,MIR-44080-773B1-512,0,165,0,165,0,391.68,464.2133,0.0,466.4888,0.0,0.0,466.4888,MIR-44080-773B1-512,0,script,-1,complete,Not capability,0% <= x < 16.7%,0% <= x < 16.7%,0,0,0,1,1,1,0,0,0,0,0,0,0,1,0,0,0.0,0
584158.mira,584158,mira,2015-09-02 01:55:02,20150902,2015-09-02 01:56:52,20150902,2015-09-02 01:59:35,20150902,34871601655553,97534845395728,backfill,300.0,163.0,512.0,432.0,8192.0,6912.0,MIR-44080-773B1-512,0,111,0,111,0,311.04,368.64,0.0,370.9155,0.0,0.0,370.9155,MIR-44080-773B1-512,0,script,-1,complete,Not capability,0% <= x < 16.7%,0% <= x < 16.7%,0,0,0,1,1,1,0,0,0,0,0,0,0,1,0,0,0.0,0
583709.mira,583709,mira,2015-09-01 15:48:23,20150901,2015-09-02 01:59:06,20150902,2015-09-02 02:02:49,20150902,34871601655553,97534845395728,backfill,300.0,223.0,512.0,432.0,8192.0,6912.0,MIR-44C00-77F31-512,0,36643,122,36643,122,426.24,505.1733,0.0,507.4488,0.0,0.0,507.4488,MIR-44C00-77F31-512,0,script,-1,complete,Not capability,0% <= x < 16.7%,0% <= x < 16.7%,0,0,0,1,1,1,0,0,0,0,0,0,0,1,0,0,0.0,0
584160.mira,584160,mira,2015-09-02 02:00:04,20150902,2015-09-02 02:00:28,20150902,2015-09-02 02:03:02,20150902,34871601655553,97534845395728,backfill,300.0,154.0,512.0,432.0,8192.0,6912.0,MIR-44080-773B1-512,0,24,0,24,0,297.6,352.7111,0.0,350.4355,0.0,0.0,350.4355,MIR-44080-773B1-512,0,script,-1,complete,Not capability,0% <= x < 16.7%,0% <= x < 16.7%,0,0,0,1,1,1,0,0,0,0,0,0,0,1,0,0,0.0,0
584078.mira,584078,mira,2015-09-01 21:53:15,20150901,2015-09-02 02:02:56,20150902,2015-09-02 05:01:07,20150902,96189774897037,73414259670960,prod-short,10800.0,10691.0,512.0,512.0,8192.0,8192.0,MIR-04C00-37F31-512,0,13794,1,14980,1,24330.24,24330.24,0.0,24327.9644,0.0,0.0,24327.9644,MIR-04C00-37F31-512,0,script,-1,complete,Not capability,0% <= x < 16.7%,0% <= x < 16.7%,8,0,0,0,8,0,0,0,1,1,0,0,0,0,0,0,0.0,0
584162.mira,584162,mira,2015-09-02 02:00:25,20150902,2015-09-02 02:03:24,20150902,2015-09-02 02:34:46,20150902,20020028632143,87398640433046,prod-short,2400.0,1882.0,512.0,512.0,8192.0,8192.0,MIR-44C00-77F31-512,0,178,0,178,0,4284.8711,4284.8711,0.0,4282.5955,0.0,0.0,4282.5955,MIR-44C00-77F31-512,0,script,-1,complete,Not capability,0% <= x < 16.7%,0% <= x < 16.7%,0,0,0,1,1,1,0,0,0,0,0,0,0,1,0,0,0.0,0
583009.mira,583009,mira,2015-09-01 04:37:20,20150901,2015-09-02 02:03:52,20150902,2015-09-02 04:59:54,20150902,96189774897037,73414259670960,prod-short,10800.0,10562.0,512.0,512.0,8192.0,8192.0,MIR-04CC0-37FF1-512,0,13810,1,77191,7,24036.6933,24036.6933,0.0,24034.4177,0.0,0.0,24034.4177,MIR-04CC0-37FF1-512,0,script,-1,complete,Not capability,0% <= x < 16.7%,0% <= x < 16.7%,8,0,0,0,8,0,0,0,1,1,0,0,0,0,0,0,0.0,0
583970.mira,583970,mira,2015-09-01 20:19:49,20150901,2015-09-02 02:04:21,20150902,2015-09-02 06:28:40,20150902,50394197576862,38970600412679,prod-short,21600.0,15859.0,512.0,512.0,8192.0,8192.0,MIR-04C40-37F71-512,0,20672,0,20672,0,36088.0356,36088.0356,0.0,36088.0355,0.0,0.0,36088.0355,MIR-04C40-37F71-512,0,script,-1,complete,Not capability,0% <= x < 16.7%,0% <= x < 16.7%,0,104,0,0,104,0,1,0,0,0,0,0,1,0,0,0,0.0,0
584163.mira,584163,mira,2015-09-02 02:01:33,20150902,2015-09-02 02:04:43,20150902,2015-09-02 02:36:22,20150902,20020028632143,87398640433046,prod-short,2400.0,1899.0,512.0,512.0,8192.0,8192.0,MIR-44080-773B1-512,0,191,0,191,0,4321.28,4321.28,0.0,4321.28,0.0,0.0,4321.28,MIR-44080-773B1-512,0,script,-1,complete,Not capability,0% <= x < 16.7%,0% <= x < 16.7%,0,0,0,1,1,1,0,0,0,0,0,0,0,1,0,0,0.0,0
584161.mira,584161,mira,2015-09-02 02:00:06,20150902,2015-09-02 02:05:04,20150902,2015-09-02 02:09:10,20150902,34871601655553,97534845395728,backfill,300.0,246.0,512.0,432.0,8192.0,6912.0,MIR-44C40-77F71-512,0,298,0,298,0,474.24,562.0622,0.0,559.7866,0.0,0.0,559.7866,MIR-44C40-77F71-512,0,script,-1,complete,Not capability,0% <= x < 16.7%,0% <= x < 16.7%,0,0,0,1,1,1,0,0,0,0,0,0,0,1,0,0,0.0,0
584166.mira,584166,mira,2015-09-02 02:05:08,20150902,2015-09-02 02:10:10,20150902,2015-09-02 02:14:14,20150902,34871601655553,97534845395728,backfill,300.0,244.0,512.0,432.0,8192.0,6912.0,MIR-44C40-77F71-512,0,303,1,303,1,468.48,555.2356,0.0,555.2355,0.0,0.0,555.2355,MIR-44C40-77F71-512,0,script,-1,complete,Not capability,0% <= x < 16.7%,0% <= x < 16.7%,0,0,0,1,1,1,0,0,0,0,0,0,0,1,0,0,0.0,0
584170.mira,584170,mira,2015-09-02 02:10:31,20150902,2015-09-02 02:15:10,20150902,2015-09-02 02:19:12,20150902,34871601655553,97534845395728,backfill,300.0,242.0,512.0,432.0,8192.0,6912.0,MIR-44C40-77F71-512,0,279,0,279,0,464.64,550.6844,0.0,550.6844,0.0,0.0,550.6844,MIR-44C40-77F71-512,0,script,-1,complete,Not capability,0% <= x < 16.7%,0% <= x < 16.7%,0,0,0,1,1,1,0,0,0,0,0,0,0,1,0,0,0.0,0
584173.mira,584173,mira,2015-09-02 02:15:41,20150902,2015-09-02 02:19:49,20150902,2015-09-02 02:23:26,20150902,34871601655553,97534845395728,backfill,300.0,217.0,512.0,432.0,8192.0,6912.0,MIR-44C40-77F71-512,0,247,0,247,0,416.64,493.7956,0.0,493.7955,0.0,0.0,493.7955,MIR-44C40-77F71-512,0,script,-1,complete,Not capability,0% <= x < 16.7%,0% <= x < 16.7%,0,0,0,1,1,1,0,0,0,0,0,0,0,1,0,0,0.0,0
583989.mira,583989,mira,2015-09-01 20:48:24,20150901,2015-09-02 02:21:10,20150902,2015-09-02 07:51:52,20150902,97344970981285,76440159825813,prod-short,21600.0,19842.0,512.0,512.0,8192.0,8192.0,MIR-04800-37B31-512,0,19966,0,19966,0,45151.5733,45151.5733,0.0,45151.5733,0.0,0.0,45151.5733,MIR-04800-37B31-512,0,c16,-1,complete,Not capability,0% <= x < 16.7%,0% <= x < 16.7%,0,0,0,1,1,1,0,0,0,0,0,0,0,1,0,0,0.0,0
568434.mira,568434,mira,2015-08-24 16:31:04,20150824,2015-09-02 02:23:53,20150902,2015-09-02 12:45:41,20150902,91248026253305,73443375049831,prod-long,43200.0,37308.0,2048.0,2048.0,32768.0,32768.0,MIR-00C00-33FF1-2048,0,253708,5,726769,16,339585.7067,339585.7067,0.0,339585.7066,0.0,0.0,339585.7066,MIR-00C00-33FF1-2048,0,c4,-1,complete,Not capability,0% <= x < 16.7%,0% <= x < 16.7%,0,0,0,1,1,1,0,0,0,0,0,0,0,1,0,0,0.0,0
584177.mira,584177,mira,2015-09-02 02:20:47,20150902,2015-09-02 02:24:23,20150902,2015-09-02 02:27:44,20150902,34871601655553,97534845395728,backfill,300.0,201.0,512.0,432.0,8192.0,6912.0,MIR-44C40-77F71-512,0,217,0,217,0,385.92,457.3867,0.0,457.3866,0.0,0.0,457.3866,MIR-44C40-77F71-512,0,script,-1,complete,Not capability,0% <= x < 16.7%,0% <= x < 16.7%,0,0,0,1,1,1,0,0,0,0,0,0,0,1,0,0,0.0,0
584178.mira,584178,mira,2015-09-02 02:25:51,20150902,2015-09-02 02:28:35,20150902,2015-09-02 02:31:34,20150902,34871601655553,97534845395728,backfill,300.0,179.0,512.0,432.0,8192.0,6912.0,MIR-44CC0-77FF1-512,0,165,0,165,0,343.68,407.3244,0.0,407.3244,0.0,0.0,407.3244,MIR-44CC0-77FF1-512,0,script,-1,complete,Not capability,0% <= x < 16.7%,0% <= x < 16.7%,0,0,0,1,1,1,0,0,0,0,0,0,0,1,0,0,0.0,0
584168.mira,584168,mira,2015-09-02 02:05:23,20150902,2015-09-02 02:29:06,20150902,2015-09-02 02:33:04,20150902,34871601655553,97534845395728,backfill,300.0,238.0,512.0,432.0,8192.0,6912.0,MIR-44C40-77F71-512,0,1422,4,1422,4,458.88,543.8578,0.0,541.5822,0.0,0.0,541.5822,MIR-44C40-77F71-512,0,script,-1,complete,Not capability,0% <= x < 16.7%,0% <= x < 16.7%,0,0,0,1,1,1,0,0,0,0,0,0,0,1,0,0,0.0,0
583708.mira,583708,mira,2015-09-01 15:48:21,20150901,2015-09-02 02:30:25,20150902,2015-09-02 02:35:04,20150902,34871601655553,97534845395728,backfill,300.0,279.0,512.0,432.0,8192.0,6912.0,MIR-008C0-33BF1-512,0,38523,128,38523,128,535.68,634.88,0.0,634.88,0.0,0.0,634.88,MIR-008C0-33BF1-512,0,script,-1,complete,Not capability,0% <= x < 16.7%,0% <= x < 16.7%,0,0,0,1,1,1,0,0,0,0,0,0,0,1,0,0,0.0,0
584179.mira,584179,mira,2015-09-02 02:30:53,20150902,2015-09-02 02:32:19,20150902,2015-09-02 02:35:17,20150902,34871601655553,97534845395728,backfill,300.0,178.0,512.0,432.0,8192.0,6912.0,MIR-44CC0-77FF1-512,0,86,0,86,0,341.76,405.0489,0.0,405.0488,0.0,0.0,405.0488,MIR-44CC0-77FF1-512,0,script,-1,complete,Not capability,0% <= x < 16.7%,0% <= x < 16.7%,0,0,0,1,1,1,0,0,0,0,0,0,0,1,0,0,0.0,0
582700.mira,582700,mira,2015-09-01 01:35:43,20150901,2015-09-02 02:33:46,20150902,2015-09-02 02:37:55,20150902,34871601655553,97534845395728,backfill,300.0,249.0,512.0,432.0,8192.0,6912.0,MIR-44C40-77F71-512,0,89884,299,89884,299,476.16,564.3378,0.0,566.6133,0.0,0.0,566.6133,MIR-44C40-77F71-512,0,script,-1,complete,Not capability,0% <= x < 16.7%,0% <= x < 16.7%,0,0,0,1,1,1,0,0,0,0,0,0,0,1,0,0,0.0,0
582701.mira,582701,mira,2015-09-01 01:35:44,20150901,2015-09-02 02:35:38,20150902,2015-09-02 02:40:11,20150902,34871601655553,97534845395728,backfill,300.0,273.0,512.0,432.0,8192.0,6912.0,MIR-008C0-33BF1-512,0,89993,299,89993,299,524.16,621.2267,0.0,621.2266,0.0,0.0,621.2266,MIR-008C0-33BF1-512,0,script,-1,complete,Not capability,0% <= x < 16.7%,0% <= x < 16.7%,0,0,0,1,1,1,0,0,0,0,0,0,0,1,0,0,0.0,0
582694.mira,582694,mira,2015-09-01 01:35:31,20150901,2015-09-02 02:36:09,20150902,2015-09-02 02:40:26,20150902,34871601655553,97534845395728,backfill,300.0,257.0,512.0,432.0,8192.0,6912.0,MIR-44CC0-77FF1-512,0,90038,300,90038,300,493.44,584.8178,0.0,584.8177,0.0,0.0,584.8177,MIR-44CC0-77FF1-512,0,script,-1,complete,Not capability,0% <= x < 16.7%,0% <= x < 16.7%,0,0,0,1,1,1,0,0,0,0,0,0,0,1,0,0,0.0,0
584182.mira,584182,mira,2015-09-02 02:36:15,20150902,2015-09-02 02:37:10,20150902,2015-09-02 02:41:20,20150902,34871601655553,97534845395728,backfill,300.0,250.0,512.0,432.0,8192.0,6912.0,MIR-44080-773B1-512,0,54,0,54,0,480.0,568.8889,0.0,568.8888,0.0,0.0,568.8888,MIR-44080-773B1-512,0,script,-1,complete,Not capability,0% <= x < 16.7%,0% <= x < 16.7%,0,0,0,1,1,1,0,0,0,0,0,0,0,1,0,0,0.0,0
584181.mira,584181,mira,2015-09-02 02:36:13,20150902,2015-09-02 02:38:36,20150902,2015-09-02 02:42:34,20150902,34871601655553,97534845395728,backfill,300.0,238.0,512.0,432.0,8192.0,6912.0,MIR-44C00-77F31-512,0,143,0,143,0,456.96,541.5822,0.0,541.5822,0.0,0.0,541.5822,MIR-44C00-77F31-512,0,script,-1,complete,Not capability,0% <= x < 16.7%,0% <= x < 16.7%,0,0,0,1,1,1,0,0,0,0,0,0,0,1,0,0,0.0,0
584183.mira,584183,mira,2015-09-02 02:36:17,20150902,2015-09-02 02:41:06,20150902,2015-09-02 02:45:10,20150902,34871601655553,97534845395728,backfill,300.0,244.0,512.0,432.0,8192.0,6912.0,MIR-008C0-33BF1-512,0,290,0,290,0,468.48,555.2356,0.0,555.2355,0.0,0.0,555.2355,MIR-008C0-33BF1-512,0,script,-1,complete,Not capability,0% <= x < 16.7%,0% <= x < 16.7%,0,0,0,1,1,1,0,0,0,0,0,0,0,1,0,0,0.0,0
584180.mira,584180,mira,2015-09-02 02:36:10,20150902,2015-09-02 02:41:38,20150902,2015-09-02 02:44:43,20150902,34871601655553,97534845395728,backfill,300.0,185.0,512.0,432.0,8192.0,6912.0,MIR-44CC0-77FF1-512,0,327,1,327,1,355.2,420.9778,0.0,420.9777,0.0,0.0,420.9777,MIR-44CC0-77FF1-512,0,script,-1,complete,Not capability,0% <= x < 16.7%,0% <= x < 16.7%,0,0,0,1,1,1,0,0,0,0,0,0,0,1,0,0,0.0,0
584187.mira,584187,mira,2015-09-02 02:41:28,20150902,2015-09-02 02:42:06,20150902,2015-09-02 02:45:11,20150902,34871601655553,97534845395728,backfill,300.0,185.0,512.0,432.0,8192.0,6912.0,MIR-44080-773B1-512,0,38,0,38,0,353.28,418.7022,0.0,420.9777,0.0,0.0,420.9777,MIR-44080-773B1-512,0,script,-1,complete,Not capability,0% <= x < 16.7%,0% <= x < 16.7%,0,0,0,1,1,1,0,0,0,0,0,0,0,1,0,0,0.0,0
584186.mira,584186,mira,2015-09-02 02:41:26,20150902,2015-09-02 02:43:31,20150902,2015-09-02 02:46:43,20150902,34871601655553,97534845395728,backfill,300.0,192.0,512.0,432.0,8192.0,6912.0,MIR-44C00-77F31-512,0,125,0,125,0,368.64,436.9067,0.0,436.9066,0.0,0.0,436.9066,MIR-44C00-77F31-512,0,script,-1,complete,Not capability,0% <= x < 16.7%,0% <= x < 16.7%,0,0,0,1,1,1,0,0,0,0,0,0,0,1,0,0,0.0,0
584189.mira,584189,mira,2015-09-02 02:41:41,20150902,2015-09-02 02:45:27,20150902,2015-09-02 02:48:14,20150902,34871601655553,97534845395728,backfill,300.0,167.0,512.0,432.0,8192.0,6912.0,MIR-44CC0-77FF1-512,0,225,0,225,0,322.56,382.2933,0.0,380.0177,0.0,0.0,380.0177,MIR-44CC0-77FF1-512,0,script,-1,complete,Not capability,0% <= x < 16.7%,0% <= x < 16.7%,0,0,0,1,1,1,0,0,0,0,0,0,0,1,0,0,0.0,0
584185.mira,584185,mira,2015-09-02 02:41:23,20150902,2015-09-02 02:45:57,20150902,2015-09-02 02:49:23,20150902,34871601655553,97534845395728,backfill,300.0,206.0,512.0,432.0,8192.0,6912.0,MIR-008C0-33BF1-512,0,274,0,274,0,395.52,468.7644,0.0,468.7644,0.0,0.0,468.7644,MIR-008C0-33BF1-512,0,script,-1,complete,Not capability,0% <= x < 16.7%,0% <= x < 16.7%,0,0,0,1,1,1,0,0,0,0,0,0,0,1,0,0,0.0,0
582695.mira,582695,mira,2015-09-01 01:35:33,20150901,2015-09-02 02:46:18,20150902,2015-09-02 02:50:08,20150902,34871601655553,97534845395728,backfill,300.0,230.0,512.0,432.0,8192.0,6912.0,MIR-44080-773B1-512,0,90645,302,90645,302,441.6,523.3778,0.0,523.3777,0.0,0.0,523.3777,MIR-44080-773B1-512,0,script,-1,complete,Not capability,0% <= x < 16.7%,0% <= x < 16.7%,0,0,0,1,1,1,0,0,0,0,0,0,0,1,0,0,0.0,0
584194.mira,584194,mira,2015-09-02 02:46:57,20150902,2015-09-02 02:47:18,20150902,2015-09-02 02:50:38,20150902,34871601655553,97534845395728,backfill,300.0,200.0,512.0,432.0,8192.0,6912.0,MIR-44C40-77F71-512,0,21,0,21,0,384.0,455.1111,0.0,455.1111,0.0,0.0,455.1111,MIR-44C40-77F71-512,0,script,-1,complete,Not capability,0% <= x < 16.7%,0% <= x < 16.7%,0,0,0,1,1,1,0,0,0,0,0,0,0,1,0,0,0.0,0
584191.mira,584191,mira,2015-09-02 02:46:51,20150902,2015-09-02 02:49:11,20150902,2015-09-02 02:52:05,20150902,34871601655553,97534845395728,backfill,300.0,174.0,512.0,432.0,8192.0,6912.0,MIR-44CC0-77FF1-512,0,140,0,140,0,336.0,398.2222,0.0,395.9466,0.0,0.0,395.9466,MIR-44CC0-77FF1-512,0,script,-1,complete,Not capability,0% <= x < 16.7%,0% <= x < 16.7%,0,0,0,1,1,1,0,0,0,0,0,0,0,1,0,0,0.0,0
584192.mira,584192,mira,2015-09-02 02:46:53,20150902,2015-09-02 02:50:10,20150902,2015-09-02 02:54:12,20150902,34871601655553,97534845395728,backfill,300.0,242.0,512.0,432.0,8192.0,6912.0,MIR-008C0-33BF1-512,0,198,0,198,0,464.64,550.6844,0.0,550.6844,0.0,0.0,550.6844,MIR-008C0-33BF1-512,0,script,-1,complete,Not capability,0% <= x < 16.7%,0% <= x < 16.7%,0,0,0,1,1,1,0,0,0,0,0,0,0,1,0,0,0.0,0
584190.mira,584190,mira,2015-09-02 02:46:44,20150902,2015-09-02 02:51:05,20150902,2015-09-02 02:53:33,20150902,34871601655553,97534845395728,backfill,300.0,148.0,512.0,432.0,8192.0,6912.0,MIR-44080-773B1-512,0,261,0,261,0,284.16,336.7822,0.0,336.7822,0.0,0.0,336.7822,MIR-44080-773B1-512,0,script,-1,complete,Not capability,0% <= x < 16.7%,0% <= x < 16.7%,0,0,0,1,1,1,0,0,0,0,0,0,0,1,0,0,0.0,0
584193.mira,584193,mira,2015-09-02 02:46:55,20150902,2015-09-02 02:51:34,20150902,2015-09-02 02:55:15,20150902,34871601655553,97534845395728,backfill,300.0,221.0,512.0,432.0,8192.0,6912.0,MIR-44C00-77F31-512,0,279,0,279,0,424.32,502.8978,0.0,502.8977,0.0,0.0,502.8977,MIR-44C00-77F31-512,0,script,-1,complete,Not capability,0% <= x < 16.7%,0% <= x < 16.7%,0,0,0,1,1,1,0,0,0,0,0,0,0,1,0,0,0.0,0
584201.mira,584201,mira,2015-09-02 02:52:11,20150902,2015-09-02 02:52:23,20150902,2015-09-02 02:55:03,20150902,34871601655553,97534845395728,backfill,300.0,160.0,512.0,432.0,8192.0,6912.0,MIR-44CC0-77FF1-512,0,12,0,12,0,307.2,364.0889,0.0,364.0888,0.0,0.0,364.0888,MIR-44CC0-77FF1-512,0,script,-1,complete,Not capability,0% <= x < 16.7%,0% <= x < 16.7%,0,0,0,1,1,1,0,0,0,0,0,0,0,1,0,0,0.0,0
584199.mira,584199,mira,2015-09-02 02:52:08,20150902,2015-09-02 02:54:36,20150902,2015-09-02 02:57:38,20150902,34871601655553,97534845395728,backfill,300.0,182.0,512.0,432.0,8192.0,6912.0,MIR-44080-773B1-512,0,148,0,148,0,351.36,416.4267,0.0,414.1511,0.0,0.0,414.1511,MIR-44080-773B1-512,0,script,-1,complete,Not capability,0% <= x < 16.7%,0% <= x < 16.7%,0,0,0,1,1,1,0,0,0,0,0,0,0,1,0,0,0.0,0
584200.mira,584200,mira,2015-09-02 02:52:09,20150902,2015-09-02 02:55:03,20150902,2015-09-02 02:57:55,20150902,34871601655553,97534845395728,backfill,300.0,172.0,512.0,432.0,8192.0,6912.0,MIR-008C0-33BF1-512,0,174,0,174,0,330.24,391.3956,0.0,391.3955,0.0,0.0,391.3955,MIR-008C0-33BF1-512,0,script,-1,complete,Not capability,0% <= x < 16.7%,0% <= x < 16.7%,0,0,0,1,1,1,0,0,0,0,0,0,0,1,0,0,0.0,0
584198.mira,584198,mira,2015-09-02 02:52:05,20150902,2015-09-02 02:55:35,20150902,2015-09-02 02:59:36,20150902,34871601655553,97534845395728,backfill,300.0,241.0,512.0,432.0,8192.0,6912.0,MIR-44CC0-77FF1-512,0,210,0,210,0,462.72,548.4089,0.0,548.4088,0.0,0.0,548.4088,MIR-44CC0-77FF1-512,0,script,-1,complete,Not capability,0% <= x < 16.7%,0% <= x < 16.7%,0,0,0,1,1,1,0,0,0,0,0,0,0,1,0,0,0.0,0
584197.mira,584197,mira,2015-09-02 02:52:02,20150902,2015-09-02 02:55:57,20150902,2015-09-02 02:59:10,20150902,34871601655553,97534845395728,backfill,300.0,193.0,512.0,432.0,8192.0,6912.0,MIR-44C40-77F71-512,0,235,0,235,0,368.64,436.9067,0.0,439.1822,0.0,0.0,439.1822,MIR-44C40-77F71-512,0,script,-1,complete,Not capability,0% <= x < 16.7%,0% <= x < 16.7%,0,0,0,1,1,1,0,0,0,0,0,0,0,1,0,0,0.0,0
584209.mira,584209,mira,2015-09-02 02:57:28,20150902,2015-09-02 02:58:26,20150902,2015-09-02 03:01:20,20150902,34871601655553,97534845395728,backfill,300.0,174.0,512.0,432.0,8192.0,6912.0,MIR-44080-773B1-512,0,58,0,58,0,334.08,395.9467,0.0,395.9466,0.0,0.0,395.9466,MIR-44080-773B1-512,0,script,-1,complete,Not capability,0% <= x < 16.7%,0% <= x < 16.7%,0,0,0,1,1,1,0,0,0,0,0,0,0,1,0,0,0.0,0
584211.mira,584211,mira,2015-09-02 02:57:32,20150902,2015-09-02 02:58:57,20150902,2015-09-02 03:02:03,20150902,34871601655553,97534845395728,backfill,300.0,186.0,512.0,432.0,8192.0,6912.0,MIR-008C0-33BF1-512,0,84,0,84,0,357.12,423.2533,0.0,423.2533,0.0,0.0,423.2533,MIR-008C0-33BF1-512,0,script,-1,complete,Not capability,0% <= x < 16.7%,0% <= x < 16.7%,0,0,0,1,1,1,0,0,0,0,0,0,0,1,0,0,0.0,0
584210.mira,584210,mira,2015-09-02 02:57:30,20150902,2015-09-02 02:59:53,20150902,2015-09-02 03:03:10,20150902,34871601655553,97534845395728,backfill,300.0,197.0,512.0,432.0,8192.0,6912.0,MIR-44CC0-77FF1-512,0,143,0,143,0,378.24,448.2844,0.0,448.2844,0.0,0.0,448.2844,MIR-44CC0-77FF1-512,0,script,-1,complete,Not capability,0% <= x < 16.7%,0% <= x < 16.7%,0,0,0,1,1,1,0,0,0,0,0,0,0,1,0,0,0.0,0
584207.mira,584207,mira,2015-09-02 02:57:25,20150902,2015-09-02 03:00:24,20150902,2015-09-02 03:03:59,20150902,34871601655553,97534845395728,backfill,300.0,215.0,512.0,432.0,8192.0,6912.0,MIR-44C00-77F31-512,0,179,0,179,0,412.8,489.2444,0.0,489.2444,0.0,0.0,489.2444,MIR-44C00-77F31-512,0,script,-1,complete,Not capability,0% <= x < 16.7%,0% <= x < 16.7%,0,0,0,1,1,1,0,0,0,0,0,0,0,1,0,0,0.0,0
582696.mira,582696,mira,2015-09-01 01:35:35,20150901,2015-09-02 03:02:14,20150902,2015-09-02 03:06:39,20150902,34871601655553,97534845395728,backfill,300.0,265.0,512.0,432.0,8192.0,6912.0,MIR-440C0-773F1-512,0,91599,305,91599,305,506.88,600.7467,0.0,603.0222,0.0,0.0,603.0222,MIR-440C0-773F1-512,0,script,-1,complete,Not capability,0% <= x < 16.7%,0% <= x < 16.7%,0,0,0,1,1,1,0,0,0,0,0,0,0,1,0,0,0.0,0
582698.mira,582698,mira,2015-09-01 01:35:39,20150901,2015-09-02 03:02:48,20150902,2015-09-02 03:07:19,20150902,34871601655553,97534845395728,backfill,300.0,271.0,512.0,432.0,8192.0,6912.0,MIR-008C0-33BF1-512,0,91629,305,91629,305,520.32,616.6756,0.0,616.6755,0.0,0.0,616.6755,MIR-008C0-33BF1-512,0,script,-1,complete,Not capability,0% <= x < 16.7%,0% <= x < 16.7%,0,0,0,1,1,1,0,0,0,0,0,0,0,1,0,0,0.0,0
584223.mira,584223,mira,2015-09-02 03:02:53,20150902,2015-09-02 03:04:17,20150902,2015-09-02 03:06:39,20150902,34871601655553,97534845395728,backfill,300.0,142.0,512.0,432.0,8192.0,6912.0,MIR-44CC0-77FF1-512,0,85,0,85,0,272.64,323.1289,0.0,323.1288,0.0,0.0,323.1288,MIR-44CC0-77FF1-512,0,script,-1,complete,Not capability,0% <= x < 16.7%,0% <= x < 16.7%,0,0,0,1,1,1,0,0,0,0,0,0,0,1,0,0,0.0,0
584224.mira,584224,mira,2015-09-02 03:02:55,20150902,2015-09-02 03:04:46,20150902,2015-09-02 03:08:33,20150902,34871601655553,97534845395728,backfill,300.0,227.0,512.0,432.0,8192.0,6912.0,MIR-44C40-77F71-512,0,111,0,111,0,435.84,516.5511,0.0,516.5511,0.0,0.0,516.5511,MIR-44C40-77F71-512,0,script,-1,complete,Not capability,0% <= x < 16.7%,0% <= x < 16.7%,0,0,0,1,1,1,0,0,0,0,0,0,0,1,0,0,0.0,0
584226.mira,584226,mira,2015-09-02 03:02:58,20150902,2015-09-02 03:07:36,20150902,2015-09-02 03:11:03,20150902,34871601655553,97534845395728,backfill,300.0,207.0,512.0,432.0,8192.0,6912.0,MIR-44CC0-77FF1-512,0,278,0,278,0,397.44,471.04,0.0,471.04,0.0,0.0,471.04,MIR-44CC0-77FF1-512,0,script,-1,complete,Not capability,0% <= x < 16.7%,0% <= x < 16.7%,0,0,0,1,1,1,0,0,0,0,0,0,0,1,0,0,0.0,0
584221.mira,584221,mira,2015-09-02 03:02:49,20150902,2015-09-02 03:08:07,20150902,2015-09-02 03:11:17,20150902,34871601655553,97534845395728,backfill,300.0,190.0,512.0,432.0,8192.0,6912.0,MIR-008C0-33BF1-512,0,317,1,317,1,366.72,434.6311,0.0,432.3555,0.0,0.0,432.3555,MIR-008C0-33BF1-512,0,script,-1,complete,Not capability,0% <= x < 16.7%,0% <= x < 16.7%,0,0,0,1,1,1,0,0,0,0,0,0,0,1,0,0,0.0,0
584229.mira,584229,mira,2015-09-02 03:08:10,20150902,2015-09-02 03:08:35,20150902,2015-09-02 03:11:18,20150902,34871601655553,97534845395728,backfill,300.0,163.0,512.0,432.0,8192.0,6912.0,MIR-44080-773B1-512,0,25,0,25,0,311.04,368.64,0.0,370.9155,0.0,0.0,370.9155,MIR-44080-773B1-512,0,script,-1,complete,Not capability,0% <= x < 16.7%,0% <= x < 16.7%,0,0,0,1,1,1,0,0,0,0,0,0,0,1,0,0,0.0,0
584232.mira,584232,mira,2015-09-02 03:08:15,20150902,2015-09-02 03:09:36,20150902,2015-09-02 03:11:18,20150902,34871601655553,97534845395728,backfill,300.0,102.0,512.0,432.0,8192.0,6912.0,MIR-44C00-77F31-512,0,81,0,81,0,195.84,232.1067,0.0,232.1066,0.0,0.0,232.1066,MIR-44C00-77F31-512,0,script,-1,complete,Not capability,0% <= x < 16.7%,0% <= x < 16.7%,0,0,0,1,1,1,0,0,0,0,0,0,0,1,0,0,0.0,0
584230.mira,584230,mira,2015-09-02 03:08:12,20150902,2015-09-02 03:11:53,20150902,2015-09-02 03:14:29,20150902,34871601655553,97534845395728,backfill,300.0,156.0,512.0,432.0,8192.0,6912.0,MIR-008C0-33BF1-512,0,222,0,222,0,299.52,354.9867,0.0,354.9866,0.0,0.0,354.9866,MIR-008C0-33BF1-512,0,script,-1,complete,Not capability,0% <= x < 16.7%,0% <= x < 16.7%,0,0,0,1,1,1,0,0,0,0,0,0,0,1,0,0,0.0,0
584231.mira,584231,mira,2015-09-02 03:08:13,20150902,2015-09-02 03:12:22,20150902,2015-09-02 03:14:47,20150902,34871601655553,97534845395728,backfill,300.0,145.0,512.0,432.0,8192.0,6912.0,MIR-44080-773B1-512,0,249,0,249,0,278.4,329.9556,0.0,329.9555,0.0,0.0,329.9555,MIR-44080-773B1-512,0,script,-1,complete,Not capability,0% <= x < 16.7%,0% <= x < 16.7%,0,0,0,1,1,1,0,0,0,0,0,0,0,1,0,0,0.0,0
584228.mira,584228,mira,2015-09-02 03:08:08,20150902,2015-09-02 03:13:20,20150902,2015-09-02 03:16:35,20150902,34871601655553,97534845395728,backfill,300.0,195.0,512.0,432.0,8192.0,6912.0,MIR-44400-77731-512,0,312,1,312,1,374.4,443.7333,0.0,443.7333,0.0,0.0,443.7333,MIR-44400-77731-512,0,script,-1,complete,Not capability,0% <= x < 16.7%,0% <= x < 16.7%,0,0,0,1,1,1,0,0,0,0,0,0,0,1,0,0,0.0,0
584238.mira,584238,mira,2015-09-02 03:13:31,20150902,2015-09-02 03:15:46,20150902,2015-09-02 03:19:27,20150902,34871601655553,97534845395728,backfill,300.0,221.0,512.0,432.0,8192.0,6912.0,MIR-008C0-33BF1-512,0,135,0,135,0,424.32,502.8978,0.0,502.8977,0.0,0.0,502.8977,MIR-008C0-33BF1-512,0,script,-1,complete,Not capability,0% <= x < 16.7%,0% <= x < 16.7%,0,0,0,1,1,1,0,0,0,0,0,0,0,1,0,0,0.0,0
584239.mira,584239,mira,2015-09-02 03:13:33,20150902,2015-09-02 03:16:14,20150902,2015-09-02 03:20:52,20150902,34871601655553,97534845395728,backfill,300.0,278.0,512.0,432.0,8192.0,6912.0,MIR-440C0-773F1-512,0,162,0,162,0,533.76,632.6044,0.0,632.6044,0.0,0.0,632.6044,MIR-440C0-773F1-512,0,script,-1,complete,Not capability,0% <= x < 16.7%,0% <= x < 16.7%,0,0,0,1,1,1,0,0,0,0,0,0,0,1,0,0,0.0,0
583012.mira,583012,mira,2015-09-01 04:37:46,20150901,2015-09-02 03:16:45,20150902,2015-09-02 06:13:19,20150902,96189774897037,73414259670960,prod-short,10800.0,10594.0,512.0,512.0,8192.0,8192.0,MIR-44C80-77FB1-512,0,12665,1,81538,7,24109.5111,24109.5111,0.0,24107.2355,0.0,0.0,24107.2355,MIR-44C80-77FB1-512,0,script,-1,complete,Not capability,0% <= x < 16.7%,0% <= x < 16.7%,8,0,0,0,8,0,0,0,1,1,0,0,0,0,0,0,0.0,0
583778.mira,583778,mira,2015-09-01 17:07:21,20150901,2015-09-02 03:17:14,20150902,2015-09-02 04:41:59,20150902,19538777423807,64663463907625,prod-short,7200.0,5085.0,512.0,512.0,8192.0,8192.0,MIR-44CC0-77FF1-512,0,1085,0,36594,5,11571.2,11571.2,0.0,11571.2,0.0,0.0,11571.2,MIR-44CC0-77FF1-512,0,c8,-1,complete,Not capability,0% <= x < 16.7%,0% <= x < 16.7%,0,0,0,1,1,1,0,0,0,0,0,0,0,1,0,0,0.0,0
584236.mira,584236,mira,2015-09-02 03:13:27,20150902,2015-09-02 03:17:48,20150902,2015-09-02 03:20:39,20150902,34871601655553,97534845395728,backfill,300.0,171.0,512.0,432.0,8192.0,6912.0,MIR-44C00-77F31-512,0,262,0,262,0,328.32,389.12,0.0,389.12,0.0,0.0,389.12,MIR-44C00-77F31-512,0,script,-1,complete,Not capability,0% <= x < 16.7%,0% <= x < 16.7%,0,0,0,1,1,1,0,0,0,0,0,0,0,1,0,0,0.0,0
584237.mira,584237,mira,2015-09-02 03:13:28,20150902,2015-09-02 03:18:17,20150902,2015-09-02 03:22:46,20150902,34871601655553,97534845395728,backfill,300.0,269.0,512.0,432.0,8192.0,6912.0,MIR-44400-77731-512,0,289,0,289,0,516.48,612.1244,0.0,612.1244,0.0,0.0,612.1244,MIR-44400-77731-512,0,script,-1,complete,Not capability,0% <= x < 16.7%,0% <= x < 16.7%,0,0,0,1,1,1,0,0,0,0,0,0,0,1,0,0,0.0,0
584247.mira,584247,mira,2015-09-02 03:18:51,20150902,2015-09-02 03:20:10,20150902,2015-09-02 03:24:11,20150902,34871601655553,97534845395728,backfill,300.0,241.0,512.0,432.0,8192.0,6912.0,MIR-008C0-33BF1-512,0,79,0,79,0,464.64,550.6844,0.0,548.4088,0.0,0.0,548.4088,MIR-008C0-33BF1-512,0,script,-1,complete,Not capability,0% <= x < 16.7%,0% <= x < 16.7%,0,0,0,1,1,1,0,0,0,0,0,0,0,1,0,0,0.0,0
584246.mira,584246,mira,2015-09-02 03:18:49,20150902,2015-09-02 03:21:35,20150902,2015-09-02 03:25:09,20150902,34871601655553,97534845395728,backfill,300.0,214.0,512.0,432.0,8192.0,6912.0,MIR-440C0-773F1-512,0,166,0,166,0,410.88,486.9689,0.0,486.9688,0.0,0.0,486.9688,MIR-440C0-773F1-512,0,script,-1,complete,Not capability,0% <= x < 16.7%,0% <= x < 16.7%,0,0,0,1,1,1,0,0,0,0,0,0,0,1,0,0,0.0,0
584245.mira,584245,mira,2015-09-02 03:18:48,20150902,2015-09-02 03:22:05,20150902,2015-09-02 03:25:50,20150902,34871601655553,97534845395728,backfill,300.0,225.0,512.0,432.0,8192.0,6912.0,MIR-44C00-77F31-512,0,198,0,198,0,432.0,512.0,0.0,512.0,0.0,0.0,512.0,MIR-44C00-77F31-512,0,script,-1,complete,Not capability,0% <= x < 16.7%,0% <= x < 16.7%,0,0,0,1,1,1,0,0,0,0,0,0,0,1,0,0,0.0,0
584235.mira,584235,mira,2015-09-02 03:13:18,20150902,2015-09-02 03:23:29,20150902,2015-09-02 03:26:35,20150902,34871601655553,97534845395728,backfill,300.0,186.0,512.0,432.0,8192.0,6912.0,MIR-44440-77771-512,0,611,2,611,2,357.12,423.2533,0.0,423.2533,0.0,0.0,423.2533,MIR-44440-77771-512,0,script,-1,complete,Not capability,0% <= x < 16.7%,0% <= x < 16.7%,0,0,0,1,1,1,0,0,0,0,0,0,0,1,0,0,0.0,0
583897.mira,583897,mira,2015-09-01 19:24:43,20150901,2015-09-02 03:25:25,20150902,2015-09-02 03:31:12,20150902,10455425507601,33609503197301,prod-short,3600.0,347.0,4096.0,4096.0,65536.0,65536.0,MIR-48000-7B7F1-4096,1,28841,8,28841,8,6316.9422,6316.9422,0.0,6316.9422,0.0,0.0,6316.9422,MIR-48000-7B7F1-4096,1,script,-1,complete,Not capability,0% <= x < 16.7%,0% <= x < 16.7%,0,5,0,0,5,0,1,0,0,0,0,0,1,0,0,0,0.0,0
584263.mira,584263,mira,2015-09-02 03:24:05,20150902,2015-09-02 03:25:52,20150902,2015-09-02 03:30:10,20150902,34871601655553,97534845395728,backfill,300.0,258.0,512.0,432.0,8192.0,6912.0,MIR-008C0-33BF1-512,0,107,0,107,0,493.44,584.8178,0.0,587.0933,0.0,0.0,587.0933,MIR-008C0-33BF1-512,0,script,-1,complete,Not capability,0% <= x < 16.7%,0% <= x < 16.7%,0,0,0,1,1,1,0,0,0,0,0,0,0,1,0,0,0.0,0
584262.mira,584262,mira,2015-09-02 03:24:04,20150902,2015-09-02 03:26:26,20150902,2015-09-02 03:31:27,20150902,34871601655553,97534845395728,backfill,300.0,301.0,512.0,432.0,8192.0,6912.0,MIR-44080-773B1-512,0,143,0,143,0,576.0,682.6667,0.0,684.9422,0.0,0.0,684.9422,MIR-44080-773B1-512,0,script,-1,complete,Not capability,0% <= x < 16.7%,0% <= x < 16.7%,0,0,0,1,1,1,0,0,0,0,0,0,0,1,0,0,0.0,0
584261.mira,584261,mira,2015-09-02 03:24:02,20150902,2015-09-02 03:26:58,20150902,2015-09-02 03:31:13,20150902,34871601655553,97534845395728,backfill,300.0,255.0,512.0,432.0,8192.0,6912.0,MIR-44C00-77F31-512,0,177,0,177,0,487.68,577.9911,0.0,580.2666,0.0,0.0,580.2666,MIR-44C00-77F31-512,0,script,-1,complete,Not capability,0% <= x < 16.7%,0% <= x < 16.7%,0,0,0,1,1,1,0,0,0,0,0,0,0,1,0,0,0.0,0
584260.mira,584260,mira,2015-09-02 03:24:00,20150902,2015-09-02 03:27:27,20150902,2015-09-02 03:31:39,20150902,34871601655553,97534845395728,backfill,300.0,252.0,512.0,432.0,8192.0,6912.0,MIR-48C00-7BF31-512,0,207,0,207,0,483.84,573.44,0.0,573.44,0.0,0.0,573.44,MIR-48C00-7BF31-512,0,script,-1,complete,Not capability,0% <= x < 16.7%,0% <= x < 16.7%,0,0,0,1,1,1,0,0,0,0,0,0,0,1,0,0,0.0,0
584222.mira,584222,mira,2015-09-02 03:02:51,20150902,2015-09-02 03:27:59,20150902,2015-09-02 03:31:12,20150902,34871601655553,97534845395728,backfill,300.0,193.0,512.0,432.0,8192.0,6912.0,MIR-44440-77771-512,0,1507,5,1507,5,372.48,441.4578,0.0,439.1822,0.0,0.0,439.1822,MIR-44440-77771-512,0,script,-1,complete,Not capability,0% <= x < 16.7%,0% <= x < 16.7%,0,0,0,1,1,1,0,0,0,0,0,0,0,1,0,0,0.0,0
581567.mira,581567,mira,2015-08-31 03:33:36,20150831,2015-09-02 03:29:40,20150902,2015-09-02 06:26:20,20150902,96189774897037,73414259670960,prod-short,10800.0,10600.0,512.0,512.0,8192.0,8192.0,MIR-04840-37B71-512,0,67123,6,172564,15,24123.1644,24123.1644,0.0,24120.8888,0.0,0.0,24120.8888,MIR-04840-37B71-512,0,script,-1,complete,Not capability,0% <= x < 16.7%,0% <= x < 16.7%,8,0,0,0,8,0,0,0,1,1,0,0,0,0,0,0,0.0,0
584271.mira,584271,mira,2015-09-02 03:29:10,20150902,2015-09-02 03:30:10,20150902,2015-09-02 03:34:21,20150902,34871601655553,97534845395728,backfill,300.0,251.0,512.0,432.0,8192.0,6912.0,MIR-48840-7BB71-512,0,26,0,59,0,483.84,573.44,0.0,571.1644,0.0,0.0,571.1644,MIR-48840-7BB71-512,0,script,-1,complete,Not capability,0% <= x < 16.7%,0% <= x < 16.7%,0,0,0,1,1,1,0,0,0,0,0,0,0,1,0,0,0.0,0
584273.mira,584273,mira,2015-09-02 03:29:14,20150902,2015-09-02 03:31:11,20150902,2015-09-02 03:35:27,20150902,34871601655553,97534845395728,backfill,300.0,256.0,512.0,432.0,8192.0,6912.0,MIR-44040-77371-512,0,54,0,117,0,493.44,584.8178,0.0,582.5422,0.0,0.0,582.5422,MIR-44040-77371-512,0,script,-1,complete,Not capability,0% <= x < 16.7%,0% <= x < 16.7%,0,0,0,1,1,1,0,0,0,0,0,0,0,1,0,0,0.0,0
584274.mira,584274,mira,2015-09-02 03:29:16,20150902,2015-09-02 03:31:42,20150902,2015-09-02 03:36:05,20150902,34871601655553,97534845395728,backfill,300.0,263.0,512.0,432.0,8192.0,6912.0,MIR-008C0-33BF1-512,0,86,0,147,0,503.04,596.1956,0.0,598.4711,0.0,0.0,598.4711,MIR-008C0-33BF1-512,0,script,-1,complete,Not capability,0% <= x < 16.7%,0% <= x < 16.7%,0,0,0,1,1,1,0,0,0,0,0,0,0,1,0,0,0.0,0
583768.mira,583768,mira,2015-09-01 17:06:18,20150901,2015-09-02 03:32:12,20150902,2015-09-02 05:11:27,20150902,19538777423807,64663463907625,prod-short,7200.0,5955.0,512.0,512.0,8192.0,8192.0,MIR-44C00-77F31-512,0,150,0,37553,5,13553.2089,13553.2089,0.0,13550.9333,0.0,0.0,13550.9333,MIR-44C00-77F31-512,0,c8,-1,complete,Not capability,0% <= x < 16.7%,0% <= x < 16.7%,0,0,0,1,1,1,0,0,0,0,0,0,0,1,0,0,0.0,0
584272.mira,584272,mira,2015-09-02 03:29:12,20150902,2015-09-02 03:32:41,20150902,2015-09-02 03:37:43,20150902,34871601655553,97534845395728,backfill,300.0,302.0,512.0,432.0,8192.0,6912.0,MIR-44C40-77F71-512,0,145,0,208,0,581.76,689.4933,0.0,687.2177,0.0,0.0,687.2177,MIR-44C40-77F71-512,0,script,-1,complete,Not capability,0% <= x < 16.7%,0% <= x < 16.7%,0,0,0,1,1,1,0,0,0,0,0,0,0,1,0,0,0.0,0
584225.mira,584225,mira,2015-09-02 03:02:56,20150902,2015-09-02 03:33:10,20150902,2015-09-02 03:37:31,20150902,34871601655553,97534845395728,backfill,300.0,261.0,512.0,432.0,8192.0,6912.0,MIR-440C0-773F1-512,0,1679,5,1814,6,501.12,593.92,0.0,593.92,0.0,0.0,593.92,MIR-440C0-773F1-512,0,script,-1,complete,Not capability,0% <= x < 16.7%,0% <= x < 16.7%,0,0,0,1,1,1,0,0,0,0,0,0,0,1,0,0,0.0,0
584279.mira,584279,mira,2015-09-02 03:34:18,20150902,2015-09-02 03:34:41,20150902,2015-09-02 03:38:15,20150902,34871601655553,97534845395728,backfill,300.0,214.0,512.0,432.0,8192.0,6912.0,MIR-444C0-777F1-512,0,23,0,23,0,410.88,486.9689,0.0,486.9688,0.0,0.0,486.9688,MIR-444C0-777F1-512,0,script,-1,complete,Not capability,0% <= x < 16.7%,0% <= x < 16.7%,0,0,0,1,1,1,0,0,0,0,0,0,0,1,0,0,0.0,0
583604.mira,583604,mira,2015-09-01 14:17:27,20150901,2015-09-02 03:35:12,20150902,2015-09-02 04:36:00,20150902,89863764303672,14990642440966,prod-capability,3600.0,3648.0,8192.0,8192.0,131072.0,131072.0,MIR-48000-7BFF1-8192,143,47865,13,47865,13,132819.6267,132819.6267,132819.6266,0.0,0.0,132819.6266,0.0,MIR-48000-7BFF1-8192,143,c32,-1,complete,Capability,16.7% <= x < 33.3%,16.7% <= x < 33.3%,0,0,0,1,1,1,0,0,0,0,0,0,0,1,0,0,0.0,0
584284.mira,584284,mira,2015-09-02 03:34:30,20150902,2015-09-02 03:36:12,20150902,2015-09-02 03:39:50,20150902,34871601655553,97534845395728,backfill,300.0,218.0,512.0,432.0,8192.0,6912.0,MIR-44040-77371-512,0,69,0,102,0,420.48,498.3467,0.0,496.0711,0.0,0.0,496.0711,MIR-44040-77371-512,0,script,-1,complete,Not capability,0% <= x < 16.7%,0% <= x < 16.7%,0,0,0,1,1,1,0,0,0,0,0,0,0,1,0,0,0.0,0
584281.mira,584281,mira,2015-09-02 03:34:22,20150902,2015-09-02 03:36:43,20150902,2015-09-02 03:41:32,20150902,34871601655553,97534845395728,backfill,300.0,289.0,512.0,432.0,8192.0,6912.0,MIR-008C0-33BF1-512,0,108,0,141,0,552.96,655.36,0.0,657.6355,0.0,0.0,657.6355,MIR-008C0-33BF1-512,0,script,-1,complete,Not capability,0% <= x < 16.7%,0% <= x < 16.7%,0,0,0,1,1,1,0,0,0,0,0,0,0,1,0,0,0.0,0
584283.mira,584283,mira,2015-09-02 03:34:26,20150902,2015-09-02 03:38:14,20150902,2015-09-02 03:41:03,20150902,34871601655553,97534845395728,backfill,300.0,169.0,512.0,432.0,8192.0,6912.0,MIR-44C40-77F71-512,0,165,0,229,0,324.48,384.5689,0.0,384.5688,0.0,0.0,384.5688,MIR-44C40-77F71-512,0,script,-1,complete,Not capability,0% <= x < 16.7%,0% <= x < 16.7%,0,0,0,1,1,1,0,0,0,0,0,0,0,1,0,0,0.0,0
584282.mira,584282,mira,2015-09-02 03:34:24,20150902,2015-09-02 03:38:51,20150902,2015-09-02 03:42:33,20150902,34871601655553,97534845395728,backfill,300.0,222.0,512.0,432.0,8192.0,6912.0,MIR-44080-773B1-512,0,202,0,266,0,428.16,507.4489,0.0,505.1733,0.0,0.0,505.1733,MIR-44080-773B1-512,0,script,-1,complete,Not capability,0% <= x < 16.7%,0% <= x < 16.7%,0,0,0,1,1,1,0,0,0,0,0,0,0,1,0,0,0.0,0
584280.mira,584280,mira,2015-09-02 03:34:20,20150902,2015-09-02 03:39:19,20150902,2015-09-02 03:43:15,20150902,34871601655553,97534845395728,backfill,300.0,236.0,512.0,432.0,8192.0,6912.0,MIR-444C0-777F1-512,0,235,0,299,0,455.04,539.3067,0.0,537.0311,0.0,0.0,537.0311,MIR-444C0-777F1-512,0,script,-1,complete,Not capability,0% <= x < 16.7%,0% <= x < 16.7%,0,0,0,1,1,1,0,0,0,0,0,0,0,1,0,0,0.0,0
584297.mira,584297,mira,2015-09-02 03:40:00,20150902,2015-09-02 03:40:51,20150902,2015-09-02 03:44:09,20150902,34871601655553,97534845395728,backfill,300.0,198.0,512.0,432.0,8192.0,6912.0,MIR-44040-77371-512,0,51,0,51,0,380.16,450.56,0.0,450.56,0.0,0.0,450.56,MIR-44040-77371-512,0,script,-1,complete,Not capability,0% <= x < 16.7%,0% <= x < 16.7%,0,0,0,1,1,1,0,0,0,0,0,0,0,1,0,0,0.0,0
584296.mira,584296,mira,2015-09-02 03:39:53,20150902,2015-09-02 03:41:50,20150902,2015-09-02 03:45:51,20150902,34871601655553,97534845395728,backfill,300.0,241.0,512.0,432.0,8192.0,6912.0,MIR-44C40-77F71-512,0,117,0,117,0,466.56,552.96,0.0,548.4088,0.0,0.0,548.4088,MIR-44C40-77F71-512,0,script,-1,complete,Not capability,0% <= x < 16.7%,0% <= x < 16.7%,0,0,0,1,1,1,0,0,0,0,0,0,0,1,0,0,0.0,0
584295.mira,584295,mira,2015-09-02 03:39:50,20150902,2015-09-02 03:42:21,20150902,2015-09-02 03:47:01,20150902,34871601655553,97534845395728,backfill,300.0,280.0,512.0,432.0,8192.0,6912.0,MIR-008C0-33BF1-512,0,151,0,151,0,539.52,639.4311,0.0,637.1555,0.0,0.0,637.1555,MIR-008C0-33BF1-512,0,script,-1,complete,Not capability,0% <= x < 16.7%,0% <= x < 16.7%,0,0,0,1,1,1,0,0,0,0,0,0,0,1,0,0,0.0,0
584293.mira,584293,mira,2015-09-02 03:39:46,20150902,2015-09-02 03:43:58,20150902,2015-09-02 03:47:59,20150902,34871601655553,97534845395728,backfill,300.0,241.0,512.0,432.0,8192.0,6912.0,MIR-44080-773B1-512,0,253,0,253,0,462.72,548.4089,0.0,548.4088,0.0,0.0,548.4088,MIR-44080-773B1-512,0,script,-1,complete,Not capability,0% <= x < 16.7%,0% <= x < 16.7%,0,0,0,1,1,1,0,0,0,0,0,0,0,1,0,0,0.0,0
584294.mira,584294,mira,2015-09-02 03:39:48,20150902,2015-09-02 03:44:37,20150902,2015-09-02 03:48:36,20150902,34871601655553,97534845395728,backfill,300.0,239.0,512.0,432.0,8192.0,6912.0,MIR-44400-77731-512,0,290,0,290,0,456.96,541.5822,0.0,543.8577,0.0,0.0,543.8577,MIR-44400-77731-512,0,script,-1,complete,Not capability,0% <= x < 16.7%,0% <= x < 16.7%,0,0,0,1,1,1,0,0,0,0,0,0,0,1,0,0,0.0,0
584306.mira,584306,mira,2015-09-02 03:45:18,20150902,2015-09-02 03:45:41,20150902,2015-09-02 03:49:37,20150902,34871601655553,97534845395728,backfill,300.0,236.0,512.0,432.0,8192.0,6912.0,MIR-44040-77371-512,0,24,0,24,0,451.2,534.7556,0.0,537.0311,0.0,0.0,537.0311,MIR-44040-77371-512,0,script,-1,complete,Not capability,0% <= x < 16.7%,0% <= x < 16.7%,0,0,0,1,1,1,0,0,0,0,0,0,0,1,0,0,0.0,0
584303.mira,584303,mira,2015-09-02 03:45:13,20150902,2015-09-02 03:47:01,20150902,2015-09-02 03:50:06,20150902,34871601655553,97534845395728,backfill,300.0,185.0,512.0,432.0,8192.0,6912.0,MIR-44C40-77F71-512,0,98,0,108,0,359.04,425.5289,0.0,420.9777,0.0,0.0,420.9777,MIR-44C40-77F71-512,0,script,-1,complete,Not capability,0% <= x < 16.7%,0% <= x < 16.7%,0,0,0,1,1,1,0,0,0,0,0,0,0,1,0,0,0.0,0
584304.mira,584304,mira,2015-09-02 03:45:14,20150902,2015-09-02 03:48:02,20150902,2015-09-02 03:51:49,20150902,34871601655553,97534845395728,backfill,300.0,227.0,512.0,432.0,8192.0,6912.0,MIR-008C0-33BF1-512,0,156,0,167,0,435.84,516.5511,0.0,516.5511,0.0,0.0,516.5511,MIR-008C0-33BF1-512,0,script,-1,complete,Not capability,0% <= x < 16.7%,0% <= x < 16.7%,0,0,0,1,1,1,0,0,0,0,0,0,0,1,0,0,0.0,0
584305.mira,584305,mira,2015-09-02 03:45:16,20150902,2015-09-02 03:48:36,20150902,2015-09-02 03:52:14,20150902,34871601655553,97534845395728,backfill,300.0,218.0,512.0,432.0,8192.0,6912.0,MIR-00840-33B71-512,0,191,0,201,0,418.56,496.0711,0.0,496.0711,0.0,0.0,496.0711,MIR-00840-33B71-512,0,script,-1,complete,Not capability,0% <= x < 16.7%,0% <= x < 16.7%,0,0,0,1,1,1,0,0,0,0,0,0,0,1,0,0,0.0,0
584302.mira,584302,mira,2015-09-02 03:45:10,20150902,2015-09-02 03:49:03,20150902,2015-09-02 03:52:36,20150902,34871601655553,97534845395728,backfill,300.0,213.0,512.0,432.0,8192.0,6912.0,MIR-440C0-773F1-512,0,222,0,232,0,412.8,489.2444,0.0,484.6933,0.0,0.0,484.6933,MIR-440C0-773F1-512,0,script,-1,complete,Not capability,0% <= x < 16.7%,0% <= x < 16.7%,0,0,0,1,1,1,0,0,0,0,0,0,0,1,0,0,0.0,0
584292.mira,584292,mira,2015-09-02 03:39:43,20150902,2015-09-02 03:49:37,20150902,2015-09-02 03:53:38,20150902,34871601655553,97534845395728,backfill,300.0,241.0,512.0,432.0,8192.0,6912.0,MIR-44480-777B1-512,0,573,1,594,1,462.72,548.4089,0.0,548.4088,0.0,0.0,548.4088,MIR-44480-777B1-512,0,script,-1,complete,Not capability,0% <= x < 16.7%,0% <= x < 16.7%,0,0,0,1,1,1,0,0,0,0,0,0,0,1,0,0,0.0,0
582697.mira,582697,mira,2015-09-01 01:35:37,20150901,2015-09-02 03:50:38,20150902,2015-09-02 03:55:04,20150902,34871601655553,97534845395728,backfill,300.0,266.0,512.0,432.0,8192.0,6912.0,MIR-44040-77371-512,0,94173,313,94500,315,510.72,605.2978,0.0,605.2977,0.0,0.0,605.2977,MIR-44040-77371-512,0,script,-1,complete,Not capability,0% <= x < 16.7%,0% <= x < 16.7%,0,0,0,1,1,1,0,0,0,0,0,0,0,1,0,0,0.0,0
569400.mira,569400,mira,2015-08-25 02:16:24,20150825,2015-09-02 03:51:34,20150902,2015-09-02 14:36:29,20150902,91248026253305,73443375049831,prod-long,43200.0,38695.0,2048.0,2048.0,32768.0,32768.0,MIR-00400-337F1-2048,0,231474,5,696910,16,352210.4889,352210.4889,0.0,352210.4888,0.0,0.0,352210.4888,MIR-00400-337F1-2048,0,c4,-1,complete,Not capability,0% <= x < 16.7%,0% <= x < 16.7%,0,0,0,1,1,1,0,0,0,0,0,0,0,1,0,0,0.0,0
584315.mira,584315,mira,2015-09-02 03:50:22,20150902,2015-09-02 03:52:04,20150902,2015-09-02 03:55:18,20150902,34871601655553,97534845395728,backfill,300.0,194.0,512.0,432.0,8192.0,6912.0,MIR-44C40-77F71-512,0,43,0,101,0,374.4,443.7333,0.0,441.4577,0.0,0.0,441.4577,MIR-44C40-77F71-512,0,script,-1,complete,Not capability,0% <= x < 16.7%,0% <= x < 16.7%,0,0,0,1,1,1,0,0,0,0,0,0,0,1,0,0,0.0,0
584316.mira,584316,mira,2015-09-02 03:50:24,20150902,2015-09-02 03:52:33,20150902,2015-09-02 03:56:16,20150902,34871601655553,97534845395728,backfill,300.0,223.0,512.0,432.0,8192.0,6912.0,MIR-00840-33B71-512,0,72,0,130,0,426.24,505.1733,0.0,507.4488,0.0,0.0,507.4488,MIR-00840-33B71-512,0,script,-1,complete,Not capability,0% <= x < 16.7%,0% <= x < 16.7%,0,0,0,1,1,1,0,0,0,0,0,0,0,1,0,0,0.0,0
584319.mira,584319,mira,2015-09-02 03:50:27,20150902,2015-09-02 03:52:59,20150902,2015-09-02 03:55:30,20150902,34871601655553,97534845395728,backfill,300.0,151.0,512.0,432.0,8192.0,6912.0,MIR-008C0-33BF1-512,0,91,0,152,0,288.0,341.3333,0.0,343.6088,0.0,0.0,343.6088,MIR-008C0-33BF1-512,0,script,-1,complete,Not capability,0% <= x < 16.7%,0% <= x < 16.7%,0,0,0,1,1,1,0,0,0,0,0,0,0,1,0,0,0.0,0
584314.mira,584314,mira,2015-09-02 03:50:20,20150902,2015-09-02 03:53:42,20150902,2015-09-02 03:57:29,20150902,34871601655553,97534845395728,backfill,300.0,227.0,512.0,432.0,8192.0,6912.0,MIR-440C0-773F1-512,0,118,0,202,0,433.92,514.2756,0.0,516.5511,0.0,0.0,516.5511,MIR-440C0-773F1-512,0,script,-1,complete,Not capability,0% <= x < 16.7%,0% <= x < 16.7%,0,0,0,1,1,1,0,0,0,0,0,0,0,1,0,0,0.0,0
584320.mira,584320,mira,2015-09-02 03:50:37,20150902,2015-09-02 03:55:32,20150902,2015-09-02 03:58:38,20150902,34871601655553,97534845395728,backfill,300.0,186.0,512.0,432.0,8192.0,6912.0,MIR-44440-77771-512,0,142,0,295,0,357.12,423.2533,0.0,423.2533,0.0,0.0,423.2533,MIR-44440-77771-512,0,script,-1,complete,Not capability,0% <= x < 16.7%,0% <= x < 16.7%,0,0,0,1,1,1,0,0,0,0,0,0,0,1,0,0,0.0,0
584318.mira,584318,mira,2015-09-02 03:50:26,20150902,2015-09-02 03:56:02,20150902,2015-09-02 03:59:14,20150902,34871601655553,97534845395728,backfill,300.0,192.0,512.0,432.0,8192.0,6912.0,MIR-44C40-77F71-512,0,182,0,336,1,368.64,436.9067,0.0,436.9066,0.0,0.0,436.9066,MIR-44C40-77F71-512,0,script,-1,complete,Not capability,0% <= x < 16.7%,0% <= x < 16.7%,0,0,0,1,1,1,0,0,0,0,0,0,0,1,0,0,0.0,0
584336.mira,584336,mira,2015-09-02 03:56:10,20150902,2015-09-02 03:56:25,20150902,2015-09-02 03:59:14,20150902,34871601655553,97534845395728,backfill,300.0,169.0,512.0,432.0,8192.0,6912.0,MIR-44040-77371-512,0,16,0,16,0,324.48,384.5689,0.0,384.5688,0.0,0.0,384.5688,MIR-44040-77371-512,0,script,-1,complete,Not capability,0% <= x < 16.7%,0% <= x < 16.7%,0,0,0,1,1,1,0,0,0,0,0,0,0,1,0,0,0.0,0
584334.mira,584334,mira,2015-09-02 03:56:06,20150902,2015-09-02 03:56:57,20150902,2015-09-02 03:59:26,20150902,34871601655553,97534845395728,backfill,300.0,149.0,512.0,432.0,8192.0,6912.0,MIR-00840-33B71-512,0,50,0,50,0,288.0,341.3333,0.0,339.0577,0.0,0.0,339.0577,MIR-00840-33B71-512,0,script,-1,complete,Not capability,0% <= x < 16.7%,0% <= x < 16.7%,0,0,0,1,1,1,0,0,0,0,0,0,0,1,0,0,0.0,0
584337.mira,584337,mira,2015-09-02 03:56:12,20150902,2015-09-02 03:58:25,20150902,2015-09-02 04:00:51,20150902,34871601655553,97534845395728,backfill,300.0,146.0,512.0,432.0,8192.0,6912.0,MIR-44080-773B1-512,0,125,0,134,0,282.24,334.5067,0.0,332.2311,0.0,0.0,332.2311,MIR-44080-773B1-512,0,script,-1,complete,Not capability,0% <= x < 16.7%,0% <= x < 16.7%,0,0,0,1,1,1,0,0,0,0,0,0,0,1,0,0,0.0,0
584335.mira,584335,mira,2015-09-02 03:56:08,20150902,2015-09-02 03:59:22,20150902,2015-09-02 04:02:49,20150902,34871601655553,97534845395728,backfill,300.0,207.0,512.0,432.0,8192.0,6912.0,MIR-44440-77771-512,0,183,0,193,0,399.36,473.3156,0.0,471.04,0.0,0.0,471.04,MIR-44440-77771-512,0,script,-1,complete,Not capability,0% <= x < 16.7%,0% <= x < 16.7%,0,0,0,1,1,1,0,0,0,0,0,0,0,1,0,0,0.0,0
584332.mira,584332,mira,2015-09-02 03:56:02,20150902,2015-09-02 03:59:50,20150902,2015-09-02 04:03:52,20150902,34871601655553,97534845395728,backfill,300.0,242.0,512.0,432.0,8192.0,6912.0,MIR-44C40-77F71-512,0,219,0,229,0,462.72,548.4089,0.0,550.6844,0.0,0.0,550.6844,MIR-44C40-77F71-512,0,script,-1,complete,Not capability,0% <= x < 16.7%,0% <= x < 16.7%,0,0,0,1,1,1,0,0,0,0,0,0,0,1,0,0,0.0,0
584333.mira,584333,mira,2015-09-02 03:56:05,20150902,2015-09-02 04:00:20,20150902,2015-09-02 04:04:17,20150902,34871601655553,97534845395728,backfill,300.0,237.0,512.0,432.0,8192.0,6912.0,MIR-00840-33B71-512,0,245,0,255,0,455.04,539.3067,0.0,539.3066,0.0,0.0,539.3066,MIR-00840-33B71-512,0,script,-1,complete,Not capability,0% <= x < 16.7%,0% <= x < 16.7%,0,0,0,1,1,1,0,0,0,0,0,0,0,1,0,0,0.0,0
584330.mira,584330,mira,2015-09-02 03:55:51,20150902,2015-09-02 04:00:49,20150902,2015-09-02 04:04:04,20150902,34871601655553,97534845395728,backfill,300.0,195.0,512.0,432.0,8192.0,6912.0,MIR-44040-77371-512,0,287,0,297,0,376.32,446.0089,0.0,443.7333,0.0,0.0,443.7333,MIR-44040-77371-512,0,script,-1,complete,Not capability,0% <= x < 16.7%,0% <= x < 16.7%,0,0,0,1,1,1,0,0,0,0,0,0,0,1,0,0,0.0,0
584353.mira,584353,mira,2015-09-02 04:01:40,20150902,2015-09-02 04:02:07,20150902,2015-09-02 04:04:40,20150902,34871601655553,97534845395728,backfill,300.0,153.0,512.0,432.0,8192.0,6912.0,MIR-440C0-773F1-512,0,27,0,27,0,293.76,348.16,0.0,348.16,0.0,0.0,348.16,MIR-440C0-773F1-512,0,script,-1,complete,Not capability,0% <= x < 16.7%,0% <= x < 16.7%,0,0,0,1,1,1,0,0,0,0,0,0,0,1,0,0,0.0,0
584352.mira,584352,mira,2015-09-02 04:01:23,20150902,2015-09-02 04:03:06,20150902,2015-09-02 04:06:20,20150902,34871601655553,97534845395728,backfill,300.0,194.0,512.0,432.0,8192.0,6912.0,MIR-00880-33BB1-512,0,74,0,103,0,372.48,441.4578,0.0,441.4577,0.0,0.0,441.4577,MIR-00880-33BB1-512,0,script,-1,complete,Not capability,0% <= x < 16.7%,0% <= x < 16.7%,0,0,0,1,1,1,0,0,0,0,0,0,0,1,0,0,0.0,0
584351.mira,584351,mira,2015-09-02 04:01:21,20150902,2015-09-02 04:04:02,20150902,2015-09-02 04:07:09,20150902,34871601655553,97534845395728,backfill,300.0,187.0,512.0,432.0,8192.0,6912.0,MIR-44400-77731-512,0,101,0,160,0,359.04,425.5289,0.0,425.5288,0.0,0.0,425.5288,MIR-44400-77731-512,0,script,-1,complete,Not capability,0% <= x < 16.7%,0% <= x < 16.7%,0,0,0,1,1,1,0,0,0,0,0,0,0,1,0,0,0.0,0
584347.mira,584347,mira,2015-09-02 04:01:14,20150902,2015-09-02 04:04:39,20150902,2015-09-02 04:07:52,20150902,34871601655553,97534845395728,backfill,300.0,193.0,512.0,432.0,8192.0,6912.0,MIR-44C40-77F71-512,0,146,0,204,0,370.56,439.1822,0.0,439.1822,0.0,0.0,439.1822,MIR-44C40-77F71-512,0,script,-1,complete,Not capability,0% <= x < 16.7%,0% <= x < 16.7%,0,0,0,1,1,1,0,0,0,0,0,0,0,1,0,0,0.0,0
584350.mira,584350,mira,2015-09-02 04:01:19,20150902,2015-09-02 04:05:15,20150902,2015-09-02 04:09:05,20150902,34871601655553,97534845395728,backfill,300.0,230.0,512.0,432.0,8192.0,6912.0,MIR-44040-77371-512,0,176,0,235,0,441.6,523.3778,0.0,523.3777,0.0,0.0,523.3777,MIR-44040-77371-512,0,script,-1,complete,Not capability,0% <= x < 16.7%,0% <= x < 16.7%,0,0,0,1,1,1,0,0,0,0,0,0,0,1,0,0,0.0,0
584349.mira,584349,mira,2015-09-02 04:01:17,20150902,2015-09-02 04:05:45,20150902,2015-09-02 04:08:14,20150902,34871601655553,97534845395728,backfill,300.0,149.0,512.0,432.0,8192.0,6912.0,MIR-440C0-773F1-512,0,209,0,268,0,286.08,339.0578,0.0,339.0577,0.0,0.0,339.0577,MIR-440C0-773F1-512,0,script,-1,complete,Not capability,0% <= x < 16.7%,0% <= x < 16.7%,0,0,0,1,1,1,0,0,0,0,0,0,0,1,0,0,0.0,0
584359.mira,584359,mira,2015-09-02 04:06:48,20150902,2015-09-02 04:08:05,20150902,2015-09-02 04:10:40,20150902,34871601655553,97534845395728,backfill,300.0,155.0,512.0,432.0,8192.0,6912.0,MIR-44480-777B1-512,0,76,0,76,0,299.52,354.9867,0.0,352.7111,0.0,0.0,352.7111,MIR-44480-777B1-512,0,script,-1,complete,Not capability,0% <= x < 16.7%,0% <= x < 16.7%,0,0,0,1,1,1,0,0,0,0,0,0,0,1,0,0,0.0,0
584361.mira,584361,mira,2015-09-02 04:06:51,20150902,2015-09-02 04:08:35,20150902,2015-09-02 04:11:26,20150902,34871601655553,97534845395728,backfill,300.0,171.0,512.0,432.0,8192.0,6912.0,MIR-44C40-77F71-512,0,104,0,104,0,326.4,386.8444,0.0,389.12,0.0,0.0,389.12,MIR-44C40-77F71-512,0,script,-1,complete,Not capability,0% <= x < 16.7%,0% <= x < 16.7%,0,0,0,1,1,1,0,0,0,0,0,0,0,1,0,0,0.0,0
584363.mira,584363,mira,2015-09-02 04:06:55,20150902,2015-09-02 04:09:40,20150902,2015-09-02 04:12:44,20150902,34871601655553,97534845395728,backfill,300.0,184.0,512.0,432.0,8192.0,6912.0,MIR-44080-773B1-512,0,165,0,165,0,351.36,416.4267,0.0,418.7022,0.0,0.0,418.7022,MIR-44080-773B1-512,0,script,-1,complete,Not capability,0% <= x < 16.7%,0% <= x < 16.7%,0,0,0,1,1,1,0,0,0,0,0,0,0,1,0,0,0.0,0
584362.mira,584362,mira,2015-09-02 04:06:53,20150902,2015-09-02 04:10:10,20150902,2015-09-02 04:13:21,20150902,34871601655553,97534845395728,backfill,300.0,191.0,512.0,432.0,8192.0,6912.0,MIR-44040-77371-512,0,196,0,196,0,368.64,436.9067,0.0,434.6311,0.0,0.0,434.6311,MIR-44040-77371-512,0,script,-1,complete,Not capability,0% <= x < 16.7%,0% <= x < 16.7%,0,0,0,1,1,1,0,0,0,0,0,0,0,1,0,0,0.0,0
568468.mira,568468,mira,2015-08-24 17:03:30,20150824,2015-09-02 04:10:38,20150902,2015-09-02 14:52:35,20150902,91248026253305,73443375049831,prod-long,43200.0,38517.0,2048.0,2048.0,32768.0,32768.0,MIR-00800-33BF1-2048,0,232182,5,731228,16,350599.3956,350599.3956,0.0,350590.2933,0.0,0.0,350590.2933,MIR-00800-33BF1-2048,0,c4,-1,complete,Not capability,0% <= x < 16.7%,0% <= x < 16.7%,0,0,0,1,1,1,0,0,0,0,0,0,0,1,0,0,0.0,0
584360.mira,584360,mira,2015-09-02 04:06:50,20150902,2015-09-02 04:11:31,20150902,2015-09-02 04:14:01,20150902,34871601655553,97534845395728,backfill,300.0,150.0,512.0,432.0,8192.0,6912.0,MIR-444C0-777F1-512,0,282,0,282,0,286.08,339.0578,0.0,341.3333,0.0,0.0,341.3333,MIR-444C0-777F1-512,0,script,-1,complete,Not capability,0% <= x < 16.7%,0% <= x < 16.7%,0,0,0,1,1,1,0,0,0,0,0,0,0,1,0,0,0.0,0
584374.mira,584374,mira,2015-09-02 04:12:09,20150902,2015-09-02 04:12:32,20150902,2015-09-02 04:14:56,20150902,34871601655553,97534845395728,backfill,300.0,144.0,512.0,432.0,8192.0,6912.0,MIR-44C40-77F71-512,0,24,0,24,0,274.56,325.4044,0.0,327.68,0.0,0.0,327.68,MIR-44C40-77F71-512,0,script,-1,complete,Not capability,0% <= x < 16.7%,0% <= x < 16.7%,0,0,0,1,1,1,0,0,0,0,0,0,0,1,0,0,0.0,0
584372.mira,584372,mira,2015-09-02 04:12:05,20150902,2015-09-02 04:13:00,20150902,2015-09-02 04:15:51,20150902,34871601655553,97534845395728,backfill,300.0,171.0,512.0,432.0,8192.0,6912.0,MIR-440C0-773F1-512,0,55,0,55,0,328.32,389.12,0.0,389.12,0.0,0.0,389.12,MIR-440C0-773F1-512,0,script,-1,complete,Not capability,0% <= x < 16.7%,0% <= x < 16.7%,0,0,0,1,1,1,0,0,0,0,0,0,0,1,0,0,0.0,0
584375.mira,584375,mira,2015-09-02 04:12:10,20150902,2015-09-02 04:14:15,20150902,2015-09-02 04:17:05,20150902,34871601655553,97534845395728,backfill,300.0,170.0,512.0,432.0,8192.0,6912.0,MIR-44040-77371-512,0,124,0,124,0,328.32,389.12,0.0,386.8444,0.0,0.0,386.8444,MIR-44040-77371-512,0,script,-1,complete,Not capability,0% <= x < 16.7%,0% <= x < 16.7%,0,0,0,1,1,1,0,0,0,0,0,0,0,1,0,0,0.0,0
584376.mira,584376,mira,2015-09-02 04:12:12,20150902,2015-09-02 04:14:43,20150902,2015-09-02 04:17:48,20150902,34871601655553,97534845395728,backfill,300.0,185.0,512.0,432.0,8192.0,6912.0,MIR-44440-77771-512,0,152,0,152,0,353.28,418.7022,0.0,420.9777,0.0,0.0,420.9777,MIR-44440-77771-512,0,script,-1,complete,Not capability,0% <= x < 16.7%,0% <= x < 16.7%,0,0,0,1,1,1,0,0,0,0,0,0,0,1,0,0,0.0,0
584373.mira,584373,mira,2015-09-02 04:12:07,20150902,2015-09-02 04:15:39,20150902,2015-09-02 04:19:13,20150902,34871601655553,97534845395728,backfill,300.0,214.0,512.0,432.0,8192.0,6912.0,MIR-44C40-77F71-512,0,213,0,213,0,410.88,486.9689,0.0,486.9688,0.0,0.0,486.9688,MIR-44C40-77F71-512,0,script,-1,complete,Not capability,0% <= x < 16.7%,0% <= x < 16.7%,0,0,0,1,1,1,0,0,0,0,0,0,0,1,0,0,0.0,0
584371.mira,584371,mira,2015-09-02 04:12:04,20150902,2015-09-02 04:16:38,20150902,2015-09-02 04:19:44,20150902,34871601655553,97534845395728,backfill,300.0,186.0,512.0,432.0,8192.0,6912.0,MIR-440C0-773F1-512,0,274,0,274,0,357.12,423.2533,0.0,423.2533,0.0,0.0,423.2533,MIR-440C0-773F1-512,0,script,-1,complete,Not capability,0% <= x < 16.7%,0% <= x < 16.7%,0,0,0,1,1,1,0,0,0,0,0,0,0,1,0,0,0.0,0
584385.mira,584385,mira,2015-09-02 04:17:39,20150902,2015-09-02 04:18:01,20150902,2015-09-02 04:20:07,20150902,34871601655553,97534845395728,backfill,300.0,126.0,512.0,432.0,8192.0,6912.0,MIR-44040-77371-512,0,22,0,22,0,241.92,286.72,0.0,286.72,0.0,0.0,286.72,MIR-44040-77371-512,0,script,-1,complete,Not capability,0% <= x < 16.7%,0% <= x < 16.7%,0,0,0,1,1,1,0,0,0,0,0,0,0,1,0,0,0.0,0
584383.mira,584383,mira,2015-09-02 04:17:36,20150902,2015-09-02 04:18:31,20150902,2015-09-02 04:21:10,20150902,34871601655553,97534845395728,backfill,300.0,159.0,512.0,432.0,8192.0,6912.0,MIR-444C0-777F1-512,0,56,0,56,0,305.28,361.8133,0.0,361.8133,0.0,0.0,361.8133,MIR-444C0-777F1-512,0,script,-1,complete,Not capability,0% <= x < 16.7%,0% <= x < 16.7%,0,0,0,1,1,1,0,0,0,0,0,0,0,1,0,0,0.0,0
584384.mira,584384,mira,2015-09-02 04:17:37,20150902,2015-09-02 04:19:56,20150902,2015-09-02 04:22:26,20150902,34871601655553,97534845395728,backfill,300.0,150.0,512.0,432.0,8192.0,6912.0,MIR-44C40-77F71-512,0,139,0,139,0,288.0,341.3333,0.0,341.3333,0.0,0.0,341.3333,MIR-44C40-77F71-512,0,script,-1,complete,Not capability,0% <= x < 16.7%,0% <= x < 16.7%,0,0,0,1,1,1,0,0,0,0,0,0,0,1,0,0,0.0,0
584382.mira,584382,mira,2015-09-02 04:17:17,20150902,2015-09-02 04:20:27,20150902,2015-09-02 04:23:01,20150902,34871601655553,97534845395728,backfill,300.0,154.0,512.0,432.0,8192.0,6912.0,MIR-44080-773B1-512,0,190,0,190,0,293.76,348.16,0.0,350.4355,0.0,0.0,350.4355,MIR-44080-773B1-512,0,script,-1,complete,Not capability,0% <= x < 16.7%,0% <= x < 16.7%,0,0,0,1,1,1,0,0,0,0,0,0,0,1,0,0,0.0,0
584380.mira,584380,mira,2015-09-02 04:17:14,20150902,2015-09-02 04:21:30,20150902,2015-09-02 04:24:21,20150902,34871601655553,97534845395728,backfill,300.0,171.0,512.0,432.0,8192.0,6912.0,MIR-44040-77371-512,0,257,0,257,0,328.32,389.12,0.0,389.12,0.0,0.0,389.12,MIR-44040-77371-512,0,script,-1,complete,Not capability,0% <= x < 16.7%,0% <= x < 16.7%,0,0,0,1,1,1,0,0,0,0,0,0,0,1,0,0,0.0,0
584381.mira,584381,mira,2015-09-02 04:17:16,20150902,2015-09-02 04:22:34,20150902,2015-09-02 04:26:00,20150902,34871601655553,97534845395728,backfill,300.0,206.0,512.0,432.0,8192.0,6912.0,MIR-44400-77731-512,0,318,1,318,1,397.44,471.04,0.0,468.7644,0.0,0.0,468.7644,MIR-44400-77731-512,0,script,-1,complete,Not capability,0% <= x < 16.7%,0% <= x < 16.7%,0,0,0,1,1,1,0,0,0,0,0,0,0,1,0,0,0.0,0
584398.mira,584398,mira,2015-09-02 04:23:05,20150902,2015-09-02 04:23:37,20150902,2015-09-02 04:26:13,20150902,34871601655553,97534845395728,backfill,300.0,156.0,512.0,432.0,8192.0,6912.0,MIR-44C40-77F71-512,0,32,0,32,0,297.6,352.7111,0.0,354.9866,0.0,0.0,354.9866,MIR-44C40-77F71-512,0,script,-1,complete,Not capability,0% <= x < 16.7%,0% <= x < 16.7%,0,0,0,1,1,1,0,0,0,0,0,0,0,1,0,0,0.0,0
584397.mira,584397,mira,2015-09-02 04:23:04,20150902,2015-09-02 04:24:06,20150902,2015-09-02 04:26:42,20150902,34871601655553,97534845395728,backfill,300.0,156.0,512.0,432.0,8192.0,6912.0,MIR-440C0-773F1-512,0,62,0,62,0,299.52,354.9867,0.0,354.9866,0.0,0.0,354.9866,MIR-440C0-773F1-512,0,script,-1,complete,Not capability,0% <= x < 16.7%,0% <= x < 16.7%,0,0,0,1,1,1,0,0,0,0,0,0,0,1,0,0,0.0,0
584392.mira,584392,mira,2015-09-02 04:22:41,20150902,2015-09-02 04:24:49,20150902,2015-09-02 04:27:29,20150902,34871601655553,97534845395728,backfill,300.0,160.0,512.0,432.0,8192.0,6912.0,MIR-44040-77371-512,0,127,0,127,0,309.12,366.3644,0.0,364.0888,0.0,0.0,364.0888,MIR-44040-77371-512,0,script,-1,complete,Not capability,0% <= x < 16.7%,0% <= x < 16.7%,0,0,0,1,1,1,0,0,0,0,0,0,0,1,0,0,0.0,0
584393.mira,584393,mira,2015-09-02 04:22:43,20150902,2015-09-02 04:26:49,20150902,2015-09-02 04:29:12,20150902,34871601655553,97534845395728,backfill,300.0,143.0,512.0,432.0,8192.0,6912.0,MIR-44C40-77F71-512,0,247,0,247,0,274.56,325.4044,0.0,325.4044,0.0,0.0,325.4044,MIR-44C40-77F71-512,0,script,-1,complete,Not capability,0% <= x < 16.7%,0% <= x < 16.7%,0,0,0,1,1,1,0,0,0,0,0,0,0,1,0,0,0.0,0
584394.mira,584394,mira,2015-09-02 04:22:45,20150902,2015-09-02 04:27:17,20150902,2015-09-02 04:30:21,20150902,34871601655553,97534845395728,backfill,300.0,184.0,512.0,432.0,8192.0,6912.0,MIR-440C0-773F1-512,0,273,0,273,0,351.36,416.4267,0.0,418.7022,0.0,0.0,418.7022,MIR-440C0-773F1-512,0,script,-1,complete,Not capability,0% <= x < 16.7%,0% <= x < 16.7%,0,0,0,1,1,1,0,0,0,0,0,0,0,1,0,0,0.0,0
584395.mira,584395,mira,2015-09-02 04:22:46,20150902,2015-09-02 04:27:48,20150902,2015-09-02 04:31:06,20150902,34871601655553,97534845395728,backfill,300.0,198.0,512.0,432.0,8192.0,6912.0,MIR-44440-77771-512,0,301,1,301,1,380.16,450.56,0.0,450.56,0.0,0.0,450.56,MIR-44440-77771-512,0,script,-1,complete,Not capability,0% <= x < 16.7%,0% <= x < 16.7%,0,0,0,1,1,1,0,0,0,0,0,0,0,1,0,0,0.0,0
584396.mira,584396,mira,2015-09-02 04:23:02,20150902,2015-09-02 04:28:16,20150902,2015-09-02 04:31:18,20150902,34871601655553,97534845395728,backfill,300.0,182.0,512.0,432.0,8192.0,6912.0,MIR-44040-77371-512,0,315,1,315,1,347.52,411.8756,0.0,414.1511,0.0,0.0,414.1511,MIR-44040-77371-512,0,script,-1,complete,Not capability,0% <= x < 16.7%,0% <= x < 16.7%,0,0,0,1,1,1,0,0,0,0,0,0,0,1,0,0,0.0,0
584405.mira,584405,mira,2015-09-02 04:28:19,20150902,2015-09-02 04:30:09,20150902,2015-09-02 04:32:36,20150902,34871601655553,97534845395728,backfill,300.0,147.0,512.0,432.0,8192.0,6912.0,MIR-44C40-77F71-512,0,109,0,109,0,284.16,336.7822,0.0,334.5066,0.0,0.0,334.5066,MIR-44C40-77F71-512,0,script,-1,complete,Not capability,0% <= x < 16.7%,0% <= x < 16.7%,0,0,0,1,1,1,0,0,0,0,0,0,0,1,0,0,0.0,0
584407.mira,584407,mira,2015-09-02 04:28:23,20150902,2015-09-02 04:31:06,20150902,2015-09-02 04:35:06,20150902,34871601655553,97534845395728,backfill,300.0,240.0,512.0,432.0,8192.0,6912.0,MIR-44080-773B1-512,0,163,0,163,0,460.8,546.1333,0.0,546.1333,0.0,0.0,546.1333,MIR-44080-773B1-512,0,script,-1,complete,Not capability,0% <= x < 16.7%,0% <= x < 16.7%,0,0,0,1,1,1,0,0,0,0,0,0,0,1,0,0,0.0,0
584408.mira,584408,mira,2015-09-02 04:28:24,20150902,2015-09-02 04:31:36,20150902,2015-09-02 04:36:23,20150902,34871601655553,97534845395728,backfill,300.0,287.0,512.0,432.0,8192.0,6912.0,MIR-44040-77371-512,0,192,0,192,0,551.04,653.0844,0.0,653.0844,0.0,0.0,653.0844,MIR-44040-77371-512,0,script,-1,complete,Not capability,0% <= x < 16.7%,0% <= x < 16.7%,0,0,0,1,1,1,0,0,0,0,0,0,0,1,0,0,0.0,0
584406.mira,584406,mira,2015-09-02 04:28:21,20150902,2015-09-02 04:32:05,20150902,2015-09-02 04:36:11,20150902,34871601655553,97534845395728,backfill,300.0,246.0,512.0,432.0,8192.0,6912.0,MIR-44400-77731-512,0,225,0,225,0,472.32,559.7867,0.0,559.7866,0.0,0.0,559.7866,MIR-44400-77731-512,0,script,-1,complete,Not capability,0% <= x < 16.7%,0% <= x < 16.7%,0,0,0,1,1,1,0,0,0,0,0,0,0,1,0,0,0.0,0
584403.mira,584403,mira,2015-09-02 04:28:17,20150902,2015-09-02 04:33:23,20150902,2015-09-02 04:35:33,20150902,34871601655553,97534845395728,backfill,300.0,130.0,512.0,432.0,8192.0,6912.0,MIR-44C40-77F71-512,0,307,1,307,1,247.68,293.5467,0.0,295.8222,0.0,0.0,295.8222,MIR-44C40-77F71-512,0,script,-1,complete,Not capability,0% <= x < 16.7%,0% <= x < 16.7%,0,0,0,1,1,1,0,0,0,0,0,0,0,1,0,0,0.0,0
584414.mira,584414,mira,2015-09-02 04:33:30,20150902,2015-09-02 04:36:14,20150902,2015-09-02 04:40:30,20150902,34871601655553,97534845395728,backfill,300.0,256.0,512.0,432.0,8192.0,6912.0,MIR-44C40-77F71-512,0,165,0,165,0,491.52,582.5422,0.0,582.5422,0.0,0.0,582.5422,MIR-44C40-77F71-512,0,script,-1,complete,Not capability,0% <= x < 16.7%,0% <= x < 16.7%,0,0,0,1,1,1,0,0,0,0,0,0,0,1,0,0,0.0,0
584415.mira,584415,mira,2015-09-02 04:33:31,20150902,2015-09-02 04:36:42,20150902,2015-09-02 04:41:45,20150902,34871601655553,97534845395728,backfill,300.0,303.0,512.0,432.0,8192.0,6912.0,MIR-440C0-773F1-512,0,190,0,190,0,581.76,689.4933,0.0,689.4933,0.0,0.0,689.4933,MIR-440C0-773F1-512,0,script,-1,complete,Not capability,0% <= x < 16.7%,0% <= x < 16.7%,0,0,0,1,1,1,0,0,0,0,0,0,0,1,0,0,0.0,0
583605.mira,583605,mira,2015-09-01 14:18:23,20150901,2015-09-02 04:37:13,20150902,2015-09-02 04:40:07,20150902,89863764303672,14990642440966,prod-capability,3600.0,174.0,8192.0,8192.0,131072.0,131072.0,MIR-48000-7BFF1-8192,1,51530,14,51530,14,6371.5556,6371.5556,6335.1466,0.0,0.0,6335.1466,0.0,MIR-48000-7BFF1-8192,1,c32,-1,complete,Capability,16.7% <= x < 33.3%,16.7% <= x < 33.3%,-1,-1,-1,-1,0,0,0,0,0,0,0,0,0,0,0,1,0.0,0
584413.mira,584413,mira,2015-09-02 04:33:28,20150902,2015-09-02 04:37:44,20150902,2015-09-02 04:42:43,20150902,34871601655553,97534845395728,backfill,300.0,299.0,512.0,432.0,8192.0,6912.0,MIR-44040-77371-512,0,256,0,256,0,576.0,682.6667,0.0,680.3911,0.0,0.0,680.3911,MIR-44040-77371-512,0,script,-1,complete,Not capability,0% <= x < 16.7%,0% <= x < 16.7%,0,0,0,1,1,1,0,0,0,0,0,0,0,1,0,0,0.0,0
584416.mira,584416,mira,2015-09-02 04:33:33,20150902,2015-09-02 04:38:21,20150902,2015-09-02 04:43:30,20150902,34871601655553,97534845395728,backfill,300.0,309.0,512.0,432.0,8192.0,6912.0,MIR-44400-77731-512,0,287,0,287,0,595.2,705.4222,0.0,703.1466,0.0,0.0,703.1466,MIR-44400-77731-512,0,script,-1,complete,Not capability,0% <= x < 16.7%,0% <= x < 16.7%,0,0,0,1,1,1,0,0,0,0,0,0,0,1,0,0,0.0,0
583898.mira,583898,mira,2015-09-01 19:25:00,20150901,2015-09-02 04:41:15,20150902,2015-09-02 04:46:57,20150902,10455425507601,33609503197301,prod-capability,3600.0,342.0,8192.0,8192.0,131072.0,131072.0,MIR-48000-7BFF1-8192,1,33375,9,33375,9,12415.4311,12415.4311,12451.84,0.0,0.0,12451.84,0.0,MIR-48000-7BFF1-8192,1,script,-1,complete,Capability,16.7% <= x < 33.3%,16.7% <= x < 33.3%,0,4,0,0,4,0,1,0,0,0,0,0,1,0,0,0,0.0,0
584425.mira,584425,mira,2015-09-02 04:38:54,20150902,2015-09-02 04:41:44,20150902,2015-09-02 04:45:53,20150902,34871601655553,97534845395728,backfill,300.0,249.0,512.0,432.0,8192.0,6912.0,MIR-44C40-77F71-512,0,169,0,169,0,478.08,566.6133,0.0,566.6133,0.0,0.0,566.6133,MIR-44C40-77F71-512,0,script,-1,complete,Not capability,0% <= x < 16.7%,0% <= x < 16.7%,0,0,0,1,1,1,0,0,0,0,0,0,0,1,0,0,0.0,0
584424.mira,584424,mira,2015-09-02 04:38:53,20150902,2015-09-02 04:42:44,20150902,2015-09-02 04:46:41,20150902,34871601655553,97534845395728,backfill,300.0,237.0,512.0,432.0,8192.0,6912.0,MIR-44CC0-77FF1-512,0,231,0,231,0,456.96,541.5822,0.0,539.3066,0.0,0.0,539.3066,MIR-44CC0-77FF1-512,0,script,-1,complete,Not capability,0% <= x < 16.7%,0% <= x < 16.7%,0,0,0,1,1,1,0,0,0,0,0,0,0,1,0,0,0.0,0
584422.mira,584422,mira,2015-09-02 04:38:39,20150902,2015-09-02 04:44:11,20150902,2015-09-02 04:49:10,20150902,34871601655553,97534845395728,backfill,300.0,299.0,512.0,432.0,8192.0,6912.0,MIR-444C0-777F1-512,0,333,1,333,1,574.08,680.3911,0.0,680.3911,0.0,0.0,680.3911,MIR-444C0-777F1-512,0,script,-1,complete,Not capability,0% <= x < 16.7%,0% <= x < 16.7%,0,0,0,1,1,1,0,0,0,0,0,0,0,1,0,0,0.0,0
584435.mira,584435,mira,2015-09-02 04:44:05,20150902,2015-09-02 04:46:32,20150902,2015-09-02 04:50:05,20150902,34871601655553,97534845395728,backfill,300.0,213.0,512.0,432.0,8192.0,6912.0,MIR-44C40-77F71-512,0,146,0,146,0,410.88,486.9689,0.0,484.6933,0.0,0.0,484.6933,MIR-44C40-77F71-512,0,script,-1,complete,Not capability,0% <= x < 16.7%,0% <= x < 16.7%,0,0,0,1,1,1,0,0,0,0,0,0,0,1,0,0,0.0,0
584434.mira,584434,mira,2015-09-02 04:44:04,20150902,2015-09-02 04:47:59,20150902,2015-09-02 04:52:14,20150902,34871601655553,97534845395728,backfill,300.0,255.0,512.0,432.0,8192.0,6912.0,MIR-44CC0-77FF1-512,0,236,0,236,0,487.68,577.9911,0.0,580.2666,0.0,0.0,580.2666,MIR-44CC0-77FF1-512,0,script,-1,complete,Not capability,0% <= x < 16.7%,0% <= x < 16.7%,0,0,0,1,1,1,0,0,0,0,0,0,0,1,0,0,0.0,0
584433.mira,584433,mira,2015-09-02 04:44:00,20150902,2015-09-02 04:48:30,20150902,2015-09-02 04:53:47,20150902,34871601655553,97534845395728,backfill,300.0,317.0,512.0,432.0,8192.0,6912.0,MIR-48800-7BB31-512,0,270,0,270,0,608.64,721.3511,0.0,721.3511,0.0,0.0,721.3511,MIR-48800-7BB31-512,0,script,-1,complete,Not capability,0% <= x < 16.7%,0% <= x < 16.7%,0,0,0,1,1,1,0,0,0,0,0,0,0,1,0,0,0.0,0
584446.mira,584446,mira,2015-09-02 04:49:08,20150902,2015-09-02 04:49:55,20150902,2015-09-02 04:54:34,20150902,34871601655553,97534845395728,backfill,300.0,279.0,512.0,432.0,8192.0,6912.0,MIR-440C0-773F1-512,0,47,0,47,0,537.6,637.1556,0.0,634.88,0.0,0.0,634.88,MIR-440C0-773F1-512,0,script,-1,complete,Not capability,0% <= x < 16.7%,0% <= x < 16.7%,0,0,0,1,1,1,0,0,0,0,0,0,0,1,0,0,0.0,0
584447.mira,584447,mira,2015-09-02 04:49:09,20150902,2015-09-02 04:51:17,20150902,2015-09-02 04:55:27,20150902,34871601655553,97534845395728,backfill,300.0,250.0,512.0,432.0,8192.0,6912.0,MIR-44C40-77F71-512,0,128,0,128,0,478.08,566.6133,0.0,568.8888,0.0,0.0,568.8888,MIR-44C40-77F71-512,0,script,-1,complete,Not capability,0% <= x < 16.7%,0% <= x < 16.7%,0,0,0,1,1,1,0,0,0,0,0,0,0,1,0,0,0.0,0
584432.mira,584432,mira,2015-09-02 04:43:58,20150902,2015-09-02 04:53:05,20150902,2015-09-02 04:57:04,20150902,34871601655553,97534845395728,backfill,300.0,239.0,512.0,432.0,8192.0,6912.0,MIR-44CC0-77FF1-512,0,547,1,547,1,460.8,546.1333,0.0,543.8577,0.0,0.0,543.8577,MIR-44CC0-77FF1-512,0,script,-1,complete,Not capability,0% <= x < 16.7%,0% <= x < 16.7%,0,0,0,1,1,1,0,0,0,0,0,0,0,1,0,0,0.0,0
584448.mira,584448,mira,2015-09-02 04:49:26,20150902,2015-09-02 04:54:27,20150902,2015-09-02 05:55:27,20150902,89863764303672,14990642440966,prod-capability,3600.0,3660.0,8192.0,8192.0,131072.0,131072.0,MIR-48000-7BFF1-8192,143,300,0,300,0,133292.9422,133292.9422,133256.5333,0.0,0.0,133256.5333,0.0,MIR-48000-7BFF1-8192,143,c32,-1,complete,Capability,16.7% <= x < 33.3%,16.7% <= x < 33.3%,0,0,0,1,1,1,0,0,0,0,0,0,0,1,0,0,0.0,0
584458.mira,584458,mira,2015-09-02 04:54:13,20150902,2015-09-02 04:56:04,20150902,2015-09-02 05:00:06,20150902,34871601655553,97534845395728,backfill,300.0,242.0,512.0,432.0,8192.0,6912.0,MIR-444C0-777F1-512,0,112,0,112,0,464.64,550.6844,0.0,550.6844,0.0,0.0,550.6844,MIR-444C0-777F1-512,0,script,-1,complete,Not capability,0% <= x < 16.7%,0% <= x < 16.7%,0,0,0,1,1,1,0,0,0,0,0,0,0,1,0,0,0.0,0
584461.mira,584461,mira,2015-09-02 04:54:18,20150902,2015-09-02 04:56:33,20150902,2015-09-02 05:00:42,20150902,34871601655553,97534845395728,backfill,300.0,249.0,512.0,432.0,8192.0,6912.0,MIR-44C40-77F71-512,0,134,0,134,0,478.08,566.6133,0.0,566.6133,0.0,0.0,566.6133,MIR-44C40-77F71-512,0,script,-1,complete,Not capability,0% <= x < 16.7%,0% <= x < 16.7%,0,0,0,1,1,1,0,0,0,0,0,0,0,1,0,0,0.0,0
584460.mira,584460,mira,2015-09-02 04:54:14,20150902,2015-09-02 04:57:57,20150902,2015-09-02 05:02:15,20150902,34871601655553,97534845395728,backfill,300.0,258.0,512.0,432.0,8192.0,6912.0,MIR-44CC0-77FF1-512,0,222,0,222,0,497.28,589.3689,0.0,587.0933,0.0,0.0,587.0933,MIR-44CC0-77FF1-512,0,script,-1,complete,Not capability,0% <= x < 16.7%,0% <= x < 16.7%,0,0,0,1,1,1,0,0,0,0,0,0,0,1,0,0,0.0,0
583625.mira,583625,mira,2015-09-01 14:44:25,20150901,2015-09-02 05:00:50,20150902,2015-09-02 05:55:27,20150902,42927010610200,93975424484338,prod-short,10800.0,3277.0,512.0,128.0,8192.0,2048.0,MIR-04CC0-37FF1-512,1,51384,4,51384,4,1864.2489,7456.9956,0.0,7456.9955,0.0,0.0,7456.9955,MIR-04CC0-37FF1-512,1,c2,-1,complete,Not capability,0% <= x < 16.7%,0% <= x < 16.7%,0,0,0,1,1,1,0,0,0,0,0,0,0,1,0,0,0.0,0
584469.mira,584469,mira,2015-09-02 04:59:27,20150902,2015-09-02 05:01:18,20150902,2015-09-02 05:05:44,20150902,34871601655553,97534845395728,backfill,300.0,266.0,512.0,432.0,8192.0,6912.0,MIR-44480-777B1-512,0,111,0,111,0,510.72,605.2978,0.0,605.2977,0.0,0.0,605.2977,MIR-44480-777B1-512,0,script,-1,complete,Not capability,0% <= x < 16.7%,0% <= x < 16.7%,0,0,0,1,1,1,0,0,0,0,0,0,0,1,0,0,0.0,0
583940.mira,583940,mira,2015-09-01 19:58:55,20150901,2015-09-02 05:01:47,20150902,2015-09-02 06:36:04,20150902,65494466463799,32787699174502,prod-short,10800.0,5657.0,512.0,512.0,8192.0,8192.0,MIR-04C00-37F31-512,0,32573,3,32573,3,12870.5422,12870.5422,0.0,12872.8177,0.0,0.0,12872.8177,MIR-04C00-37F31-512,0,c1,-1,complete,Not capability,0% <= x < 16.7%,0% <= x < 16.7%,0,0,0,1,1,1,0,0,0,0,0,0,0,1,0,0,0.0,0
584470.mira,584470,mira,2015-09-02 04:59:28,20150902,2015-09-02 05:02:17,20150902,2015-09-02 05:06:10,20150902,34871601655553,97534845395728,backfill,300.0,233.0,512.0,432.0,8192.0,6912.0,MIR-44C40-77F71-512,0,169,0,169,0,447.36,530.2044,0.0,530.2044,0.0,0.0,530.2044,MIR-44C40-77F71-512,0,script,-1,complete,Not capability,0% <= x < 16.7%,0% <= x < 16.7%,0,0,0,1,1,1,0,0,0,0,0,0,0,1,0,0,0.0,0
584468.mira,584468,mira,2015-09-02 04:59:24,20150902,2015-09-02 05:03:13,20150902,2015-09-02 05:07:44,20150902,34871601655553,97534845395728,backfill,300.0,271.0,512.0,432.0,8192.0,6912.0,MIR-44CC0-77FF1-512,0,229,0,229,0,522.24,618.9511,0.0,616.6755,0.0,0.0,616.6755,MIR-44CC0-77FF1-512,0,script,-1,complete,Not capability,0% <= x < 16.7%,0% <= x < 16.7%,0,0,0,1,1,1,0,0,0,0,0,0,0,1,0,0,0.0,0
584491.mira,584491,mira,2015-09-02 05:04:41,20150902,2015-09-02 05:06:26,20150902,2015-09-02 05:10:41,20150902,34871601655553,97534845395728,backfill,300.0,255.0,512.0,432.0,8192.0,6912.0,MIR-440C0-773F1-512,0,105,0,105,0,489.6,580.2667,0.0,580.2666,0.0,0.0,580.2666,MIR-440C0-773F1-512,0,script,-1,complete,Not capability,0% <= x < 16.7%,0% <= x < 16.7%,0,0,0,1,1,1,0,0,0,0,0,0,0,1,0,0,0.0,0
584487.mira,584487,mira,2015-09-02 05:04:36,20150902,2015-09-02 05:06:59,20150902,2015-09-02 05:11:28,20150902,34871601655553,97534845395728,backfill,300.0,269.0,512.0,432.0,8192.0,6912.0,MIR-44C40-77F71-512,0,142,0,142,0,516.48,612.1244,0.0,612.1244,0.0,0.0,612.1244,MIR-44C40-77F71-512,0,script,-1,complete,Not capability,0% <= x < 16.7%,0% <= x < 16.7%,0,0,0,1,1,1,0,0,0,0,0,0,0,1,0,0,0.0,0
584489.mira,584489,mira,2015-09-02 05:04:38,20150902,2015-09-02 05:08:25,20150902,2015-09-02 05:12:38,20150902,34871601655553,97534845395728,backfill,300.0,253.0,512.0,432.0,8192.0,6912.0,MIR-44CC0-77FF1-512,0,226,0,226,0,487.68,577.9911,0.0,575.7155,0.0,0.0,575.7155,MIR-44CC0-77FF1-512,0,script,-1,complete,Not capability,0% <= x < 16.7%,0% <= x < 16.7%,0,0,0,1,1,1,0,0,0,0,0,0,0,1,0,0,0.0,0
584503.mira,584503,mira,2015-09-02 05:09:50,20150902,2015-09-02 05:11:45,20150902,2015-09-02 05:16:14,20150902,34871601655553,97534845395728,backfill,300.0,269.0,512.0,432.0,8192.0,6912.0,MIR-44040-77371-512,0,114,0,114,0,518.4,614.4,0.0,612.1244,0.0,0.0,612.1244,MIR-44040-77371-512,0,script,-1,complete,Not capability,0% <= x < 16.7%,0% <= x < 16.7%,0,0,0,1,1,1,0,0,0,0,0,0,0,1,0,0,0.0,0
584504.mira,584504,mira,2015-09-02 05:09:52,20150902,2015-09-02 05:12:43,20150902,2015-09-02 05:16:56,20150902,34871601655553,97534845395728,backfill,300.0,253.0,512.0,432.0,8192.0,6912.0,MIR-44C00-77F31-512,0,172,0,172,0,485.76,575.7156,0.0,575.7155,0.0,0.0,575.7155,MIR-44C00-77F31-512,0,script,-1,complete,Not capability,0% <= x < 16.7%,0% <= x < 16.7%,0,0,0,1,1,1,0,0,0,0,0,0,0,1,0,0,0.0,0
584505.mira,584505,mira,2015-09-02 05:09:54,20150902,2015-09-02 05:13:41,20150902,2015-09-02 05:17:11,20150902,34871601655553,97534845395728,backfill,300.0,210.0,512.0,432.0,8192.0,6912.0,MIR-44CC0-77FF1-512,0,227,0,227,0,403.2,477.8667,0.0,477.8666,0.0,0.0,477.8666,MIR-44CC0-77FF1-512,0,script,-1,complete,Not capability,0% <= x < 16.7%,0% <= x < 16.7%,0,0,0,1,1,1,0,0,0,0,0,0,0,1,0,0,0.0,0
584514.mira,584514,mira,2015-09-02 05:15:10,20150902,2015-09-02 05:16:56,20150902,2015-09-02 05:21:06,20150902,34871601655553,97534845395728,backfill,300.0,250.0,512.0,432.0,8192.0,6912.0,MIR-44080-773B1-512,0,106,0,106,0,481.92,571.1644,0.0,568.8888,0.0,0.0,568.8888,MIR-44080-773B1-512,0,script,-1,complete,Not capability,0% <= x < 16.7%,0% <= x < 16.7%,0,0,0,1,1,1,0,0,0,0,0,0,0,1,0,0,0.0,0
584512.mira,584512,mira,2015-09-02 05:15:06,20150902,2015-09-02 05:17:55,20150902,2015-09-02 05:21:32,20150902,34871601655553,97534845395728,backfill,300.0,217.0,512.0,432.0,8192.0,6912.0,MIR-44CC0-77FF1-512,0,169,0,169,0,416.64,493.7956,0.0,493.7955,0.0,0.0,493.7955,MIR-44CC0-77FF1-512,0,script,-1,complete,Not capability,0% <= x < 16.7%,0% <= x < 16.7%,0,0,0,1,1,1,0,0,0,0,0,0,0,1,0,0,0.0,0
584513.mira,584513,mira,2015-09-02 05:15:08,20150902,2015-09-02 05:18:25,20150902,2015-09-02 05:22:17,20150902,34871601655553,97534845395728,backfill,300.0,232.0,512.0,432.0,8192.0,6912.0,MIR-44C40-77F71-512,0,197,0,197,0,443.52,525.6533,0.0,527.9288,0.0,0.0,527.9288,MIR-44C40-77F71-512,0,script,-1,complete,Not capability,0% <= x < 16.7%,0% <= x < 16.7%,0,0,0,1,1,1,0,0,0,0,0,0,0,1,0,0,0.0,0
584524.mira,584524,mira,2015-09-02 05:20:18,20150902,2015-09-02 05:21:45,20150902,2015-09-02 05:24:32,20150902,34871601655553,97534845395728,backfill,300.0,167.0,512.0,432.0,8192.0,6912.0,MIR-44480-777B1-512,0,87,0,87,0,318.72,377.7422,0.0,380.0177,0.0,0.0,380.0177,MIR-44480-777B1-512,0,script,-1,complete,Not capability,0% <= x < 16.7%,0% <= x < 16.7%,0,0,0,1,1,1,0,0,0,0,0,0,0,1,0,0,0.0,0
584521.mira,584521,mira,2015-09-02 05:20:13,20150902,2015-09-02 05:22:16,20150902,2015-09-02 05:26:14,20150902,34871601655553,97534845395728,backfill,300.0,238.0,512.0,432.0,8192.0,6912.0,MIR-44CC0-77FF1-512,0,124,0,124,0,456.96,541.5822,0.0,541.5822,0.0,0.0,541.5822,MIR-44CC0-77FF1-512,0,script,-1,complete,Not capability,0% <= x < 16.7%,0% <= x < 16.7%,0,0,0,1,1,1,0,0,0,0,0,0,0,1,0,0,0.0,0
584522.mira,584522,mira,2015-09-02 05:20:16,20150902,2015-09-02 05:23:11,20150902,2015-09-02 05:28:10,20150902,34871601655553,97534845395728,backfill,300.0,299.0,512.0,432.0,8192.0,6912.0,MIR-44C40-77F71-512,0,175,0,175,0,574.08,680.3911,0.0,680.3911,0.0,0.0,680.3911,MIR-44C40-77F71-512,0,script,-1,complete,Not capability,0% <= x < 16.7%,0% <= x < 16.7%,0,0,0,1,1,1,0,0,0,0,0,0,0,1,0,0,0.0,0
584462.mira,584462,mira,2015-09-02 04:54:20,20150902,2015-09-02 05:25:29,20150902,2015-09-02 05:29:46,20150902,34871601655553,97534845395728,backfill,300.0,257.0,512.0,432.0,8192.0,6912.0,MIR-44400-77731-512,0,1870,6,1870,6,493.44,584.8178,0.0,584.8177,0.0,0.0,584.8177,MIR-44400-77731-512,0,script,-1,complete,Not capability,0% <= x < 16.7%,0% <= x < 16.7%,0,0,0,1,1,1,0,0,0,0,0,0,0,1,0,0,0.0,0
584533.mira,584533,mira,2015-09-02 05:25:33,20150902,2015-09-02 05:27:11,20150902,2015-09-02 05:31:51,20150902,34871601655553,97534845395728,backfill,300.0,280.0,512.0,432.0,8192.0,6912.0,MIR-44CC0-77FF1-512,0,97,0,97,0,537.6,637.1556,0.0,637.1555,0.0,0.0,637.1555,MIR-44CC0-77FF1-512,0,script,-1,complete,Not capability,0% <= x < 16.7%,0% <= x < 16.7%,0,0,0,1,1,1,0,0,0,0,0,0,0,1,0,0,0.0,0
584532.mira,584532,mira,2015-09-02 05:25:31,20150902,2015-09-02 05:28:39,20150902,2015-09-02 05:32:40,20150902,34871601655553,97534845395728,backfill,300.0,241.0,512.0,432.0,8192.0,6912.0,MIR-44C40-77F71-512,0,188,0,188,0,460.8,546.1333,0.0,548.4088,0.0,0.0,548.4088,MIR-44C40-77F71-512,0,script,-1,complete,Not capability,0% <= x < 16.7%,0% <= x < 16.7%,0,0,0,1,1,1,0,0,0,0,0,0,0,1,0,0,0.0,0
584531.mira,584531,mira,2015-09-02 05:25:30,20150902,2015-09-02 05:30:30,20150902,2015-09-02 05:34:38,20150902,34871601655553,97534845395728,backfill,300.0,248.0,512.0,432.0,8192.0,6912.0,MIR-44080-773B1-512,0,301,1,301,1,476.16,564.3378,0.0,564.3377,0.0,0.0,564.3377,MIR-44080-773B1-512,0,script,-1,complete,Not capability,0% <= x < 16.7%,0% <= x < 16.7%,0,0,0,1,1,1,0,0,0,0,0,0,0,1,0,0,0.0,0
584538.mira,584538,mira,2015-09-02 05:30:38,20150902,2015-09-02 05:32:49,20150902,2015-09-02 05:35:36,20150902,34871601655553,97534845395728,backfill,300.0,167.0,512.0,432.0,8192.0,6912.0,MIR-44CC0-77FF1-512,0,131,0,131,0,320.64,380.0178,0.0,380.0177,0.0,0.0,380.0177,MIR-44CC0-77FF1-512,0,script,-1,complete,Not capability,0% <= x < 16.7%,0% <= x < 16.7%,0,0,0,1,1,1,0,0,0,0,0,0,0,1,0,0,0.0,0
584537.mira,584537,mira,2015-09-02 05:30:36,20150902,2015-09-02 05:33:44,20150902,2015-09-02 05:37:26,20150902,34871601655553,97534845395728,backfill,300.0,222.0,512.0,432.0,8192.0,6912.0,MIR-44C40-77F71-512,0,189,0,189,0,426.24,505.1733,0.0,505.1733,0.0,0.0,505.1733,MIR-44C40-77F71-512,0,script,-1,complete,Not capability,0% <= x < 16.7%,0% <= x < 16.7%,0,0,0,1,1,1,0,0,0,0,0,0,0,1,0,0,0.0,0
584539.mira,584539,mira,2015-09-02 05:30:39,20150902,2015-09-02 05:35:36,20150902,2015-09-02 05:38:49,20150902,34871601655553,97534845395728,backfill,300.0,193.0,512.0,432.0,8192.0,6912.0,MIR-44440-77771-512,0,297,0,297,0,370.56,439.1822,0.0,439.1822,0.0,0.0,439.1822,MIR-44440-77771-512,0,script,-1,complete,Not capability,0% <= x < 16.7%,0% <= x < 16.7%,0,0,0,1,1,1,0,0,0,0,0,0,0,1,0,0,0.0,0
584547.mira,584547,mira,2015-09-02 05:35:43,20150902,2015-09-02 05:36:37,20150902,2015-09-02 05:40:34,20150902,34871601655553,97534845395728,backfill,300.0,237.0,512.0,432.0,8192.0,6912.0,MIR-44CC0-77FF1-512,0,53,0,53,0,456.96,541.5822,0.0,539.3066,0.0,0.0,539.3066,MIR-44CC0-77FF1-512,0,script,-1,complete,Not capability,0% <= x < 16.7%,0% <= x < 16.7%,0,0,0,1,1,1,0,0,0,0,0,0,0,1,0,0,0.0,0
584549.mira,584549,mira,2015-09-02 05:35:47,20150902,2015-09-02 05:38:30,20150902,2015-09-02 05:42:07,20150902,34871601655553,97534845395728,backfill,300.0,217.0,512.0,432.0,8192.0,6912.0,MIR-44C00-77F31-512,0,163,0,163,0,418.56,496.0711,0.0,493.7955,0.0,0.0,493.7955,MIR-44C00-77F31-512,0,script,-1,complete,Not capability,0% <= x < 16.7%,0% <= x < 16.7%,0,0,0,1,1,1,0,0,0,0,0,0,0,1,0,0,0.0,0
584546.mira,584546,mira,2015-09-02 05:35:41,20150902,2015-09-02 05:39:52,20150902,2015-09-02 05:43:41,20150902,34871601655553,97534845395728,backfill,300.0,229.0,512.0,432.0,8192.0,6912.0,MIR-44080-773B1-512,0,250,0,250,0,441.6,523.3778,0.0,521.1022,0.0,0.0,521.1022,MIR-44080-773B1-512,0,script,-1,complete,Not capability,0% <= x < 16.7%,0% <= x < 16.7%,0,0,0,1,1,1,0,0,0,0,0,0,0,1,0,0,0.0,0
584548.mira,584548,mira,2015-09-02 05:35:45,20150902,2015-09-02 05:40:41,20150902,2015-09-02 05:43:53,20150902,34871601655553,97534845395728,backfill,300.0,192.0,512.0,432.0,8192.0,6912.0,MIR-44CC0-77FF1-512,0,296,0,296,0,370.56,439.1822,0.0,436.9066,0.0,0.0,436.9066,MIR-44CC0-77FF1-512,0,script,-1,complete,Not capability,0% <= x < 16.7%,0% <= x < 16.7%,0,0,0,1,1,1,0,0,0,0,0,0,0,1,0,0,0.0,0
584553.mira,584553,mira,2015-09-02 05:40:49,20150902,2015-09-02 05:42:49,20150902,2015-09-02 05:46:39,20150902,34871601655553,97534845395728,backfill,300.0,230.0,512.0,432.0,8192.0,6912.0,MIR-44C00-77F31-512,0,121,0,121,0,441.6,523.3778,0.0,523.3777,0.0,0.0,523.3777,MIR-44C00-77F31-512,0,script,-1,complete,Not capability,0% <= x < 16.7%,0% <= x < 16.7%,0,0,0,1,1,1,0,0,0,0,0,0,0,1,0,0,0.0,0
584555.mira,584555,mira,2015-09-02 05:40:52,20150902,2015-09-02 05:44:46,20150902,2015-09-02 05:47:27,20150902,34871601655553,97534845395728,backfill,300.0,161.0,512.0,432.0,8192.0,6912.0,MIR-44040-77371-512,0,233,0,233,0,311.04,368.64,0.0,366.3644,0.0,0.0,366.3644,MIR-44040-77371-512,0,script,-1,complete,Not capability,0% <= x < 16.7%,0% <= x < 16.7%,0,0,0,1,1,1,0,0,0,0,0,0,0,1,0,0,0.0,0
584554.mira,584554,mira,2015-09-02 05:40:51,20150902,2015-09-02 05:45:16,20150902,2015-09-02 05:48:40,20150902,34871601655553,97534845395728,backfill,300.0,204.0,512.0,432.0,8192.0,6912.0,MIR-44CC0-77FF1-512,0,265,0,265,0,393.6,466.4889,0.0,464.2133,0.0,0.0,464.2133,MIR-44CC0-77FF1-512,0,script,-1,complete,Not capability,0% <= x < 16.7%,0% <= x < 16.7%,0,0,0,1,1,1,0,0,0,0,0,0,0,1,0,0,0.0,0
584564.mira,584564,mira,2015-09-02 05:45:58,20150902,2015-09-02 05:47:35,20150902,2015-09-02 05:50:49,20150902,34871601655553,97534845395728,backfill,300.0,194.0,512.0,432.0,8192.0,6912.0,MIR-44C00-77F31-512,0,96,0,96,0,372.48,441.4578,0.0,441.4577,0.0,0.0,441.4577,MIR-44C00-77F31-512,0,script,-1,complete,Not capability,0% <= x < 16.7%,0% <= x < 16.7%,0,0,0,1,1,1,0,0,0,0,0,0,0,1,0,0,0.0,0
584565.mira,584565,mira,2015-09-02 05:46:01,20150902,2015-09-02 05:48:30,20150902,2015-09-02 05:51:02,20150902,34871601655553,97534845395728,backfill,300.0,152.0,512.0,432.0,8192.0,6912.0,MIR-44000-77331-512,0,149,0,149,0,289.92,343.6089,0.0,345.8844,0.0,0.0,345.8844,MIR-44000-77331-512,0,script,-1,complete,Not capability,0% <= x < 16.7%,0% <= x < 16.7%,0,0,0,1,1,1,0,0,0,0,0,0,0,1,0,0,0.0,0
584563.mira,584563,mira,2015-09-02 05:45:55,20150902,2015-09-02 05:49:54,20150902,2015-09-02 05:52:25,20150902,34871601655553,97534845395728,backfill,300.0,151.0,512.0,432.0,8192.0,6912.0,MIR-44CC0-77FF1-512,0,240,0,240,0,288.0,341.3333,0.0,343.6088,0.0,0.0,343.6088,MIR-44CC0-77FF1-512,0,script,-1,complete,Not capability,0% <= x < 16.7%,0% <= x < 16.7%,0,0,0,1,1,1,0,0,0,0,0,0,0,1,0,0,0.0,0
584575.mira,584575,mira,2015-09-02 05:51:14,20150902,2015-09-02 05:51:44,20150902,2015-09-02 05:54:42,20150902,34871601655553,97534845395728,backfill,300.0,178.0,512.0,432.0,8192.0,6912.0,MIR-44C00-77F31-512,0,29,0,29,0,343.68,407.3244,0.0,405.0488,0.0,0.0,405.0488,MIR-44C00-77F31-512,0,script,-1,complete,Not capability,0% <= x < 16.7%,0% <= x < 16.7%,0,0,0,1,1,1,0,0,0,0,0,0,0,1,0,0,0.0,0
584572.mira,584572,mira,2015-09-02 05:51:09,20150902,2015-09-02 05:52:15,20150902,2015-09-02 05:54:57,20150902,34871601655553,97534845395728,backfill,300.0,162.0,512.0,432.0,8192.0,6912.0,MIR-44000-77331-512,0,66,0,66,0,312.96,370.9156,0.0,368.64,0.0,0.0,368.64,MIR-44000-77331-512,0,script,-1,complete,Not capability,0% <= x < 16.7%,0% <= x < 16.7%,0,0,0,1,1,1,0,0,0,0,0,0,0,1,0,0,0.0,0
584571.mira,584571,mira,2015-09-02 05:51:07,20150902,2015-09-02 05:53:45,20150902,2015-09-02 05:57:47,20150902,34871601655553,97534845395728,backfill,300.0,242.0,512.0,432.0,8192.0,6912.0,MIR-44CC0-77FF1-512,0,158,0,158,0,466.56,552.96,0.0,550.6844,0.0,0.0,550.6844,MIR-44CC0-77FF1-512,0,script,-1,complete,Not capability,0% <= x < 16.7%,0% <= x < 16.7%,0,0,0,1,1,1,0,0,0,0,0,0,0,1,0,0,0.0,0
584574.mira,584574,mira,2015-09-02 05:51:12,20150902,2015-09-02 05:55:39,20150902,2015-09-02 05:58:31,20150902,34871601655553,97534845395728,backfill,300.0,172.0,512.0,432.0,8192.0,6912.0,MIR-44C40-77F71-512,0,266,0,266,0,332.16,393.6711,0.0,391.3955,0.0,0.0,391.3955,MIR-44C40-77F71-512,0,script,-1,complete,Not capability,0% <= x < 16.7%,0% <= x < 16.7%,0,0,0,1,1,1,0,0,0,0,0,0,0,1,0,0,0.0,0
567151.mira,567151,mira,2015-08-22 21:04:15,20150822,2015-09-02 05:56:05,20150902,2015-09-02 13:41:01,20150902,97119758043959,98400208166986,prod-long,43200.0,27896.0,2048.0,2048.0,32768.0,32768.0,MIR-00000-333F1-2048,0,780436,18,895909,20,253915.5911,253915.5911,0.0,253915.5911,0.0,0.0,253915.5911,MIR-00000-333F1-2048,0,c2,-1,complete,Not capability,0% <= x < 16.7%,0% <= x < 16.7%,0,0,0,1,1,1,0,0,0,0,0,0,0,1,0,0,0.0,0
583945.mira,583945,mira,2015-09-01 20:01:59,20150901,2015-09-02 05:56:34,20150902,2015-09-02 05:58:31,20150902,65494466463799,32787699174502,prod-short,10800.0,117.0,512.0,512.0,8192.0,8192.0,MIR-04CC0-37FF1-512,1,35674,3,35674,3,266.24,266.24,0.0,266.24,0.0,0.0,266.24,MIR-04CC0-37FF1-512,1,c1,-1,complete,Not capability,0% <= x < 16.7%,0% <= x < 16.7%,0,0,0,1,1,1,0,0,0,0,0,0,0,1,0,0,0.0,0
584582.mira,584582,mira,2015-09-02 05:56:19,20150902,2015-09-02 05:57:03,20150902,2015-09-02 05:59:48,20150902,34871601655553,97534845395728,backfill,300.0,165.0,512.0,432.0,8192.0,6912.0,MIR-44400-77731-512,0,45,0,45,0,314.88,373.1911,0.0,375.4666,0.0,0.0,375.4666,MIR-44400-77731-512,0,script,-1,complete,Not capability,0% <= x < 16.7%,0% <= x < 16.7%,0,0,0,1,1,1,0,0,0,0,0,0,0,1,0,0,0.0,0
584581.mira,584581,mira,2015-09-02 05:56:17,20150902,2015-09-02 05:57:35,20150902,2015-09-02 06:00:23,20150902,34871601655553,97534845395728,backfill,300.0,168.0,512.0,432.0,8192.0,6912.0,MIR-48880-7BBB1-512,0,79,0,79,0,322.56,382.2933,0.0,382.2933,0.0,0.0,382.2933,MIR-48880-7BBB1-512,0,script,-1,complete,Not capability,0% <= x < 16.7%,0% <= x < 16.7%,0,0,0,1,1,1,0,0,0,0,0,0,0,1,0,0,0.0,0
584584.mira,584584,mira,2015-09-02 05:56:32,20150902,2015-09-02 05:58:34,20150902,2015-09-02 06:02:23,20150902,34871601655553,97534845395728,backfill,300.0,229.0,512.0,432.0,8192.0,6912.0,MIR-44CC0-77FF1-512,0,122,0,122,0,439.68,521.1022,0.0,521.1022,0.0,0.0,521.1022,MIR-44CC0-77FF1-512,0,script,-1,complete,Not capability,0% <= x < 16.7%,0% <= x < 16.7%,0,0,0,1,1,1,0,0,0,0,0,0,0,1,0,0,0.0,0
583947.mira,583947,mira,2015-09-01 20:02:13,20150901,2015-09-02 05:59:03,20150902,2015-09-02 06:01:02,20150902,65494466463799,32787699174502,prod-short,10800.0,119.0,512.0,512.0,8192.0,8192.0,MIR-04CC0-37FF1-512,1,35809,3,35809,3,273.0667,273.0667,0.0,270.7911,0.0,0.0,270.7911,MIR-04CC0-37FF1-512,1,c1,-1,complete,Not capability,0% <= x < 16.7%,0% <= x < 16.7%,0,0,0,1,1,1,0,0,0,0,0,0,0,1,0,0,0.0,0
584573.mira,584573,mira,2015-09-02 05:51:10,20150902,2015-09-02 05:59:26,20150902,2015-09-02 06:03:49,20150902,34871601655553,97534845395728,backfill,300.0,263.0,512.0,432.0,8192.0,6912.0,MIR-44C00-77F31-512,0,495,1,495,1,504.96,598.4711,0.0,598.4711,0.0,0.0,598.4711,MIR-44C00-77F31-512,0,script,-1,complete,Not capability,0% <= x < 16.7%,0% <= x < 16.7%,0,0,0,1,1,1,0,0,0,0,0,0,0,1,0,0,0.0,0
584529.mira,584529,mira,2015-09-02 05:25:21,20150902,2015-09-02 05:59:57,20150902,2015-09-02 06:03:20,20150902,34871601655553,97534845395728,backfill,300.0,203.0,512.0,432.0,8192.0,6912.0,MIR-444C0-777F1-512,0,2077,6,2077,6,389.76,461.9378,0.0,461.9377,0.0,0.0,461.9377,MIR-444C0-777F1-512,0,script,-1,complete,Not capability,0% <= x < 16.7%,0% <= x < 16.7%,0,0,0,1,1,1,0,0,0,0,0,0,0,1,0,0,0.0,0
584421.mira,584421,mira,2015-09-02 04:38:37,20150902,2015-09-02 06:01:11,20150902,2015-09-02 06:05:40,20150902,34871601655553,97534845395728,backfill,300.0,269.0,512.0,432.0,8192.0,6912.0,MIR-488C0-7BBF1-512,0,4955,16,4955,16,516.48,612.1244,0.0,612.1244,0.0,0.0,612.1244,MIR-488C0-7BBF1-512,0,script,-1,complete,Not capability,0% <= x < 16.7%,0% <= x < 16.7%,0,0,0,1,1,1,0,0,0,0,0,0,0,1,0,0,0.0,0
583948.mira,583948,mira,2015-09-01 20:02:30,20150901,2015-09-02 06:02:12,20150902,2015-09-02 06:03:48,20150902,65494466463799,32787699174502,prod-short,10800.0,96.0,512.0,512.0,8192.0,8192.0,MIR-04CC0-37FF1-512,1,35982,3,35982,3,220.7289,220.7289,0.0,218.4533,0.0,0.0,218.4533,MIR-04CC0-37FF1-512,1,c1,-1,complete,Not capability,0% <= x < 16.7%,0% <= x < 16.7%,0,0,0,1,1,1,0,0,0,0,0,0,0,1,0,0,0.0,0
584595.mira,584595,mira,2015-09-02 06:01:41,20150902,2015-09-02 06:03:36,20150902,2015-09-02 06:06:48,20150902,34871601655553,97534845395728,backfill,300.0,192.0,512.0,432.0,8192.0,6912.0,MIR-44CC0-77FF1-512,0,114,0,114,0,368.64,436.9067,0.0,436.9066,0.0,0.0,436.9066,MIR-44CC0-77FF1-512,0,script,-1,complete,Not capability,0% <= x < 16.7%,0% <= x < 16.7%,0,0,0,1,1,1,0,0,0,0,0,0,0,1,0,0,0.0,0
584594.mira,584594,mira,2015-09-02 06:01:40,20150902,2015-09-02 06:04:04,20150902,2015-09-02 06:07:45,20150902,34871601655553,97534845395728,backfill,300.0,221.0,512.0,432.0,8192.0,6912.0,MIR-440C0-773F1-512,0,145,0,145,0,424.32,502.8978,0.0,502.8977,0.0,0.0,502.8977,MIR-440C0-773F1-512,0,script,-1,complete,Not capability,0% <= x < 16.7%,0% <= x < 16.7%,0,0,0,1,1,1,0,0,0,0,0,0,0,1,0,0,0.0,0
583949.mira,583949,mira,2015-09-01 20:02:50,20150901,2015-09-02 06:04:34,20150902,2015-09-02 06:06:34,20150902,65494466463799,32787699174502,prod-short,10800.0,120.0,512.0,512.0,8192.0,8192.0,MIR-04CC0-37FF1-512,1,36104,3,36104,3,275.3422,275.3422,0.0,273.0666,0.0,0.0,273.0666,MIR-04CC0-37FF1-512,1,c1,-1,complete,Not capability,0% <= x < 16.7%,0% <= x < 16.7%,0,0,0,1,1,1,0,0,0,0,0,0,0,1,0,0,0.0,0
584592.mira,584592,mira,2015-09-02 06:01:36,20150902,2015-09-02 06:05:01,20150902,2015-09-02 06:08:51,20150902,34871601655553,97534845395728,backfill,300.0,230.0,512.0,432.0,8192.0,6912.0,MIR-44C40-77F71-512,0,205,0,205,0,443.52,525.6533,0.0,523.3777,0.0,0.0,523.3777,MIR-44C40-77F71-512,0,script,-1,complete,Not capability,0% <= x < 16.7%,0% <= x < 16.7%,0,0,0,1,1,1,0,0,0,0,0,0,0,1,0,0,0.0,0
584593.mira,584593,mira,2015-09-02 06:01:38,20150902,2015-09-02 06:06:22,20150902,2015-09-02 06:09:04,20150902,34871601655553,97534845395728,backfill,300.0,162.0,512.0,432.0,8192.0,6912.0,MIR-488C0-7BBF1-512,0,284,0,284,0,311.04,368.64,0.0,368.64,0.0,0.0,368.64,MIR-488C0-7BBF1-512,0,script,-1,complete,Not capability,0% <= x < 16.7%,0% <= x < 16.7%,0,0,0,1,1,1,0,0,0,0,0,0,0,1,0,0,0.0,0
583950.mira,583950,mira,2015-09-01 20:02:57,20150901,2015-09-02 06:07:15,20150902,2015-09-02 07:14:54,20150902,65494466463799,32787699174502,prod-short,10800.0,4059.0,512.0,512.0,8192.0,8192.0,MIR-04CC0-37FF1-512,0,36257,3,36257,3,9238.7556,9238.7556,0.0,9236.48,0.0,0.0,9236.48,MIR-04CC0-37FF1-512,0,c1,-1,complete,Not capability,0% <= x < 16.7%,0% <= x < 16.7%,0,0,0,1,1,1,0,0,0,0,0,0,0,1,0,0,0.0,0
584615.mira,584615,mira,2015-09-02 06:06:56,20150902,2015-09-02 06:07:43,20150902,2015-09-02 06:10:20,20150902,34871601655553,97534845395728,backfill,300.0,157.0,512.0,432.0,8192.0,6912.0,MIR-44CC0-77FF1-512,0,48,0,48,0,301.44,357.2622,0.0,357.2622,0.0,0.0,357.2622,MIR-44CC0-77FF1-512,0,script,-1,complete,Not capability,0% <= x < 16.7%,0% <= x < 16.7%,0,0,0,1,1,1,0,0,0,0,0,0,0,1,0,0,0.0,0
584613.mira,584613,mira,2015-09-02 06:06:52,20150902,2015-09-02 06:08:51,20150902,2015-09-02 06:11:59,20150902,34871601655553,97534845395728,backfill,300.0,188.0,512.0,432.0,8192.0,6912.0,MIR-44400-77731-512,0,118,0,118,0,362.88,430.08,0.0,427.8044,0.0,0.0,427.8044,MIR-44400-77731-512,0,script,-1,complete,Not capability,0% <= x < 16.7%,0% <= x < 16.7%,0,0,0,1,1,1,0,0,0,0,0,0,0,1,0,0,0.0,0
584614.mira,584614,mira,2015-09-02 06:06:54,20150902,2015-09-02 06:09:49,20150902,2015-09-02 06:12:40,20150902,34871601655553,97534845395728,backfill,300.0,171.0,512.0,432.0,8192.0,6912.0,MIR-44C00-77F31-512,0,175,0,175,0,328.32,389.12,0.0,389.12,0.0,0.0,389.12,MIR-44C00-77F31-512,0,script,-1,complete,Not capability,0% <= x < 16.7%,0% <= x < 16.7%,0,0,0,1,1,1,0,0,0,0,0,0,0,1,0,0,0.0,0
584616.mira,584616,mira,2015-09-02 06:06:57,20150902,2015-09-02 06:10:19,20150902,2015-09-02 06:14:38,20150902,34871601655553,97534845395728,backfill,300.0,259.0,512.0,432.0,8192.0,6912.0,MIR-48C40-7BF71-512,0,202,0,202,0,495.36,587.0933,0.0,589.3688,0.0,0.0,589.3688,MIR-48C40-7BF71-512,0,script,-1,complete,Not capability,0% <= x < 16.7%,0% <= x < 16.7%,0,0,0,1,1,1,0,0,0,0,0,0,0,1,0,0,0.0,0
584612.mira,584612,mira,2015-09-02 06:06:51,20150902,2015-09-02 06:11:16,20150902,2015-09-02 06:14:25,20150902,34871601655553,97534845395728,backfill,300.0,189.0,512.0,432.0,8192.0,6912.0,MIR-44CC0-77FF1-512,0,266,0,266,0,362.88,430.08,0.0,430.08,0.0,0.0,430.08,MIR-44CC0-77FF1-512,0,script,-1,complete,Not capability,0% <= x < 16.7%,0% <= x < 16.7%,0,0,0,1,1,1,0,0,0,0,0,0,0,1,0,0,0.0,0
584625.mira,584625,mira,2015-09-02 06:12:15,20150902,2015-09-02 06:12:39,20150902,2015-09-02 06:16:18,20150902,34871601655553,97534845395728,backfill,300.0,219.0,512.0,432.0,8192.0,6912.0,MIR-44000-77331-512,0,24,0,24,0,422.4,500.6222,0.0,498.3466,0.0,0.0,498.3466,MIR-44000-77331-512,0,script,-1,complete,Not capability,0% <= x < 16.7%,0% <= x < 16.7%,0,0,0,1,1,1,0,0,0,0,0,0,0,1,0,0,0.0,0
584624.mira,584624,mira,2015-09-02 06:12:13,20150902,2015-09-02 06:15:18,20150902,2015-09-02 06:18:17,20150902,34871601655553,97534845395728,backfill,300.0,179.0,512.0,432.0,8192.0,6912.0,MIR-44C40-77F71-512,0,186,0,186,0,343.68,407.3244,0.0,407.3244,0.0,0.0,407.3244,MIR-44C40-77F71-512,0,script,-1,complete,Not capability,0% <= x < 16.7%,0% <= x < 16.7%,0,0,0,1,1,1,0,0,0,0,0,0,0,1,0,0,0.0,0
584626.mira,584626,mira,2015-09-02 06:12:16,20150902,2015-09-02 06:15:48,20150902,2015-09-02 06:18:52,20150902,34871601655553,97534845395728,backfill,300.0,184.0,512.0,432.0,8192.0,6912.0,MIR-48C80-7BFB1-512,0,212,0,212,0,353.28,418.7022,0.0,418.7022,0.0,0.0,418.7022,MIR-48C80-7BFB1-512,0,script,-1,complete,Not capability,0% <= x < 16.7%,0% <= x < 16.7%,0,0,0,1,1,1,0,0,0,0,0,0,0,1,0,0,0.0,0
584622.mira,584622,mira,2015-09-02 06:12:01,20150902,2015-09-02 06:17:06,20150902,2015-09-02 06:20:41,20150902,34871601655553,97534845395728,backfill,300.0,215.0,512.0,432.0,8192.0,6912.0,MIR-44480-777B1-512,0,305,1,305,1,412.8,489.2444,0.0,489.2444,0.0,0.0,489.2444,MIR-44480-777B1-512,0,script,-1,complete,Not capability,0% <= x < 16.7%,0% <= x < 16.7%,0,0,0,1,1,1,0,0,0,0,0,0,0,1,0,0,0.0,0
565459.mira,565459,mira,2015-08-20 20:08:58,20150820,2015-09-02 06:22:58,20150902,2015-09-02 14:57:52,20150902,97119758043959,98400208166986,prod-long,43200.0,30894.0,2048.0,2048.0,32768.0,32768.0,MIR-40C00-73FF1-2048,0,180059,4,1073641,24,281194.9511,281194.9511,0.0,281204.0533,0.0,0.0,281204.0533,MIR-40C00-73FF1-2048,0,c2,-1,complete,Not capability,0% <= x < 16.7%,0% <= x < 16.7%,0,0,0,1,1,1,0,0,0,0,0,0,0,1,0,0,0.0,0
557798.mira,557798,mira,2015-08-17 08:07:39,20150817,2015-09-02 06:23:24,20150902,2015-09-02 20:52:24,20150902,84923566498292,70130040342980,prod-capability,86400.0,52140.0,16384.0,16384.0,262144.0,262144.0,MIR-44000-7BFF1-16384,0,1367384,15,1376145,15,3796718.9333,3796718.9333,3796718.9333,0.0,3796718.9333,0.0,0.0,MIR-44000-7BFF1-16384,0,script,-1,complete,Capability,33.3% <= x <= 100%,33.3% <= x < 50.0%,0,8,0,0,8,0,1,0,0,0,0,0,1,0,0,0,3796718.9333,1
581618.mira,581618,mira,2015-08-31 04:29:32,20150831,2015-09-02 06:24:02,20150902,2015-09-02 06:27:28,20150902,29465017993685,27406265552810,prod-long,43200.0,206.0,2048.0,2048.0,32768.0,32768.0,MIR-40800-73BF1-2048,0,179670,4,179670,4,1884.16,1884.16,0.0,1875.0577,0.0,0.0,1875.0577,MIR-40800-73BF1-2048,0,script,-1,complete,Not capability,0% <= x < 16.7%,0% <= x < 16.7%,0,0,0,1,1,1,0,0,0,0,0,0,0,1,0,0,0.0,0
581619.mira,581619,mira,2015-08-31 04:30:37,20150831,2015-09-02 06:24:38,20150902,2015-09-02 17:32:36,20150902,29465017993685,27406265552810,prod-long,43200.0,40078.0,2048.0,2048.0,32768.0,32768.0,MIR-40000-733F1-2048,0,179641,4,179641,4,364798.8622,364798.8622,0.0,364798.8622,0.0,0.0,364798.8622,MIR-40000-733F1-2048,0,script,-1,complete,Not capability,0% <= x < 16.7%,0% <= x < 16.7%,0,0,0,1,1,1,0,0,0,0,0,0,0,1,0,0,0.0,0
576825.mira,576825,mira,2015-08-28 19:22:06,20150828,2015-09-02 06:25:21,20150902,2015-09-02 17:45:08,20150902,91248026253305,73443375049831,prod-long,43200.0,40787.0,2048.0,2048.0,32768.0,32768.0,MIR-40400-737F1-2048,0,170792,3,385395,8,371261.44,371261.44,0.0,371252.3377,0.0,0.0,371252.3377,MIR-40400-737F1-2048,0,c4,-1,complete,Not capability,0% <= x < 16.7%,0% <= x < 16.7%,0,0,0,1,1,1,0,0,0,0,0,0,0,1,0,0,0.0,0
584645.mira,584645,mira,2015-09-02 06:22:39,20150902,2015-09-02 06:27:31,20150902,2015-09-02 06:32:09,20150902,34871601655553,97534845395728,backfill,300.0,278.0,512.0,432.0,8192.0,6912.0,MIR-04840-37B71-512,0,292,0,292,0,533.76,632.6044,0.0,632.6044,0.0,0.0,632.6044,MIR-04840-37B71-512,0,script,-1,complete,Not capability,0% <= x < 16.7%,0% <= x < 16.7%,0,0,0,1,1,1,0,0,0,0,0,0,0,1,0,0,0.0,0
584116.mira,584116,mira,2015-09-02 00:25:11,20150902,2015-09-02 06:28:29,20150902,2015-09-02 12:03:49,20150902,22495244966119,55265355648130,prod-short,21600.0,20120.0,2048.0,2048.0,32768.0,32768.0,MIR-40800-73BF1-2048,0,9469,0,21798,1,183145.8133,183145.8133,0.0,183136.7111,0.0,0.0,183136.7111,MIR-40800-73BF1-2048,0,c16,-1,complete,Not capability,0% <= x < 16.7%,0% <= x < 16.7%,0,0,0,1,1,1,0,0,0,0,0,0,0,1,0,0,0.0,0
584646.mira,584646,mira,2015-09-02 06:22:41,20150902,2015-09-02 06:29:30,20150902,2015-09-02 06:34:02,20150902,34871601655553,97534845395728,backfill,300.0,272.0,512.0,432.0,8192.0,6912.0,MIR-04C40-37F71-512,0,410,1,410,1,520.32,616.6756,0.0,618.9511,0.0,0.0,618.9511,MIR-04C40-37F71-512,0,script,-1,complete,Not capability,0% <= x < 16.7%,0% <= x < 16.7%,0,0,0,1,1,1,0,0,0,0,0,0,0,1,0,0,0.0,0
584644.mira,584644,mira,2015-09-02 06:22:34,20150902,2015-09-02 06:32:52,20150902,2015-09-02 06:37:12,20150902,34871601655553,97534845395728,backfill,300.0,260.0,512.0,432.0,8192.0,6912.0,MIR-04840-37B71-512,0,618,2,618,2,497.28,589.3689,0.0,591.6444,0.0,0.0,591.6444,MIR-04840-37B71-512,0,script,-1,complete,Not capability,0% <= x < 16.7%,0% <= x < 16.7%,0,0,0,1,1,1,0,0,0,0,0,0,0,1,0,0,0.0,0
584662.mira,584662,mira,2015-09-02 06:32:46,20150902,2015-09-02 06:34:54,20150902,2015-09-02 06:39:05,20150902,34871601655553,97534845395728,backfill,300.0,251.0,512.0,432.0,8192.0,6912.0,MIR-04C40-37F71-512,0,128,0,128,0,481.92,571.1644,0.0,571.1644,0.0,0.0,571.1644,MIR-04C40-37F71-512,0,script,-1,complete,Not capability,0% <= x < 16.7%,0% <= x < 16.7%,0,0,0,1,1,1,0,0,0,0,0,0,0,1,0,0,0.0,0
584636.mira,584636,mira,2015-09-02 06:17:24,20150902,2015-09-02 06:38:04,20150902,2015-09-02 06:42:22,20150902,34871601655553,97534845395728,backfill,300.0,258.0,512.0,432.0,8192.0,6912.0,MIR-04840-37B71-512,0,1241,4,1241,4,493.44,584.8178,0.0,587.0933,0.0,0.0,587.0933,MIR-04840-37B71-512,0,script,-1,complete,Not capability,0% <= x < 16.7%,0% <= x < 16.7%,0,0,0,1,1,1,0,0,0,0,0,0,0,1,0,0,0.0,0
583779.mira,583779,mira,2015-09-01 17:07:22,20150901,2015-09-02 06:39:59,20150902,2015-09-02 07:55:43,20150902,19538777423807,64663463907625,prod-short,7200.0,4544.0,512.0,512.0,8192.0,8192.0,MIR-04C00-37F31-512,0,7081,0,48758,6,10337.8489,10337.8489,0.0,10340.1244,0.0,0.0,10340.1244,MIR-04C00-37F31-512,0,c8,-1,complete,Not capability,0% <= x < 16.7%,0% <= x < 16.7%,0,0,0,1,1,1,0,0,0,0,0,0,0,1,0,0,0.0,0
584668.mira,584668,mira,2015-09-02 06:37:54,20150902,2015-09-02 06:40:27,20150902,2015-09-02 06:44:52,20150902,34871601655553,97534845395728,backfill,300.0,265.0,512.0,432.0,8192.0,6912.0,MIR-04C40-37F71-512,0,154,0,154,0,508.8,603.0222,0.0,603.0222,0.0,0.0,603.0222,MIR-04C40-37F71-512,0,script,-1,complete,Not capability,0% <= x < 16.7%,0% <= x < 16.7%,0,0,0,1,1,1,0,0,0,0,0,0,0,1,0,0,0.0,0
584675.mira,584675,mira,2015-09-02 06:42:59,20150902,2015-09-02 06:43:17,20150902,2015-09-02 06:47:50,20150902,34871601655553,97534845395728,backfill,300.0,273.0,512.0,432.0,8192.0,6912.0,MIR-04840-37B71-512,0,19,0,19,0,522.24,618.9511,0.0,621.2266,0.0,0.0,621.2266,MIR-04840-37B71-512,0,script,-1,complete,Not capability,0% <= x < 16.7%,0% <= x < 16.7%,0,0,0,1,1,1,0,0,0,0,0,0,0,1,0,0,0.0,0
583789.mira,583789,mira,2015-09-01 17:10:23,20150901,2015-09-02 06:45:08,20150902,2015-09-02 12:45:55,20150902,50394197576862,38970600412679,prod-capability,21600.0,21647.0,8192.0,8192.0,131072.0,131072.0,MIR-08000-3BFF1-8192,143,48884,2,48884,2,788143.2178,788143.2178,788143.2177,0.0,0.0,788143.2177,0.0,MIR-08000-3BFF1-8192,143,script,-1,complete,Capability,16.7% <= x < 33.3%,16.7% <= x < 33.3%,0,20,0,0,20,0,1,0,0,0,0,0,1,0,0,0,0.0,0
584674.mira,584674,mira,2015-09-02 06:42:56,20150902,2015-09-02 06:45:38,20150902,2015-09-02 06:50:20,20150902,34871601655553,97534845395728,backfill,300.0,282.0,512.0,432.0,8192.0,6912.0,MIR-04C40-37F71-512,0,163,0,163,0,539.52,639.4311,0.0,641.7066,0.0,0.0,641.7066,MIR-04C40-37F71-512,0,script,-1,complete,Not capability,0% <= x < 16.7%,0% <= x < 16.7%,0,0,0,1,1,1,0,0,0,0,0,0,0,1,0,0,0.0,0
584682.mira,584682,mira,2015-09-02 06:48:03,20150902,2015-09-02 06:48:34,20150902,2015-09-02 06:52:50,20150902,34871601655553,97534845395728,backfill,300.0,256.0,512.0,432.0,8192.0,6912.0,MIR-04840-37B71-512,0,31,0,31,0,493.44,584.8178,0.0,582.5422,0.0,0.0,582.5422,MIR-04840-37B71-512,0,script,-1,complete,Not capability,0% <= x < 16.7%,0% <= x < 16.7%,0,0,0,1,1,1,0,0,0,0,0,0,0,1,0,0,0.0,0
584681.mira,584681,mira,2015-09-02 06:48:01,20150902,2015-09-02 06:51:00,20150902,2015-09-02 06:55:31,20150902,34871601655553,97534845395728,backfill,300.0,271.0,512.0,432.0,8192.0,6912.0,MIR-04C40-37F71-512,0,180,0,180,0,520.32,616.6756,0.0,616.6755,0.0,0.0,616.6755,MIR-04C40-37F71-512,0,script,-1,complete,Not capability,0% <= x < 16.7%,0% <= x < 16.7%,0,0,0,1,1,1,0,0,0,0,0,0,0,1,0,0,0.0,0
584691.mira,584691,mira,2015-09-02 06:53:07,20150902,2015-09-02 06:53:53,20150902,2015-09-02 06:57:53,20150902,34871601655553,97534845395728,backfill,300.0,240.0,512.0,432.0,8192.0,6912.0,MIR-04840-37B71-512,0,47,0,47,0,460.8,546.1333,0.0,546.1333,0.0,0.0,546.1333,MIR-04840-37B71-512,0,script,-1,complete,Not capability,0% <= x < 16.7%,0% <= x < 16.7%,0,0,0,1,1,1,0,0,0,0,0,0,0,1,0,0,0.0,0
584690.mira,584690,mira,2015-09-02 06:53:05,20150902,2015-09-02 06:56:14,20150902,2015-09-02 07:00:13,20150902,34871601655553,97534845395728,backfill,300.0,239.0,512.0,432.0,8192.0,6912.0,MIR-04C40-37F71-512,0,189,0,189,0,458.88,543.8578,0.0,543.8577,0.0,0.0,543.8577,MIR-04C40-37F71-512,0,script,-1,complete,Not capability,0% <= x < 16.7%,0% <= x < 16.7%,0,0,0,1,1,1,0,0,0,0,0,0,0,1,0,0,0.0,0
584699.mira,584699,mira,2015-09-02 06:58:11,20150902,2015-09-02 06:58:34,20150902,2015-09-02 07:02:38,20150902,34871601655553,97534845395728,backfill,300.0,244.0,512.0,432.0,8192.0,6912.0,MIR-04840-37B71-512,0,23,0,23,0,470.4,557.5111,0.0,555.2355,0.0,0.0,555.2355,MIR-04840-37B71-512,0,script,-1,complete,Not capability,0% <= x < 16.7%,0% <= x < 16.7%,0,0,0,1,1,1,0,0,0,0,0,0,0,1,0,0,0.0,0
584698.mira,584698,mira,2015-09-02 06:58:09,20150902,2015-09-02 07:00:54,20150902,2015-09-02 07:05:04,20150902,34871601655553,97534845395728,backfill,300.0,250.0,512.0,432.0,8192.0,6912.0,MIR-04C40-37F71-512,0,165,0,165,0,480.0,568.8889,0.0,568.8888,0.0,0.0,568.8888,MIR-04C40-37F71-512,0,script,-1,complete,Not capability,0% <= x < 16.7%,0% <= x < 16.7%,0,0,0,1,1,1,0,0,0,0,0,0,0,1,0,0,0.0,0
584707.mira,584707,mira,2015-09-02 07:03:13,20150902,2015-09-02 07:03:55,20150902,2015-09-02 07:07:56,20150902,34871601655553,97534845395728,backfill,300.0,241.0,512.0,432.0,8192.0,6912.0,MIR-04840-37B71-512,0,42,0,42,0,462.72,548.4089,0.0,548.4088,0.0,0.0,548.4088,MIR-04840-37B71-512,0,script,-1,complete,Not capability,0% <= x < 16.7%,0% <= x < 16.7%,0,0,0,1,1,1,0,0,0,0,0,0,0,1,0,0,0.0,0
584708.mira,584708,mira,2015-09-02 07:03:15,20150902,2015-09-02 07:05:48,20150902,2015-09-02 07:09:59,20150902,34871601655553,97534845395728,backfill,300.0,251.0,512.0,432.0,8192.0,6912.0,MIR-04C40-37F71-512,0,153,0,153,0,481.92,571.1644,0.0,571.1644,0.0,0.0,571.1644,MIR-04C40-37F71-512,0,script,-1,complete,Not capability,0% <= x < 16.7%,0% <= x < 16.7%,0,0,0,1,1,1,0,0,0,0,0,0,0,1,0,0,0.0,0
584715.mira,584715,mira,2015-09-02 07:08:17,20150902,2015-09-02 07:08:41,20150902,2015-09-02 07:13:06,20150902,34871601655553,97534845395728,backfill,300.0,265.0,512.0,432.0,8192.0,6912.0,MIR-04840-37B71-512,0,25,0,25,0,508.8,603.0222,0.0,603.0222,0.0,0.0,603.0222,MIR-04840-37B71-512,0,script,-1,complete,Not capability,0% <= x < 16.7%,0% <= x < 16.7%,0,0,0,1,1,1,0,0,0,0,0,0,0,1,0,0,0.0,0
584716.mira,584716,mira,2015-09-02 07:08:19,20150902,2015-09-02 07:11:03,20150902,2015-09-02 07:15:52,20150902,34871601655553,97534845395728,backfill,300.0,289.0,512.0,432.0,8192.0,6912.0,MIR-04C40-37F71-512,0,163,0,163,0,554.88,657.6356,0.0,657.6355,0.0,0.0,657.6355,MIR-04C40-37F71-512,0,script,-1,complete,Not capability,0% <= x < 16.7%,0% <= x < 16.7%,0,0,0,1,1,1,0,0,0,0,0,0,0,1,0,0,0.0,0
584723.mira,584723,mira,2015-09-02 07:13:23,20150902,2015-09-02 07:13:45,20150902,2015-09-02 07:17:31,20150902,34871601655553,97534845395728,backfill,300.0,226.0,512.0,432.0,8192.0,6912.0,MIR-04840-37B71-512,0,21,0,21,0,435.84,516.5511,0.0,514.2755,0.0,0.0,514.2755,MIR-04840-37B71-512,0,script,-1,complete,Not capability,0% <= x < 16.7%,0% <= x < 16.7%,0,0,0,1,1,1,0,0,0,0,0,0,0,1,0,0,0.0,0
584722.mira,584722,mira,2015-09-02 07:13:22,20150902,2015-09-02 07:16:07,20150902,2015-09-02 07:20:10,20150902,34871601655553,97534845395728,backfill,300.0,243.0,512.0,432.0,8192.0,6912.0,MIR-04CC0-37FF1-512,0,166,0,166,0,466.56,552.96,0.0,552.96,0.0,0.0,552.96,MIR-04CC0-37FF1-512,0,script,-1,complete,Not capability,0% <= x < 16.7%,0% <= x < 16.7%,0,0,0,1,1,1,0,0,0,0,0,0,0,1,0,0,0.0,0
584667.mira,584667,mira,2015-09-02 06:37:48,20150902,2015-09-02 07:16:36,20150902,2015-09-02 07:21:14,20150902,34871601655553,97534845395728,backfill,300.0,278.0,512.0,432.0,8192.0,6912.0,MIR-04C40-37F71-512,0,2328,7,2328,7,533.76,632.6044,0.0,632.6044,0.0,0.0,632.6044,MIR-04C40-37F71-512,0,script,-1,complete,Not capability,0% <= x < 16.7%,0% <= x < 16.7%,0,0,0,1,1,1,0,0,0,0,0,0,0,1,0,0,0.0,0
584633.mira,584633,mira,2015-09-02 06:17:19,20150902,2015-09-02 07:18:28,20150902,2015-09-02 07:21:01,20150902,34871601655553,97534845395728,backfill,300.0,153.0,512.0,432.0,8192.0,6912.0,MIR-04840-37B71-512,0,3670,12,3670,12,291.84,345.8844,0.0,348.16,0.0,0.0,348.16,MIR-04840-37B71-512,0,script,-1,complete,Not capability,0% <= x < 16.7%,0% <= x < 16.7%,0,0,0,1,1,1,0,0,0,0,0,0,0,1,0,0,0.0,0
584729.mira,584729,mira,2015-09-02 07:18:30,20150902,2015-09-02 07:21:13,20150902,2015-09-02 07:24:48,20150902,34871601655553,97534845395728,backfill,300.0,215.0,512.0,432.0,8192.0,6912.0,MIR-04CC0-37FF1-512,0,162,0,162,0,412.8,489.2444,0.0,489.2444,0.0,0.0,489.2444,MIR-04CC0-37FF1-512,0,script,-1,complete,Not capability,0% <= x < 16.7%,0% <= x < 16.7%,0,0,0,1,1,1,0,0,0,0,0,0,0,1,0,0,0.0,0
584728.mira,584728,mira,2015-09-02 07:18:29,20150902,2015-09-02 07:21:40,20150902,2015-09-02 07:25:48,20150902,34871601655553,97534845395728,backfill,300.0,248.0,512.0,432.0,8192.0,6912.0,MIR-04840-37B71-512,0,192,0,192,0,474.24,562.0622,0.0,564.3377,0.0,0.0,564.3377,MIR-04840-37B71-512,0,script,-1,complete,Not capability,0% <= x < 16.7%,0% <= x < 16.7%,0,0,0,1,1,1,0,0,0,0,0,0,0,1,0,0,0.0,0
584635.mira,584635,mira,2015-09-02 06:17:22,20150902,2015-09-02 07:22:11,20150902,2015-09-02 07:24:27,20150902,34871601655553,97534845395728,backfill,300.0,136.0,512.0,432.0,8192.0,6912.0,MIR-04C40-37F71-512,0,3890,12,3890,12,259.2,307.2,0.0,309.4755,0.0,0.0,309.4755,MIR-04C40-37F71-512,0,script,-1,complete,Not capability,0% <= x < 16.7%,0% <= x < 16.7%,0,0,0,1,1,1,0,0,0,0,0,0,0,1,0,0,0.0,0
584735.mira,584735,mira,2015-09-02 07:23:39,20150902,2015-09-02 07:24:47,20150902,2015-09-02 07:28:33,20150902,34871601655553,97534845395728,backfill,300.0,226.0,512.0,432.0,8192.0,6912.0,MIR-04080-373B1-512,0,69,0,69,0,433.92,514.2756,0.0,514.2755,0.0,0.0,514.2755,MIR-04080-373B1-512,0,script,-1,complete,Not capability,0% <= x < 16.7%,0% <= x < 16.7%,0,0,0,1,1,1,0,0,0,0,0,0,0,1,0,0,0.0,0
584736.mira,584736,mira,2015-09-02 07:23:40,20150902,2015-09-02 07:25:47,20150902,2015-09-02 07:29:34,20150902,34871601655553,97534845395728,backfill,300.0,227.0,512.0,432.0,8192.0,6912.0,MIR-04C40-37F71-512,0,127,0,127,0,433.92,514.2756,0.0,516.5511,0.0,0.0,516.5511,MIR-04C40-37F71-512,0,script,-1,complete,Not capability,0% <= x < 16.7%,0% <= x < 16.7%,0,0,0,1,1,1,0,0,0,0,0,0,0,1,0,0,0.0,0
584734.mira,584734,mira,2015-09-02 07:23:36,20150902,2015-09-02 07:26:17,20150902,2015-09-02 07:30:26,20150902,34871601655553,97534845395728,backfill,300.0,249.0,512.0,432.0,8192.0,6912.0,MIR-04CC0-37FF1-512,0,161,0,161,0,478.08,566.6133,0.0,566.6133,0.0,0.0,566.6133,MIR-04CC0-37FF1-512,0,script,-1,complete,Not capability,0% <= x < 16.7%,0% <= x < 16.7%,0,0,0,1,1,1,0,0,0,0,0,0,0,1,0,0,0.0,0
584634.mira,584634,mira,2015-09-02 06:17:20,20150902,2015-09-02 07:26:46,20150902,2015-09-02 07:29:46,20150902,34871601655553,97534845395728,backfill,300.0,180.0,512.0,432.0,8192.0,6912.0,MIR-04840-37B71-512,0,4165,13,4165,13,345.6,409.6,0.0,409.6,0.0,0.0,409.6,MIR-04840-37B71-512,0,script,-1,complete,Not capability,0% <= x < 16.7%,0% <= x < 16.7%,0,0,0,1,1,1,0,0,0,0,0,0,0,1,0,0,0.0,0
584623.mira,584623,mira,2015-09-02 06:12:05,20150902,2015-09-02 07:27:15,20150902,2015-09-02 07:31:13,20150902,34871601655553,97534845395728,backfill,300.0,238.0,512.0,432.0,8192.0,6912.0,MIR-048C0-37BF1-512,0,4511,15,4511,15,456.96,541.5822,0.0,541.5822,0.0,0.0,541.5822,MIR-048C0-37BF1-512,0,script,-1,complete,Not capability,0% <= x < 16.7%,0% <= x < 16.7%,0,0,0,1,1,1,0,0,0,0,0,0,0,1,0,0,0.0,0
584744.mira,584744,mira,2015-09-02 07:28:47,20150902,2015-09-02 07:29:33,20150902,2015-09-02 07:33:25,20150902,34871601655553,97534845395728,backfill,300.0,232.0,512.0,432.0,8192.0,6912.0,MIR-04400-37731-512,0,47,0,47,0,445.44,527.9289,0.0,527.9288,0.0,0.0,527.9288,MIR-04400-37731-512,0,script,-1,complete,Not capability,0% <= x < 16.7%,0% <= x < 16.7%,0,0,0,1,1,1,0,0,0,0,0,0,0,1,0,0,0.0,0
584745.mira,584745,mira,2015-09-02 07:28:50,20150902,2015-09-02 07:30:29,20150902,2015-09-02 07:34:11,20150902,34871601655553,97534845395728,backfill,300.0,222.0,512.0,432.0,8192.0,6912.0,MIR-04C40-37F71-512,0,99,0,99,0,426.24,505.1733,0.0,505.1733,0.0,0.0,505.1733,MIR-04C40-37F71-512,0,script,-1,complete,Not capability,0% <= x < 16.7%,0% <= x < 16.7%,0,0,0,1,1,1,0,0,0,0,0,0,0,1,0,0,0.0,0
584742.mira,584742,mira,2015-09-02 07:28:43,20150902,2015-09-02 07:31:01,20150902,2015-09-02 07:34:45,20150902,34871601655553,97534845395728,backfill,300.0,224.0,512.0,432.0,8192.0,6912.0,MIR-04840-37B71-512,0,138,0,138,0,432.0,512.0,0.0,509.7244,0.0,0.0,509.7244,MIR-04840-37B71-512,0,script,-1,complete,Not capability,0% <= x < 16.7%,0% <= x < 16.7%,0,0,0,1,1,1,0,0,0,0,0,0,0,1,0,0,0.0,0
584743.mira,584743,mira,2015-09-02 07:28:44,20150902,2015-09-02 07:31:21,20150902,2015-09-02 07:35:04,20150902,34871601655553,97534845395728,backfill,300.0,223.0,512.0,432.0,8192.0,6912.0,MIR-048C0-37BF1-512,0,156,0,156,0,428.16,507.4489,0.0,507.4488,0.0,0.0,507.4488,MIR-048C0-37BF1-512,0,script,-1,complete,Not capability,0% <= x < 16.7%,0% <= x < 16.7%,0,0,0,1,1,1,0,0,0,0,0,0,0,1,0,0,0.0,0
584417.mira,584417,mira,2015-09-02 04:33:35,20150902,2015-09-02 07:34:01,20150902,2015-09-02 07:38:18,20150902,34871601655553,97534845395728,backfill,300.0,257.0,512.0,432.0,8192.0,6912.0,MIR-04CC0-37FF1-512,0,10764,35,10826,36,493.44,584.8178,0.0,584.8177,0.0,0.0,584.8177,MIR-04CC0-37FF1-512,0,script,-1,complete,Not capability,0% <= x < 16.7%,0% <= x < 16.7%,0,0,0,1,1,1,0,0,0,0,0,0,0,1,0,0,0.0,0
584755.mira,584755,mira,2015-09-02 07:33:59,20150902,2015-09-02 07:34:36,20150902,2015-09-02 07:38:42,20150902,34871601655553,97534845395728,backfill,300.0,246.0,512.0,432.0,8192.0,6912.0,MIR-04440-37771-512,0,36,0,36,0,472.32,559.7867,0.0,559.7866,0.0,0.0,559.7866,MIR-04440-37771-512,0,script,-1,complete,Not capability,0% <= x < 16.7%,0% <= x < 16.7%,0,0,0,1,1,1,0,0,0,0,0,0,0,1,0,0,0.0,0
584754.mira,584754,mira,2015-09-02 07:33:57,20150902,2015-09-02 07:35:31,20150902,2015-09-02 07:39:34,20150902,34871601655553,97534845395728,backfill,300.0,243.0,512.0,432.0,8192.0,6912.0,MIR-04C40-37F71-512,0,94,0,94,0,466.56,552.96,0.0,552.96,0.0,0.0,552.96,MIR-04C40-37F71-512,0,script,-1,complete,Not capability,0% <= x < 16.7%,0% <= x < 16.7%,0,0,0,1,1,1,0,0,0,0,0,0,0,1,0,0,0.0,0
584753.mira,584753,mira,2015-09-02 07:33:55,20150902,2015-09-02 07:36:00,20150902,2015-09-02 07:40:25,20150902,34871601655553,97534845395728,backfill,300.0,265.0,512.0,432.0,8192.0,6912.0,MIR-04840-37B71-512,0,125,0,125,0,506.88,600.7467,0.0,603.0222,0.0,0.0,603.0222,MIR-04840-37B71-512,0,script,-1,complete,Not capability,0% <= x < 16.7%,0% <= x < 16.7%,0,0,0,1,1,1,0,0,0,0,0,0,0,1,0,0,0.0,0
584752.mira,584752,mira,2015-09-02 07:33:54,20150902,2015-09-02 07:36:28,20150902,2015-09-02 07:40:13,20150902,34871601655553,97534845395728,backfill,300.0,225.0,512.0,432.0,8192.0,6912.0,MIR-04880-37BB1-512,0,155,0,155,0,430.08,509.7244,0.0,512.0,0.0,0.0,512.0,MIR-04880-37BB1-512,0,script,-1,complete,Not capability,0% <= x < 16.7%,0% <= x < 16.7%,0,0,0,1,1,1,0,0,0,0,0,0,0,1,0,0,0.0,0
584751.mira,584751,mira,2015-09-02 07:33:52,20150902,2015-09-02 07:39:15,20150902,2015-09-02 07:43:11,20150902,34871601655553,97534845395728,backfill,300.0,236.0,512.0,432.0,8192.0,6912.0,MIR-04CC0-37FF1-512,0,227,0,323,1,453.12,537.0311,0.0,537.0311,0.0,0.0,537.0311,MIR-04CC0-37FF1-512,0,script,-1,complete,Not capability,0% <= x < 16.7%,0% <= x < 16.7%,0,0,0,1,1,1,0,0,0,0,0,0,0,1,0,0,0.0,0
584767.mira,584767,mira,2015-09-02 07:39:18,20150902,2015-09-02 07:39:43,20150902,2015-09-02 07:43:41,20150902,34871601655553,97534845395728,backfill,300.0,238.0,512.0,432.0,8192.0,6912.0,MIR-04480-377B1-512,0,24,0,24,0,458.88,543.8578,0.0,541.5822,0.0,0.0,541.5822,MIR-04480-377B1-512,0,script,-1,complete,Not capability,0% <= x < 16.7%,0% <= x < 16.7%,0,0,0,1,1,1,0,0,0,0,0,0,0,1,0,0,0.0,0
584768.mira,584768,mira,2015-09-02 07:39:20,20150902,2015-09-02 07:40:12,20150902,2015-09-02 07:44:27,20150902,34871601655553,97534845395728,backfill,300.0,255.0,512.0,432.0,8192.0,6912.0,MIR-04C40-37F71-512,0,53,0,53,0,489.6,580.2667,0.0,580.2666,0.0,0.0,580.2666,MIR-04C40-37F71-512,0,script,-1,complete,Not capability,0% <= x < 16.7%,0% <= x < 16.7%,0,0,0,1,1,1,0,0,0,0,0,0,0,1,0,0,0.0,0
584765.mira,584765,mira,2015-09-02 07:39:15,20150902,2015-09-02 07:41:14,20150902,2015-09-02 07:43:54,20150902,34871601655553,97534845395728,backfill,300.0,160.0,512.0,432.0,8192.0,6912.0,MIR-04840-37B71-512,0,118,0,118,0,309.12,366.3644,0.0,364.0888,0.0,0.0,364.0888,MIR-04840-37B71-512,0,script,-1,complete,Not capability,0% <= x < 16.7%,0% <= x < 16.7%,0,0,0,1,1,1,0,0,0,0,0,0,0,1,0,0,0.0,0
584763.mira,584763,mira,2015-09-02 07:39:08,20150902,2015-09-02 07:41:47,20150902,2015-09-02 07:46:20,20150902,34871601655553,97534845395728,backfill,300.0,273.0,512.0,432.0,8192.0,6912.0,MIR-048C0-37BF1-512,0,160,0,160,0,524.16,621.2267,0.0,621.2266,0.0,0.0,621.2266,MIR-048C0-37BF1-512,0,script,-1,complete,Not capability,0% <= x < 16.7%,0% <= x < 16.7%,0,0,0,1,1,1,0,0,0,0,0,0,0,1,0,0,0.0,0
584762.mira,584762,mira,2015-09-02 07:39:04,20150902,2015-09-02 07:44:07,20150902,2015-09-02 07:48:09,20150902,34871601655553,97534845395728,backfill,300.0,242.0,512.0,432.0,8192.0,6912.0,MIR-04CC0-37FF1-512,0,240,0,304,1,462.72,548.4089,0.0,550.6844,0.0,0.0,550.6844,MIR-04CC0-37FF1-512,0,script,-1,complete,Not capability,0% <= x < 16.7%,0% <= x < 16.7%,0,0,0,1,1,1,0,0,0,0,0,0,0,1,0,0,0.0,0
584358.mira,584358,mira,2015-09-02 04:06:46,20150902,2015-09-02 07:44:37,20150902,2015-09-02 07:47:02,20150902,34871601655553,97534845395728,backfill,300.0,145.0,512.0,432.0,8192.0,6912.0,MIR-04840-37B71-512,0,12848,42,13070,43,278.4,329.9556,0.0,329.9555,0.0,0.0,329.9555,MIR-04840-37B71-512,0,script,-1,complete,Not capability,0% <= x < 16.7%,0% <= x < 16.7%,0,0,0,1,1,1,0,0,0,0,0,0,0,1,0,0,0.0,0
584777.mira,584777,mira,2015-09-02 07:44:43,20150902,2015-09-02 07:45:05,20150902,2015-09-02 07:48:09,20150902,34871601655553,97534845395728,backfill,300.0,184.0,512.0,432.0,8192.0,6912.0,MIR-04C40-37F71-512,0,22,0,22,0,351.36,416.4267,0.0,418.7022,0.0,0.0,418.7022,MIR-04C40-37F71-512,0,script,-1,complete,Not capability,0% <= x < 16.7%,0% <= x < 16.7%,0,0,0,1,1,1,0,0,0,0,0,0,0,1,0,0,0.0,0
584778.mira,584778,mira,2015-09-02 07:44:45,20150902,2015-09-02 07:45:36,20150902,2015-09-02 07:49:13,20150902,34871601655553,97534845395728,backfill,300.0,217.0,512.0,432.0,8192.0,6912.0,MIR-044C0-377F1-512,0,52,0,52,0,416.64,493.7956,0.0,493.7955,0.0,0.0,493.7955,MIR-044C0-377F1-512,0,script,-1,complete,Not capability,0% <= x < 16.7%,0% <= x < 16.7%,0,0,0,1,1,1,0,0,0,0,0,0,0,1,0,0,0.0,0
584776.mira,584776,mira,2015-09-02 07:44:41,20150902,2015-09-02 07:47:04,20150902,2015-09-02 07:52:07,20150902,34871601655553,97534845395728,backfill,300.0,303.0,512.0,432.0,8192.0,6912.0,MIR-04880-37BB1-512,0,112,0,143,0,581.76,689.4933,0.0,689.4933,0.0,0.0,689.4933,MIR-04880-37BB1-512,0,script,-1,complete,Not capability,0% <= x < 16.7%,0% <= x < 16.7%,0,0,0,1,1,1,0,0,0,0,0,0,0,1,0,0,0.0,0
584779.mira,584779,mira,2015-09-02 07:44:47,20150902,2015-09-02 07:48:03,20150902,2015-09-02 07:52:19,20150902,34871601655553,97534845395728,backfill,300.0,256.0,512.0,432.0,8192.0,6912.0,MIR-04840-37B71-512,0,165,0,196,0,493.44,584.8178,0.0,582.5422,0.0,0.0,582.5422,MIR-04840-37B71-512,0,script,-1,complete,Not capability,0% <= x < 16.7%,0% <= x < 16.7%,0,0,0,1,1,1,0,0,0,0,0,0,0,1,0,0,0.0,0
584780.mira,584780,mira,2015-09-02 07:44:48,20150902,2015-09-02 07:49:05,20150902,2015-09-02 07:52:33,20150902,34871601655553,97534845395728,backfill,300.0,208.0,512.0,432.0,8192.0,6912.0,MIR-04C40-37F71-512,0,226,0,257,0,397.44,471.04,0.0,473.3155,0.0,0.0,473.3155,MIR-04C40-37F71-512,0,script,-1,complete,Not capability,0% <= x < 16.7%,0% <= x < 16.7%,0,0,0,1,1,1,0,0,0,0,0,0,0,1,0,0,0.0,0
584775.mira,584775,mira,2015-09-02 07:44:38,20150902,2015-09-02 07:49:34,20150902,2015-09-02 07:53:26,20150902,34871601655553,97534845395728,backfill,300.0,232.0,512.0,432.0,8192.0,6912.0,MIR-04C80-37FB1-512,0,264,0,295,0,445.44,527.9289,0.0,527.9288,0.0,0.0,527.9288,MIR-04C80-37FB1-512,0,script,-1,complete,Not capability,0% <= x < 16.7%,0% <= x < 16.7%,0,0,0,1,1,1,0,0,0,0,0,0,0,1,0,0,0.0,0
584788.mira,584788,mira,2015-09-02 07:50:01,20150902,2015-09-02 07:50:29,20150902,2015-09-02 07:54:05,20150902,34871601655553,97534845395728,backfill,300.0,216.0,512.0,432.0,8192.0,6912.0,MIR-040C0-373F1-512,0,28,0,28,0,414.72,491.52,0.0,491.52,0.0,0.0,491.52,MIR-040C0-373F1-512,0,script,-1,complete,Not capability,0% <= x < 16.7%,0% <= x < 16.7%,0,0,0,1,1,1,0,0,0,0,0,0,0,1,0,0,0.0,0
584790.mira,584790,mira,2015-09-02 07:50:05,20150902,2015-09-02 07:52:43,20150902,2015-09-02 07:56:58,20150902,34871601655553,97534845395728,backfill,300.0,255.0,512.0,432.0,8192.0,6912.0,MIR-04880-37BB1-512,0,75,0,158,0,491.52,582.5422,0.0,580.2666,0.0,0.0,580.2666,MIR-04880-37BB1-512,0,script,-1,complete,Not capability,0% <= x < 16.7%,0% <= x < 16.7%,0,0,0,1,1,1,0,0,0,0,0,0,0,1,0,0,0.0,0
584789.mira,584789,mira,2015-09-02 07:50:03,20150902,2015-09-02 07:53:13,20150902,2015-09-02 07:57:46,20150902,34871601655553,97534845395728,backfill,300.0,273.0,512.0,432.0,8192.0,6912.0,MIR-04C40-37F71-512,0,107,0,190,0,526.08,623.5022,0.0,621.2266,0.0,0.0,621.2266,MIR-04C40-37F71-512,0,script,-1,complete,Not capability,0% <= x < 16.7%,0% <= x < 16.7%,0,0,0,1,1,1,0,0,0,0,0,0,0,1,0,0,0.0,0
584792.mira,584792,mira,2015-09-02 07:50:08,20150902,2015-09-02 07:54:05,20150902,2015-09-02 07:57:47,20150902,34871601655553,97534845395728,backfill,300.0,222.0,512.0,432.0,8192.0,6912.0,MIR-04C80-37FB1-512,0,153,0,237,0,424.32,502.8978,0.0,505.1733,0.0,0.0,505.1733,MIR-04C80-37FB1-512,0,script,-1,complete,Not capability,0% <= x < 16.7%,0% <= x < 16.7%,0,0,0,1,1,1,0,0,0,0,0,0,0,1,0,0,0.0,0
584791.mira,584791,mira,2015-09-02 07:50:06,20150902,2015-09-02 07:55:07,20150902,2015-09-02 07:59:43,20150902,34871601655553,97534845395728,backfill,300.0,276.0,512.0,432.0,8192.0,6912.0,MIR-04480-377B1-512,0,217,0,301,1,529.92,628.0533,0.0,628.0533,0.0,0.0,628.0533,MIR-04480-377B1-512,0,script,-1,complete,Not capability,0% <= x < 16.7%,0% <= x < 16.7%,0,0,0,1,1,1,0,0,0,0,0,0,0,1,0,0,0.0,0
583951.mira,583951,mira,2015-09-01 20:03:03,20150901,2015-09-02 08:00:27,20150902,2015-09-02 08:02:06,20150902,65494466463799,32787699174502,prod-short,10800.0,99.0,512.0,512.0,8192.0,8192.0,MIR-04840-37B71-512,1,43044,3,43044,3,227.5556,227.5556,0.0,225.28,0.0,0.0,225.28,MIR-04840-37B71-512,1,c1,-1,complete,Not capability,0% <= x < 16.7%,0% <= x < 16.7%,0,0,0,1,1,1,0,0,0,0,0,0,0,1,0,0,0.0,0
583769.mira,583769,mira,2015-09-01 17:06:20,20150901,2015-09-02 08:00:55,20150902,2015-09-02 09:44:26,20150902,19538777423807,64663463907625,prod-short,7200.0,6211.0,512.0,512.0,8192.0,8192.0,MIR-04800-37B31-512,0,10167,1,53675,7,14133.4756,14133.4756,0.0,14133.4755,0.0,0.0,14133.4755,MIR-04800-37B31-512,0,c8,-1,complete,Not capability,0% <= x < 16.7%,0% <= x < 16.7%,0,0,0,1,1,1,0,0,0,0,0,0,0,1,0,0,0.0,0
583780.mira,583780,mira,2015-09-01 17:07:24,20150901,2015-09-02 08:01:23,20150902,2015-09-02 09:14:52,20150902,19538777423807,64663463907625,prod-short,7200.0,4409.0,512.0,512.0,8192.0,8192.0,MIR-04880-37BB1-512,0,340,0,53639,7,10035.2,10035.2,0.0,10032.9244,0.0,0.0,10032.9244,MIR-04880-37BB1-512,0,c8,-1,complete,Not capability,0% <= x < 16.7%,0% <= x < 16.7%,0,0,0,1,1,1,0,0,0,0,0,0,0,1,0,0,0.0,0
584814.mira,584814,mira,2015-09-02 08:00:23,20150902,2015-09-02 08:01:53,20150902,2015-09-02 08:05:03,20150902,34871601655553,97534845395728,backfill,300.0,190.0,512.0,432.0,8192.0,6912.0,MIR-048C0-37BF1-512,0,91,0,91,0,362.88,430.08,0.0,432.3555,0.0,0.0,432.3555,MIR-048C0-37BF1-512,0,script,-1,complete,Not capability,0% <= x < 16.7%,0% <= x < 16.7%,0,0,0,1,1,1,0,0,0,0,0,0,0,1,0,0,0.0,0
584813.mira,584813,mira,2015-09-02 08:00:21,20150902,2015-09-02 08:02:14,20150902,2015-09-02 08:06:20,20150902,34871601655553,97534845395728,backfill,300.0,246.0,512.0,432.0,8192.0,6912.0,MIR-04CC0-37FF1-512,0,113,0,113,0,472.32,559.7867,0.0,559.7866,0.0,0.0,559.7866,MIR-04CC0-37FF1-512,0,script,-1,complete,Not capability,0% <= x < 16.7%,0% <= x < 16.7%,0,0,0,1,1,1,0,0,0,0,0,0,0,1,0,0,0.0,0
584815.mira,584815,mira,2015-09-02 08:00:25,20150902,2015-09-02 08:02:35,20150902,2015-09-02 08:06:48,20150902,34871601655553,97534845395728,backfill,300.0,253.0,512.0,432.0,8192.0,6912.0,MIR-04840-37B71-512,0,131,0,131,0,483.84,573.44,0.0,575.7155,0.0,0.0,575.7155,MIR-04840-37B71-512,0,script,-1,complete,Not capability,0% <= x < 16.7%,0% <= x < 16.7%,0,0,0,1,1,1,0,0,0,0,0,0,0,1,0,0,0.0,0
584812.mira,584812,mira,2015-09-02 08:00:19,20150902,2015-09-02 08:02:57,20150902,2015-09-02 08:07:04,20150902,34871601655553,97534845395728,backfill,300.0,247.0,512.0,432.0,8192.0,6912.0,MIR-04440-37771-512,0,157,0,157,0,474.24,562.0622,0.0,562.0622,0.0,0.0,562.0622,MIR-04440-37771-512,0,script,-1,complete,Not capability,0% <= x < 16.7%,0% <= x < 16.7%,0,0,0,1,1,1,0,0,0,0,0,0,0,1,0,0,0.0,0
584822.mira,584822,mira,2015-09-02 08:05:31,20150902,2015-09-02 08:06:08,20150902,2015-09-02 08:09:50,20150902,34871601655553,97534845395728,backfill,300.0,222.0,512.0,432.0,8192.0,6912.0,MIR-048C0-37BF1-512,0,38,0,38,0,424.32,502.8978,0.0,505.1733,0.0,0.0,505.1733,MIR-048C0-37BF1-512,0,script,-1,complete,Not capability,0% <= x < 16.7%,0% <= x < 16.7%,0,0,0,1,1,1,0,0,0,0,0,0,0,1,0,0,0.0,0
584801.mira,584801,mira,2015-09-02 07:55:10,20150902,2015-09-02 08:07:06,20150902,2015-09-02 08:10:02,20150902,34871601655553,97534845395728,backfill,300.0,176.0,512.0,432.0,8192.0,6912.0,MIR-04840-37B71-512,0,715,2,715,2,339.84,402.7733,0.0,400.4977,0.0,0.0,400.4977,MIR-04840-37B71-512,0,script,-1,complete,Not capability,0% <= x < 16.7%,0% <= x < 16.7%,0,0,0,1,1,1,0,0,0,0,0,0,0,1,0,0,0.0,0
584805.mira,584805,mira,2015-09-02 07:55:17,20150902,2015-09-02 08:07:36,20150902,2015-09-02 08:11:55,20150902,34871601655553,97534845395728,backfill,300.0,259.0,512.0,432.0,8192.0,6912.0,MIR-04C40-37F71-512,0,739,2,739,2,495.36,587.0933,0.0,589.3688,0.0,0.0,589.3688,MIR-04C40-37F71-512,0,script,-1,complete,Not capability,0% <= x < 16.7%,0% <= x < 16.7%,0,0,0,1,1,1,0,0,0,0,0,0,0,1,0,0,0.0,0
584804.mira,584804,mira,2015-09-02 07:55:15,20150902,2015-09-02 08:07:57,20150902,2015-09-02 08:10:37,20150902,34871601655553,97534845395728,backfill,300.0,160.0,512.0,432.0,8192.0,6912.0,MIR-044C0-377F1-512,0,761,2,761,2,309.12,366.3644,0.0,364.0888,0.0,0.0,364.0888,MIR-044C0-377F1-512,0,script,-1,complete,Not capability,0% <= x < 16.7%,0% <= x < 16.7%,0,0,0,1,1,1,0,0,0,0,0,0,0,1,0,0,0.0,0
584802.mira,584802,mira,2015-09-02 07:55:12,20150902,2015-09-02 08:10:52,20150902,2015-09-02 08:14:14,20150902,34871601655553,97534845395728,backfill,300.0,202.0,512.0,432.0,8192.0,6912.0,MIR-048C0-37BF1-512,0,939,3,939,3,389.76,461.9378,0.0,459.6622,0.0,0.0,459.6622,MIR-048C0-37BF1-512,0,script,-1,complete,Not capability,0% <= x < 16.7%,0% <= x < 16.7%,0,0,0,1,1,1,0,0,0,0,0,0,0,1,0,0,0.0,0
584834.mira,584834,mira,2015-09-02 08:10:42,20150902,2015-09-02 08:11:20,20150902,2015-09-02 08:15:30,20150902,34871601655553,97534845395728,backfill,300.0,250.0,512.0,432.0,8192.0,6912.0,MIR-04840-37B71-512,0,38,0,38,0,480.0,568.8889,0.0,568.8888,0.0,0.0,568.8888,MIR-04840-37B71-512,0,script,-1,complete,Not capability,0% <= x < 16.7%,0% <= x < 16.7%,0,0,0,1,1,1,0,0,0,0,0,0,0,1,0,0,0.0,0
584831.mira,584831,mira,2015-09-02 08:10:38,20150902,2015-09-02 08:11:55,20150902,2015-09-02 08:16:01,20150902,34871601655553,97534845395728,backfill,300.0,246.0,512.0,432.0,8192.0,6912.0,MIR-04480-377B1-512,0,77,0,77,0,472.32,559.7867,0.0,559.7866,0.0,0.0,559.7866,MIR-04480-377B1-512,0,script,-1,complete,Not capability,0% <= x < 16.7%,0% <= x < 16.7%,0,0,0,1,1,1,0,0,0,0,0,0,0,1,0,0,0.0,0
584835.mira,584835,mira,2015-09-02 08:10:46,20150902,2015-09-02 08:12:48,20150902,2015-09-02 08:17:05,20150902,34871601655553,97534845395728,backfill,300.0,257.0,512.0,432.0,8192.0,6912.0,MIR-04C80-37FB1-512,0,122,0,122,0,495.36,587.0933,0.0,584.8177,0.0,0.0,584.8177,MIR-04C80-37FB1-512,0,script,-1,complete,Not capability,0% <= x < 16.7%,0% <= x < 16.7%,0,0,0,1,1,1,0,0,0,0,0,0,0,1,0,0,0.0,0
584832.mira,584832,mira,2015-09-02 08:10:40,20150902,2015-09-02 08:15:11,20150902,2015-09-02 08:17:53,20150902,34871601655553,97534845395728,backfill,300.0,162.0,512.0,432.0,8192.0,6912.0,MIR-048C0-37BF1-512,0,271,0,271,0,309.12,366.3644,0.0,368.64,0.0,0.0,368.64,MIR-048C0-37BF1-512,0,script,-1,complete,Not capability,0% <= x < 16.7%,0% <= x < 16.7%,0,0,0,1,1,1,0,0,0,0,0,0,0,1,0,0,0.0,0
584830.mira,584830,mira,2015-09-02 08:10:35,20150902,2015-09-02 08:15:41,20150902,2015-09-02 08:18:34,20150902,34871601655553,97534845395728,backfill,300.0,173.0,512.0,432.0,8192.0,6912.0,MIR-04840-37B71-512,0,307,1,307,1,330.24,391.3956,0.0,393.6711,0.0,0.0,393.6711,MIR-04840-37B71-512,0,script,-1,complete,Not capability,0% <= x < 16.7%,0% <= x < 16.7%,0,0,0,1,1,1,0,0,0,0,0,0,0,1,0,0,0.0,0
584845.mira,584845,mira,2015-09-02 08:15:51,20150902,2015-09-02 08:16:01,20150902,2015-09-02 08:18:49,20150902,34871601655553,97534845395728,backfill,300.0,168.0,512.0,432.0,8192.0,6912.0,MIR-04040-37371-512,0,10,0,10,0,322.56,382.2933,0.0,382.2933,0.0,0.0,382.2933,MIR-04040-37371-512,0,script,-1,complete,Not capability,0% <= x < 16.7%,0% <= x < 16.7%,0,0,0,1,1,1,0,0,0,0,0,0,0,1,0,0,0.0,0
584844.mira,584844,mira,2015-09-02 08:15:50,20150902,2015-09-02 08:17:55,20150902,2015-09-02 08:21:24,20150902,34871601655553,97534845395728,backfill,300.0,209.0,512.0,432.0,8192.0,6912.0,MIR-04CC0-37FF1-512,0,126,0,126,0,401.28,475.5911,0.0,475.5911,0.0,0.0,475.5911,MIR-04CC0-37FF1-512,0,script,-1,complete,Not capability,0% <= x < 16.7%,0% <= x < 16.7%,0,0,0,1,1,1,0,0,0,0,0,0,0,1,0,0,0.0,0
584843.mira,584843,mira,2015-09-02 08:15:48,20150902,2015-09-02 08:18:50,20150902,2015-09-02 08:22:08,20150902,34871601655553,97534845395728,backfill,300.0,198.0,512.0,432.0,8192.0,6912.0,MIR-048C0-37BF1-512,0,181,0,181,0,382.08,452.8356,0.0,450.56,0.0,0.0,450.56,MIR-048C0-37BF1-512,0,script,-1,complete,Not capability,0% <= x < 16.7%,0% <= x < 16.7%,0,0,0,1,1,1,0,0,0,0,0,0,0,1,0,0,0.0,0
584829.mira,584829,mira,2015-09-02 08:10:33,20150902,2015-09-02 08:19:19,20150902,2015-09-02 08:21:57,20150902,34871601655553,97534845395728,backfill,300.0,158.0,512.0,432.0,8192.0,6912.0,MIR-04840-37B71-512,0,525,1,525,1,303.36,359.5378,0.0,359.5377,0.0,0.0,359.5377,MIR-04840-37B71-512,0,script,-1,complete,Not capability,0% <= x < 16.7%,0% <= x < 16.7%,0,0,0,1,1,1,0,0,0,0,0,0,0,1,0,0,0.0,0
584803.mira,584803,mira,2015-09-02 07:55:14,20150902,2015-09-02 08:19:46,20150902,2015-09-02 08:23:09,20150902,34871601655553,97534845395728,backfill,300.0,203.0,512.0,432.0,8192.0,6912.0,MIR-04400-37731-512,0,1473,4,1473,4,389.76,461.9378,0.0,461.9377,0.0,0.0,461.9377,MIR-04400-37731-512,0,script,-1,complete,Not capability,0% <= x < 16.7%,0% <= x < 16.7%,0,0,0,1,1,1,0,0,0,0,0,0,0,1,0,0,0.0,0
584854.mira,584854,mira,2015-09-02 08:21:03,20150902,2015-09-02 08:22:29,20150902,2015-09-02 08:25:55,20150902,34871601655553,97534845395728,backfill,300.0,206.0,512.0,432.0,8192.0,6912.0,MIR-04C80-37FB1-512,0,86,0,86,0,397.44,471.04,0.0,468.7644,0.0,0.0,468.7644,MIR-04C80-37FB1-512,0,script,-1,complete,Not capability,0% <= x < 16.7%,0% <= x < 16.7%,0,0,0,1,1,1,0,0,0,0,0,0,0,1,0,0,0.0,0
584855.mira,584855,mira,2015-09-02 08:21:04,20150902,2015-09-02 08:23:00,20150902,2015-09-02 08:26:19,20150902,34871601655553,97534845395728,backfill,300.0,199.0,512.0,432.0,8192.0,6912.0,MIR-048C0-37BF1-512,0,116,0,116,0,380.16,450.56,0.0,452.8355,0.0,0.0,452.8355,MIR-048C0-37BF1-512,0,script,-1,complete,Not capability,0% <= x < 16.7%,0% <= x < 16.7%,0,0,0,1,1,1,0,0,0,0,0,0,0,1,0,0,0.0,0
584856.mira,584856,mira,2015-09-02 08:21:06,20150902,2015-09-02 08:23:31,20150902,2015-09-02 08:27:06,20150902,34871601655553,97534845395728,backfill,300.0,215.0,512.0,432.0,8192.0,6912.0,MIR-04840-37B71-512,0,145,0,145,0,410.88,486.9689,0.0,489.2444,0.0,0.0,489.2444,MIR-04840-37B71-512,0,script,-1,complete,Not capability,0% <= x < 16.7%,0% <= x < 16.7%,0,0,0,1,1,1,0,0,0,0,0,0,0,1,0,0,0.0,0
584857.mira,584857,mira,2015-09-02 08:21:08,20150902,2015-09-02 08:24:05,20150902,2015-09-02 08:27:17,20150902,34871601655553,97534845395728,backfill,300.0,192.0,512.0,432.0,8192.0,6912.0,MIR-04000-37331-512,0,178,0,178,0,368.64,436.9067,0.0,436.9066,0.0,0.0,436.9066,MIR-04000-37331-512,0,script,-1,complete,Not capability,0% <= x < 16.7%,0% <= x < 16.7%,0,0,0,1,1,1,0,0,0,0,0,0,0,1,0,0,0.0,0
584874.mira,584874,mira,2015-09-02 08:26:22,20150902,2015-09-02 08:27:15,20150902,2015-09-02 08:29:33,20150902,34871601655553,97534845395728,backfill,300.0,138.0,512.0,432.0,8192.0,6912.0,MIR-04C00-37F31-512,0,54,0,54,0,264.96,314.0267,0.0,314.0266,0.0,0.0,314.0266,MIR-04C00-37F31-512,0,script,-1,complete,Not capability,0% <= x < 16.7%,0% <= x < 16.7%,0,0,0,1,1,1,0,0,0,0,0,0,0,1,0,0,0.0,0
584871.mira,584871,mira,2015-09-02 08:26:15,20150902,2015-09-02 08:27:47,20150902,2015-09-02 08:30:20,20150902,34871601655553,97534845395728,backfill,300.0,153.0,512.0,432.0,8192.0,6912.0,MIR-048C0-37BF1-512,0,93,0,93,0,293.76,348.16,0.0,348.16,0.0,0.0,348.16,MIR-048C0-37BF1-512,0,script,-1,complete,Not capability,0% <= x < 16.7%,0% <= x < 16.7%,0,0,0,1,1,1,0,0,0,0,0,0,0,1,0,0,0.0,0
584873.mira,584873,mira,2015-09-02 08:26:18,20150902,2015-09-02 08:28:16,20150902,2015-09-02 08:30:44,20150902,34871601655553,97534845395728,backfill,300.0,148.0,512.0,432.0,8192.0,6912.0,MIR-04840-37B71-512,0,118,0,118,0,284.16,336.7822,0.0,336.7822,0.0,0.0,336.7822,MIR-04840-37B71-512,0,script,-1,complete,Not capability,0% <= x < 16.7%,0% <= x < 16.7%,0,0,0,1,1,1,0,0,0,0,0,0,0,1,0,0,0.0,0
584868.mira,584868,mira,2015-09-02 08:26:11,20150902,2015-09-02 08:28:43,20150902,2015-09-02 08:31:49,20150902,34871601655553,97534845395728,backfill,300.0,186.0,512.0,432.0,8192.0,6912.0,MIR-044C0-377F1-512,0,151,0,151,0,357.12,423.2533,0.0,423.2533,0.0,0.0,423.2533,MIR-044C0-377F1-512,0,script,-1,complete,Not capability,0% <= x < 16.7%,0% <= x < 16.7%,0,0,0,1,1,1,0,0,0,0,0,0,0,1,0,0,0.0,0
584869.mira,584869,mira,2015-09-02 08:26:13,20150902,2015-09-02 08:30:37,20150902,2015-09-02 08:33:06,20150902,34871601655553,97534845395728,backfill,300.0,149.0,512.0,432.0,8192.0,6912.0,MIR-04C80-37FB1-512,0,263,0,263,0,288.0,341.3333,0.0,339.0577,0.0,0.0,339.0577,MIR-04C80-37FB1-512,0,script,-1,complete,Not capability,0% <= x < 16.7%,0% <= x < 16.7%,0,0,0,1,1,1,0,0,0,0,0,0,0,1,0,0,0.0,0
584872.mira,584872,mira,2015-09-02 08:26:16,20150902,2015-09-02 08:31:36,20150902,2015-09-02 08:34:19,20150902,34871601655553,97534845395728,backfill,300.0,163.0,512.0,432.0,8192.0,6912.0,MIR-048C0-37BF1-512,0,320,1,320,1,312.96,370.9156,0.0,370.9155,0.0,0.0,370.9155,MIR-048C0-37BF1-512,0,script,-1,complete,Not capability,0% <= x < 16.7%,0% <= x < 16.7%,0,0,0,1,1,1,0,0,0,0,0,0,0,1,0,0,0.0,0
584882.mira,584882,mira,2015-09-02 08:31:40,20150902,2015-09-02 08:32:06,20150902,2015-09-02 08:36:22,20150902,34871601655553,97534845395728,backfill,300.0,256.0,512.0,432.0,8192.0,6912.0,MIR-04840-37B71-512,0,26,0,26,0,489.6,580.2667,0.0,582.5422,0.0,0.0,582.5422,MIR-04840-37B71-512,0,script,-1,complete,Not capability,0% <= x < 16.7%,0% <= x < 16.7%,0,0,0,1,1,1,0,0,0,0,0,0,0,1,0,0,0.0,0
584883.mira,584883,mira,2015-09-02 08:31:42,20150902,2015-09-02 08:32:35,20150902,2015-09-02 08:36:34,20150902,34871601655553,97534845395728,backfill,300.0,239.0,512.0,432.0,8192.0,6912.0,MIR-04480-377B1-512,0,53,0,53,0,458.88,543.8578,0.0,543.8577,0.0,0.0,543.8577,MIR-04480-377B1-512,0,script,-1,complete,Not capability,0% <= x < 16.7%,0% <= x < 16.7%,0,0,0,1,1,1,0,0,0,0,0,0,0,1,0,0,0.0,0
584885.mira,584885,mira,2015-09-02 08:31:45,20150902,2015-09-02 08:34:03,20150902,2015-09-02 08:38:05,20150902,34871601655553,97534845395728,backfill,300.0,242.0,512.0,432.0,8192.0,6912.0,MIR-04C40-37F71-512,0,138,0,138,0,462.72,548.4089,0.0,550.6844,0.0,0.0,550.6844,MIR-04C40-37F71-512,0,script,-1,complete,Not capability,0% <= x < 16.7%,0% <= x < 16.7%,0,0,0,1,1,1,0,0,0,0,0,0,0,1,0,0,0.0,0
584884.mira,584884,mira,2015-09-02 08:31:43,20150902,2015-09-02 08:35:38,20150902,2015-09-02 08:39:39,20150902,34871601655553,97534845395728,backfill,300.0,241.0,512.0,432.0,8192.0,6912.0,MIR-048C0-37BF1-512,0,234,0,234,0,464.64,550.6844,0.0,548.4088,0.0,0.0,548.4088,MIR-048C0-37BF1-512,0,script,-1,complete,Not capability,0% <= x < 16.7%,0% <= x < 16.7%,0,0,0,1,1,1,0,0,0,0,0,0,0,1,0,0,0.0,0
584881.mira,584881,mira,2015-09-02 08:31:38,20150902,2015-09-02 08:36:55,20150902,2015-09-02 08:40:04,20150902,34871601655553,97534845395728,backfill,300.0,189.0,512.0,432.0,8192.0,6912.0,MIR-04000-37331-512,0,316,1,316,1,364.8,432.3556,0.0,430.08,0.0,0.0,430.08,MIR-04000-37331-512,0,script,-1,complete,Not capability,0% <= x < 16.7%,0% <= x < 16.7%,0,0,0,1,1,1,0,0,0,0,0,0,0,1,0,0,0.0,0
584895.mira,584895,mira,2015-09-02 08:37:00,20150902,2015-09-02 08:37:23,20150902,2015-09-02 08:41:59,20150902,34871601655553,97534845395728,backfill,300.0,276.0,512.0,432.0,8192.0,6912.0,MIR-04840-37B71-512,0,23,0,23,0,529.92,628.0533,0.0,628.0533,0.0,0.0,628.0533,MIR-04840-37B71-512,0,script,-1,complete,Not capability,0% <= x < 16.7%,0% <= x < 16.7%,0,0,0,1,1,1,0,0,0,0,0,0,0,1,0,0,0.0,0
584892.mira,584892,mira,2015-09-02 08:36:55,20150902,2015-09-02 08:38:45,20150902,2015-09-02 08:42:45,20150902,34871601655553,97534845395728,backfill,300.0,240.0,512.0,432.0,8192.0,6912.0,MIR-04C00-37F31-512,0,110,0,110,0,460.8,546.1333,0.0,546.1333,0.0,0.0,546.1333,MIR-04C00-37F31-512,0,script,-1,complete,Not capability,0% <= x < 16.7%,0% <= x < 16.7%,0,0,0,1,1,1,0,0,0,0,0,0,0,1,0,0,0.0,0
584896.mira,584896,mira,2015-09-02 08:37:02,20150902,2015-09-02 08:40:34,20150902,2015-09-02 08:44:40,20150902,34871601655553,97534845395728,backfill,300.0,246.0,512.0,432.0,8192.0,6912.0,MIR-048C0-37BF1-512,0,212,0,212,0,474.24,562.0622,0.0,559.7866,0.0,0.0,559.7866,MIR-048C0-37BF1-512,0,script,-1,complete,Not capability,0% <= x < 16.7%,0% <= x < 16.7%,0,0,0,1,1,1,0,0,0,0,0,0,0,1,0,0,0.0,0
584894.mira,584894,mira,2015-09-02 08:36:59,20150902,2015-09-02 08:41:04,20150902,2015-09-02 08:45:03,20150902,34871601655553,97534845395728,backfill,300.0,239.0,512.0,432.0,8192.0,6912.0,MIR-04440-37771-512,0,246,0,246,0,456.96,541.5822,0.0,543.8577,0.0,0.0,543.8577,MIR-04440-37771-512,0,script,-1,complete,Not capability,0% <= x < 16.7%,0% <= x < 16.7%,0,0,0,1,1,1,0,0,0,0,0,0,0,1,0,0,0.0,0
584906.mira,584906,mira,2015-09-02 08:42:08,20150902,2015-09-02 08:43:03,20150902,2015-09-02 08:46:38,20150902,34871601655553,97534845395728,backfill,300.0,215.0,512.0,432.0,8192.0,6912.0,MIR-04840-37B71-512,0,55,0,55,0,414.72,491.52,0.0,489.2444,0.0,0.0,489.2444,MIR-04840-37B71-512,0,script,-1,complete,Not capability,0% <= x < 16.7%,0% <= x < 16.7%,0,0,0,1,1,1,0,0,0,0,0,0,0,1,0,0,0.0,0
584907.mira,584907,mira,2015-09-02 08:42:09,20150902,2015-09-02 08:43:58,20150902,2015-09-02 08:47:35,20150902,34871601655553,97534845395728,backfill,300.0,217.0,512.0,432.0,8192.0,6912.0,MIR-04C00-37F31-512,0,108,0,108,0,418.56,496.0711,0.0,493.7955,0.0,0.0,493.7955,MIR-04C00-37F31-512,0,script,-1,complete,Not capability,0% <= x < 16.7%,0% <= x < 16.7%,0,0,0,1,1,1,0,0,0,0,0,0,0,1,0,0,0.0,0
584905.mira,584905,mira,2015-09-02 08:42:06,20150902,2015-09-02 08:45:17,20150902,2015-09-02 08:49:12,20150902,34871601655553,97534845395728,backfill,300.0,235.0,512.0,432.0,8192.0,6912.0,MIR-048C0-37BF1-512,0,191,0,191,0,453.12,537.0311,0.0,534.7555,0.0,0.0,534.7555,MIR-048C0-37BF1-512,0,script,-1,complete,Not capability,0% <= x < 16.7%,0% <= x < 16.7%,0,0,0,1,1,1,0,0,0,0,0,0,0,1,0,0,0.0,0
584904.mira,584904,mira,2015-09-02 08:42:04,20150902,2015-09-02 08:45:44,20150902,2015-09-02 08:49:57,20150902,34871601655553,97534845395728,backfill,300.0,253.0,512.0,432.0,8192.0,6912.0,MIR-04000-37331-512,0,220,0,220,0,483.84,573.44,0.0,575.7155,0.0,0.0,575.7155,MIR-04000-37331-512,0,script,-1,complete,Not capability,0% <= x < 16.7%,0% <= x < 16.7%,0,0,0,1,1,1,0,0,0,0,0,0,0,1,0,0,0.0,0
584916.mira,584916,mira,2015-09-02 08:47:15,20150902,2015-09-02 08:47:35,20150902,2015-09-02 08:51:07,20150902,34871601655553,97534845395728,backfill,300.0,212.0,512.0,432.0,8192.0,6912.0,MIR-04840-37B71-512,0,21,0,21,0,407.04,482.4178,0.0,482.4177,0.0,0.0,482.4177,MIR-04840-37B71-512,0,script,-1,complete,Not capability,0% <= x < 16.7%,0% <= x < 16.7%,0,0,0,1,1,1,0,0,0,0,0,0,0,1,0,0,0.0,0
584917.mira,584917,mira,2015-09-02 08:47:19,20150902,2015-09-02 08:48:33,20150902,2015-09-02 08:52:22,20150902,34871601655553,97534845395728,backfill,300.0,229.0,512.0,432.0,8192.0,6912.0,MIR-04C00-37F31-512,0,75,0,75,0,439.68,521.1022,0.0,521.1022,0.0,0.0,521.1022,MIR-04C00-37F31-512,0,script,-1,complete,Not capability,0% <= x < 16.7%,0% <= x < 16.7%,0,0,0,1,1,1,0,0,0,0,0,0,0,1,0,0,0.0,0
584914.mira,584914,mira,2015-09-02 08:47:11,20150902,2015-09-02 08:50:01,20150902,2015-09-02 08:53:32,20150902,34871601655553,97534845395728,backfill,300.0,211.0,512.0,432.0,8192.0,6912.0,MIR-048C0-37BF1-512,0,170,0,170,0,403.2,477.8667,0.0,480.1422,0.0,0.0,480.1422,MIR-048C0-37BF1-512,0,script,-1,complete,Not capability,0% <= x < 16.7%,0% <= x < 16.7%,0,0,0,1,1,1,0,0,0,0,0,0,0,1,0,0,0.0,0
584915.mira,584915,mira,2015-09-02 08:47:13,20150902,2015-09-02 08:50:57,20150902,2015-09-02 08:54:49,20150902,34871601655553,97534845395728,backfill,300.0,232.0,512.0,432.0,8192.0,6912.0,MIR-04400-37731-512,0,223,0,223,0,445.44,527.9289,0.0,527.9288,0.0,0.0,527.9288,MIR-04400-37731-512,0,script,-1,complete,Not capability,0% <= x < 16.7%,0% <= x < 16.7%,0,0,0,1,1,1,0,0,0,0,0,0,0,1,0,0,0.0,0
584893.mira,584893,mira,2015-09-02 08:36:57,20150902,2015-09-02 08:52:24,20150902,2015-09-02 08:56:15,20150902,34871601655553,97534845395728,backfill,300.0,231.0,512.0,432.0,8192.0,6912.0,MIR-04840-37B71-512,0,928,3,928,3,443.52,525.6533,0.0,525.6533,0.0,0.0,525.6533,MIR-04840-37B71-512,0,script,-1,complete,Not capability,0% <= x < 16.7%,0% <= x < 16.7%,0,0,0,1,1,1,0,0,0,0,0,0,0,1,0,0,0.0,0
584927.mira,584927,mira,2015-09-02 08:52:29,20150902,2015-09-02 08:53:20,20150902,2015-09-02 08:56:55,20150902,34871601655553,97534845395728,backfill,300.0,215.0,512.0,432.0,8192.0,6912.0,MIR-04CC0-37FF1-512,0,52,0,52,0,412.8,489.2444,0.0,489.2444,0.0,0.0,489.2444,MIR-04CC0-37FF1-512,0,script,-1,complete,Not capability,0% <= x < 16.7%,0% <= x < 16.7%,0,0,0,1,1,1,0,0,0,0,0,0,0,1,0,0,0.0,0
584928.mira,584928,mira,2015-09-02 08:52:30,20150902,2015-09-02 08:54:00,20150902,2015-09-02 08:57:40,20150902,34871601655553,97534845395728,backfill,300.0,220.0,512.0,432.0,8192.0,6912.0,MIR-048C0-37BF1-512,0,89,0,89,0,422.4,500.6222,0.0,500.6222,0.0,0.0,500.6222,MIR-048C0-37BF1-512,0,script,-1,complete,Not capability,0% <= x < 16.7%,0% <= x < 16.7%,0,0,0,1,1,1,0,0,0,0,0,0,0,1,0,0,0.0,0
584929.mira,584929,mira,2015-09-02 08:52:32,20150902,2015-09-02 08:55:23,20150902,2015-09-02 08:58:18,20150902,34871601655553,97534845395728,backfill,300.0,175.0,512.0,432.0,8192.0,6912.0,MIR-04440-37771-512,0,171,0,171,0,334.08,395.9467,0.0,398.2222,0.0,0.0,398.2222,MIR-04440-37771-512,0,script,-1,complete,Not capability,0% <= x < 16.7%,0% <= x < 16.7%,0,0,0,1,1,1,0,0,0,0,0,0,0,1,0,0,0.0,0
584926.mira,584926,mira,2015-09-02 08:52:27,20150902,2015-09-02 08:57:09,20150902,2015-09-02 09:01:16,20150902,34871601655553,97534845395728,backfill,300.0,247.0,512.0,432.0,8192.0,6912.0,MIR-04840-37B71-512,0,282,0,282,0,472.32,559.7867,0.0,562.0622,0.0,0.0,562.0622,MIR-04840-37B71-512,0,script,-1,complete,Not capability,0% <= x < 16.7%,0% <= x < 16.7%,0,0,0,1,1,1,0,0,0,0,0,0,0,1,0,0,0.0,0
584925.mira,584925,mira,2015-09-02 08:52:25,20150902,2015-09-02 08:57:37,20150902,2015-09-02 09:00:51,20150902,34871601655553,97534845395728,backfill,300.0,194.0,512.0,432.0,8192.0,6912.0,MIR-04C00-37F31-512,0,312,1,312,1,372.48,441.4578,0.0,441.4577,0.0,0.0,441.4577,MIR-04C00-37F31-512,0,script,-1,complete,Not capability,0% <= x < 16.7%,0% <= x < 16.7%,0,0,0,1,1,1,0,0,0,0,0,0,0,1,0,0,0.0,0
584937.mira,584937,mira,2015-09-02 08:57:44,20150902,2015-09-02 08:58:27,20150902,2015-09-02 09:01:04,20150902,34871601655553,97534845395728,backfill,300.0,157.0,512.0,432.0,8192.0,6912.0,MIR-048C0-37BF1-512,0,42,0,42,0,301.44,357.2622,0.0,357.2622,0.0,0.0,357.2622,MIR-048C0-37BF1-512,0,script,-1,complete,Not capability,0% <= x < 16.7%,0% <= x < 16.7%,0,0,0,1,1,1,0,0,0,0,0,0,0,1,0,0,0.0,0
584936.mira,584936,mira,2015-09-02 08:57:43,20150902,2015-09-02 08:59:34,20150902,2015-09-02 09:03:18,20150902,34871601655553,97534845395728,backfill,300.0,224.0,512.0,432.0,8192.0,6912.0,MIR-04440-37771-512,0,111,0,111,0,432.0,512.0,0.0,509.7244,0.0,0.0,509.7244,MIR-04440-37771-512,0,script,-1,complete,Not capability,0% <= x < 16.7%,0% <= x < 16.7%,0,0,0,1,1,1,0,0,0,0,0,0,0,1,0,0,0.0,0
584938.mira,584938,mira,2015-09-02 08:57:46,20150902,2015-09-02 09:01:27,20150902,2015-09-02 09:05:12,20150902,34871601655553,97534845395728,backfill,300.0,225.0,512.0,432.0,8192.0,6912.0,MIR-04C80-37FB1-512,0,220,0,220,0,432.0,512.0,0.0,512.0,0.0,0.0,512.0,MIR-04C80-37FB1-512,0,script,-1,complete,Not capability,0% <= x < 16.7%,0% <= x < 16.7%,0,0,0,1,1,1,0,0,0,0,0,0,0,1,0,0,0.0,0
584934.mira,584934,mira,2015-09-02 08:57:38,20150902,2015-09-02 09:01:55,20150902,2015-09-02 09:05:49,20150902,34871601655553,97534845395728,backfill,300.0,234.0,512.0,432.0,8192.0,6912.0,MIR-04840-37B71-512,0,258,0,258,0,447.36,530.2044,0.0,532.48,0.0,0.0,532.48,MIR-04840-37B71-512,0,script,-1,complete,Not capability,0% <= x < 16.7%,0% <= x < 16.7%,0,0,0,1,1,1,0,0,0,0,0,0,0,1,0,0,0.0,0
584935.mira,584935,mira,2015-09-02 08:57:40,20150902,2015-09-02 09:02:27,20150902,2015-09-02 09:06:29,20150902,34871601655553,97534845395728,backfill,300.0,242.0,512.0,432.0,8192.0,6912.0,MIR-048C0-37BF1-512,0,286,0,286,0,466.56,552.96,0.0,550.6844,0.0,0.0,550.6844,MIR-048C0-37BF1-512,0,script,-1,complete,Not capability,0% <= x < 16.7%,0% <= x < 16.7%,0,0,0,1,1,1,0,0,0,0,0,0,0,1,0,0,0.0,0
584945.mira,584945,mira,2015-09-02 09:02:55,20150902,2015-09-02 09:04:22,20150902,2015-09-02 09:07:59,20150902,34871601655553,97534845395728,backfill,300.0,217.0,512.0,432.0,8192.0,6912.0,MIR-04400-37731-512,0,86,0,86,0,418.56,496.0711,0.0,493.7955,0.0,0.0,493.7955,MIR-04400-37731-512,0,script,-1,complete,Not capability,0% <= x < 16.7%,0% <= x < 16.7%,0,0,0,1,1,1,0,0,0,0,0,0,0,1,0,0,0.0,0
584947.mira,584947,mira,2015-09-02 09:02:59,20150902,2015-09-02 09:06:15,20150902,2015-09-02 09:08:51,20150902,34871601655553,97534845395728,backfill,300.0,156.0,512.0,432.0,8192.0,6912.0,MIR-04CC0-37FF1-512,0,196,0,196,0,299.52,354.9867,0.0,354.9866,0.0,0.0,354.9866,MIR-04CC0-37FF1-512,0,script,-1,complete,Not capability,0% <= x < 16.7%,0% <= x < 16.7%,0,0,0,1,1,1,0,0,0,0,0,0,0,1,0,0,0.0,0
584948.mira,584948,mira,2015-09-02 09:03:00,20150902,2015-09-02 09:06:45,20150902,2015-09-02 09:10:10,20150902,34871601655553,97534845395728,backfill,300.0,205.0,512.0,432.0,8192.0,6912.0,MIR-04840-37B71-512,0,224,0,224,0,395.52,468.7644,0.0,466.4888,0.0,0.0,466.4888,MIR-04840-37B71-512,0,script,-1,complete,Not capability,0% <= x < 16.7%,0% <= x < 16.7%,0,0,0,1,1,1,0,0,0,0,0,0,0,1,0,0,0.0,0
584946.mira,584946,mira,2015-09-02 09:02:57,20150902,2015-09-02 09:07:14,20150902,2015-09-02 09:11:12,20150902,34871601655553,97534845395728,backfill,300.0,238.0,512.0,432.0,8192.0,6912.0,MIR-048C0-37BF1-512,0,257,0,257,0,456.96,541.5822,0.0,541.5822,0.0,0.0,541.5822,MIR-048C0-37BF1-512,0,script,-1,complete,Not capability,0% <= x < 16.7%,0% <= x < 16.7%,0,0,0,1,1,1,0,0,0,0,0,0,0,1,0,0,0.0,0
584959.mira,584959,mira,2015-09-02 09:08:17,20150902,2015-09-02 09:08:46,20150902,2015-09-02 09:12:06,20150902,34871601655553,97534845395728,backfill,300.0,200.0,512.0,432.0,8192.0,6912.0,MIR-044C0-377F1-512,0,30,0,30,0,384.0,455.1111,0.0,455.1111,0.0,0.0,455.1111,MIR-044C0-377F1-512,0,script,-1,complete,Not capability,0% <= x < 16.7%,0% <= x < 16.7%,0,0,0,1,1,1,0,0,0,0,0,0,0,1,0,0,0.0,0
584956.mira,584956,mira,2015-09-02 09:08:06,20150902,2015-09-02 09:10:13,20150902,2015-09-02 09:12:57,20150902,34871601655553,97534845395728,backfill,300.0,164.0,512.0,432.0,8192.0,6912.0,MIR-04C00-37F31-512,0,128,0,128,0,314.88,373.1911,0.0,373.1911,0.0,0.0,373.1911,MIR-04C00-37F31-512,0,script,-1,complete,Not capability,0% <= x < 16.7%,0% <= x < 16.7%,0,0,0,1,1,1,0,0,0,0,0,0,0,1,0,0,0.0,0
584957.mira,584957,mira,2015-09-02 09:08:08,20150902,2015-09-02 09:11:07,20150902,2015-09-02 09:14:05,20150902,34871601655553,97534845395728,backfill,300.0,178.0,512.0,432.0,8192.0,6912.0,MIR-04840-37B71-512,0,179,0,179,0,341.76,405.0489,0.0,405.0488,0.0,0.0,405.0488,MIR-04840-37B71-512,0,script,-1,complete,Not capability,0% <= x < 16.7%,0% <= x < 16.7%,0,0,0,1,1,1,0,0,0,0,0,0,0,1,0,0,0.0,0
584954.mira,584954,mira,2015-09-02 09:08:03,20150902,2015-09-02 09:12:05,20150902,2015-09-02 09:15:49,20150902,34871601655553,97534845395728,backfill,300.0,224.0,512.0,432.0,8192.0,6912.0,MIR-048C0-37BF1-512,0,243,0,243,0,428.16,507.4489,0.0,509.7244,0.0,0.0,509.7244,MIR-048C0-37BF1-512,0,script,-1,complete,Not capability,0% <= x < 16.7%,0% <= x < 16.7%,0,0,0,1,1,1,0,0,0,0,0,0,0,1,0,0,0.0,0
584955.mira,584955,mira,2015-09-02 09:08:04,20150902,2015-09-02 09:13:05,20150902,2015-09-02 09:16:02,20150902,34871601655553,97534845395728,backfill,300.0,177.0,512.0,432.0,8192.0,6912.0,MIR-04040-37371-512,0,301,1,301,1,337.92,400.4978,0.0,402.7733,0.0,0.0,402.7733,MIR-04040-37371-512,0,script,-1,complete,Not capability,0% <= x < 16.7%,0% <= x < 16.7%,0,0,0,1,1,1,0,0,0,0,0,0,0,1,0,0,0.0,0
584964.mira,584964,mira,2015-09-02 09:13:26,20150902,2015-09-02 09:14:05,20150902,2015-09-02 09:17:30,20150902,34871601655553,97534845395728,backfill,300.0,205.0,512.0,432.0,8192.0,6912.0,MIR-04C00-37F31-512,0,38,0,38,0,393.6,466.4889,0.0,466.4888,0.0,0.0,466.4888,MIR-04C00-37F31-512,0,script,-1,complete,Not capability,0% <= x < 16.7%,0% <= x < 16.7%,0,0,0,1,1,1,0,0,0,0,0,0,0,1,0,0,0.0,0
584967.mira,584967,mira,2015-09-02 09:13:32,20150902,2015-09-02 09:15:07,20150902,2015-09-02 09:17:58,20150902,34871601655553,97534845395728,backfill,300.0,171.0,512.0,432.0,8192.0,6912.0,MIR-04840-37B71-512,0,96,0,96,0,328.32,389.12,0.0,389.12,0.0,0.0,389.12,MIR-04840-37B71-512,0,script,-1,complete,Not capability,0% <= x < 16.7%,0% <= x < 16.7%,0,0,0,1,1,1,0,0,0,0,0,0,0,1,0,0,0.0,0
584968.mira,584968,mira,2015-09-02 09:13:33,20150902,2015-09-02 09:16:30,20150902,2015-09-02 09:19:18,20150902,34871601655553,97534845395728,backfill,300.0,168.0,512.0,432.0,8192.0,6912.0,MIR-04880-37BB1-512,0,176,0,176,0,324.48,384.5689,0.0,382.2933,0.0,0.0,382.2933,MIR-04880-37BB1-512,0,script,-1,complete,Not capability,0% <= x < 16.7%,0% <= x < 16.7%,0,0,0,1,1,1,0,0,0,0,0,0,0,1,0,0,0.0,0
584965.mira,584965,mira,2015-09-02 09:13:28,20150902,2015-09-02 09:17:01,20150902,2015-09-02 09:20:16,20150902,34871601655553,97534845395728,backfill,300.0,195.0,512.0,432.0,8192.0,6912.0,MIR-04400-37731-512,0,212,0,212,0,374.4,443.7333,0.0,443.7333,0.0,0.0,443.7333,MIR-04400-37731-512,0,script,-1,complete,Not capability,0% <= x < 16.7%,0% <= x < 16.7%,0,0,0,1,1,1,0,0,0,0,0,0,0,1,0,0,0.0,0
584966.mira,584966,mira,2015-09-02 09:13:30,20150902,2015-09-02 09:18:51,20150902,2015-09-02 09:22:02,20150902,34871601655553,97534845395728,backfill,300.0,191.0,512.0,432.0,8192.0,6912.0,MIR-04840-37B71-512,0,321,1,321,1,366.72,434.6311,0.0,434.6311,0.0,0.0,434.6311,MIR-04840-37B71-512,0,script,-1,complete,Not capability,0% <= x < 16.7%,0% <= x < 16.7%,0,0,0,1,1,1,0,0,0,0,0,0,0,1,0,0,0.0,0
584978.mira,584978,mira,2015-09-02 09:18:41,20150902,2015-09-02 09:19:21,20150902,2015-09-02 09:22:17,20150902,34871601655553,97534845395728,backfill,300.0,176.0,512.0,432.0,8192.0,6912.0,MIR-04CC0-37FF1-512,0,39,0,39,0,339.84,402.7733,0.0,400.4977,0.0,0.0,400.4977,MIR-04CC0-37FF1-512,0,script,-1,complete,Not capability,0% <= x < 16.7%,0% <= x < 16.7%,0,0,0,1,1,1,0,0,0,0,0,0,0,1,0,0,0.0,0
584979.mira,584979,mira,2015-09-02 09:18:44,20150902,2015-09-02 09:20:18,20150902,2015-09-02 09:23:35,20150902,34871601655553,97534845395728,backfill,300.0,197.0,512.0,432.0,8192.0,6912.0,MIR-048C0-37BF1-512,0,95,0,95,0,378.24,448.2844,0.0,448.2844,0.0,0.0,448.2844,MIR-048C0-37BF1-512,0,script,-1,complete,Not capability,0% <= x < 16.7%,0% <= x < 16.7%,0,0,0,1,1,1,0,0,0,0,0,0,0,1,0,0,0.0,0
584980.mira,584980,mira,2015-09-02 09:18:45,20150902,2015-09-02 09:21:16,20150902,2015-09-02 09:24:07,20150902,34871601655553,97534845395728,backfill,300.0,171.0,512.0,432.0,8192.0,6912.0,MIR-040C0-373F1-512,0,151,0,151,0,328.32,389.12,0.0,389.12,0.0,0.0,389.12,MIR-040C0-373F1-512,0,script,-1,complete,Not capability,0% <= x < 16.7%,0% <= x < 16.7%,0,0,0,1,1,1,0,0,0,0,0,0,0,1,0,0,0.0,0
584977.mira,584977,mira,2015-09-02 09:18:39,20150902,2015-09-02 09:23:17,20150902,2015-09-02 09:26:07,20150902,34871601655553,97534845395728,backfill,300.0,170.0,512.0,432.0,8192.0,6912.0,MIR-04840-37B71-512,0,278,0,278,0,328.32,389.12,0.0,386.8444,0.0,0.0,386.8444,MIR-04840-37B71-512,0,script,-1,complete,Not capability,0% <= x < 16.7%,0% <= x < 16.7%,0,0,0,1,1,1,0,0,0,0,0,0,0,1,0,0,0.0,0
584976.mira,584976,mira,2015-09-02 09:18:36,20150902,2015-09-02 09:23:44,20150902,2015-09-02 09:26:33,20150902,34871601655553,97534845395728,backfill,300.0,169.0,512.0,432.0,8192.0,6912.0,MIR-048C0-37BF1-512,0,308,1,308,1,326.4,386.8444,0.0,384.5688,0.0,0.0,384.5688,MIR-048C0-37BF1-512,0,script,-1,complete,Not capability,0% <= x < 16.7%,0% <= x < 16.7%,0,0,0,1,1,1,0,0,0,0,0,0,0,1,0,0,0.0,0
584988.mira,584988,mira,2015-09-02 09:23:50,20150902,2015-09-02 09:24:16,20150902,2015-09-02 09:26:47,20150902,34871601655553,97534845395728,backfill,300.0,151.0,512.0,432.0,8192.0,6912.0,MIR-04C40-37F71-512,0,26,0,26,0,291.84,345.8844,0.0,343.6088,0.0,0.0,343.6088,MIR-04C40-37F71-512,0,script,-1,complete,Not capability,0% <= x < 16.7%,0% <= x < 16.7%,0,0,0,1,1,1,0,0,0,0,0,0,0,1,0,0,0.0,0
584995.mira,584995,mira,2015-09-02 09:24:21,20150902,2015-09-02 09:24:46,20150902,2015-09-02 09:27:57,20150902,34871601655553,97534845395728,backfill,300.0,191.0,512.0,432.0,8192.0,6912.0,MIR-04480-377B1-512,0,25,0,25,0,366.72,434.6311,0.0,434.6311,0.0,0.0,434.6311,MIR-04480-377B1-512,0,script,-1,complete,Not capability,0% <= x < 16.7%,0% <= x < 16.7%,0,0,0,1,1,1,0,0,0,0,0,0,0,1,0,0,0.0,0
584993.mira,584993,mira,2015-09-02 09:24:18,20150902,2015-09-02 09:26:58,20150902,2015-09-02 09:29:45,20150902,34871601655553,97534845395728,backfill,300.0,167.0,512.0,432.0,8192.0,6912.0,MIR-04840-37B71-512,0,161,0,161,0,318.72,377.7422,0.0,380.0177,0.0,0.0,380.0177,MIR-04840-37B71-512,0,script,-1,complete,Not capability,0% <= x < 16.7%,0% <= x < 16.7%,0,0,0,1,1,1,0,0,0,0,0,0,0,1,0,0,0.0,0
584991.mira,584991,mira,2015-09-02 09:24:16,20150902,2015-09-02 09:27:26,20150902,2015-09-02 09:30:29,20150902,34871601655553,97534845395728,backfill,300.0,183.0,512.0,432.0,8192.0,6912.0,MIR-048C0-37BF1-512,0,191,0,191,0,351.36,416.4267,0.0,416.4266,0.0,0.0,416.4266,MIR-048C0-37BF1-512,0,script,-1,complete,Not capability,0% <= x < 16.7%,0% <= x < 16.7%,0,0,0,1,1,1,0,0,0,0,0,0,0,1,0,0,0.0,0
584994.mira,584994,mira,2015-09-02 09:24:19,20150902,2015-09-02 09:27:56,20150902,2015-09-02 09:30:41,20150902,34871601655553,97534845395728,backfill,300.0,165.0,512.0,432.0,8192.0,6912.0,MIR-04C00-37F31-512,0,216,0,216,0,316.8,375.4667,0.0,375.4666,0.0,0.0,375.4666,MIR-04C00-37F31-512,0,script,-1,complete,Not capability,0% <= x < 16.7%,0% <= x < 16.7%,0,0,0,1,1,1,0,0,0,0,0,0,0,1,0,0,0.0,0
584989.mira,584989,mira,2015-09-02 09:23:55,20150902,2015-09-02 09:28:51,20150902,2015-09-02 09:32:05,20150902,34871601655553,97534845395728,backfill,300.0,194.0,512.0,432.0,8192.0,6912.0,MIR-04480-377B1-512,0,295,0,295,0,374.4,443.7333,0.0,441.4577,0.0,0.0,441.4577,MIR-04480-377B1-512,0,script,-1,complete,Not capability,0% <= x < 16.7%,0% <= x < 16.7%,0,0,0,1,1,1,0,0,0,0,0,0,0,1,0,0,0.0,0
585004.mira,585004,mira,2015-09-02 09:29:27,20150902,2015-09-02 09:30:39,20150902,2015-09-02 09:33:49,20150902,34871601655553,97534845395728,backfill,300.0,190.0,512.0,432.0,8192.0,6912.0,MIR-04840-37B71-512,0,73,0,73,0,362.88,430.08,0.0,432.3555,0.0,0.0,432.3555,MIR-04840-37B71-512,0,script,-1,complete,Not capability,0% <= x < 16.7%,0% <= x < 16.7%,0,0,0,1,1,1,0,0,0,0,0,0,0,1,0,0,0.0,0
585003.mira,585003,mira,2015-09-02 09:29:25,20150902,2015-09-02 09:31:08,20150902,2015-09-02 09:34:37,20150902,34871601655553,97534845395728,backfill,300.0,209.0,512.0,432.0,8192.0,6912.0,MIR-04880-37BB1-512,0,103,0,103,0,401.28,475.5911,0.0,475.5911,0.0,0.0,475.5911,MIR-04880-37BB1-512,0,script,-1,complete,Not capability,0% <= x < 16.7%,0% <= x < 16.7%,0,0,0,1,1,1,0,0,0,0,0,0,0,1,0,0,0.0,0
585005.mira,585005,mira,2015-09-02 09:29:28,20150902,2015-09-02 09:31:36,20150902,2015-09-02 09:34:49,20150902,34871601655553,97534845395728,backfill,300.0,193.0,512.0,432.0,8192.0,6912.0,MIR-04C80-37FB1-512,0,127,0,127,0,372.48,441.4578,0.0,439.1822,0.0,0.0,439.1822,MIR-04C80-37FB1-512,0,script,-1,complete,Not capability,0% <= x < 16.7%,0% <= x < 16.7%,0,0,0,1,1,1,0,0,0,0,0,0,0,1,0,0,0.0,0
585002.mira,585002,mira,2015-09-02 09:29:23,20150902,2015-09-02 09:32:32,20150902,2015-09-02 09:35:25,20150902,34871601655553,97534845395728,backfill,300.0,173.0,512.0,432.0,8192.0,6912.0,MIR-04000-37331-512,0,189,0,189,0,330.24,391.3956,0.0,393.6711,0.0,0.0,393.6711,MIR-04000-37331-512,0,script,-1,complete,Not capability,0% <= x < 16.7%,0% <= x < 16.7%,0,0,0,1,1,1,0,0,0,0,0,0,0,1,0,0,0.0,0
584853.mira,584853,mira,2015-09-02 08:21:01,20150902,2015-09-02 09:34:45,20150902,2015-09-02 09:36:52,20150902,34871601655553,97534845395728,backfill,300.0,127.0,512.0,432.0,8192.0,6912.0,MIR-04840-37B71-512,0,4423,14,4423,14,245.76,291.2711,0.0,288.9955,0.0,0.0,288.9955,MIR-04840-37B71-512,0,script,-1,complete,Not capability,0% <= x < 16.7%,0% <= x < 16.7%,0,0,0,1,1,1,0,0,0,0,0,0,0,1,0,0,0.0,0
585017.mira,585017,mira,2015-09-02 09:34:45,20150902,2015-09-02 09:35:39,20150902,2015-09-02 09:38:10,20150902,34871601655553,97534845395728,backfill,300.0,151.0,512.0,432.0,8192.0,6912.0,MIR-048C0-37BF1-512,0,53,0,53,0,289.92,343.6089,0.0,343.6088,0.0,0.0,343.6088,MIR-048C0-37BF1-512,0,script,-1,complete,Not capability,0% <= x < 16.7%,0% <= x < 16.7%,0,0,0,1,1,1,0,0,0,0,0,0,0,1,0,0,0.0,0
585015.mira,585015,mira,2015-09-02 09:34:42,20150902,2015-09-02 09:36:07,20150902,2015-09-02 09:38:45,20150902,34871601655553,97534845395728,backfill,300.0,158.0,512.0,432.0,8192.0,6912.0,MIR-04C80-37FB1-512,0,85,0,85,0,303.36,359.5378,0.0,359.5377,0.0,0.0,359.5377,MIR-04C80-37FB1-512,0,script,-1,complete,Not capability,0% <= x < 16.7%,0% <= x < 16.7%,0,0,0,1,1,1,0,0,0,0,0,0,0,1,0,0,0.0,0
585016.mira,585016,mira,2015-09-02 09:34:44,20150902,2015-09-02 09:36:27,20150902,2015-09-02 09:39:30,20150902,34871601655553,97534845395728,backfill,300.0,183.0,512.0,432.0,8192.0,6912.0,MIR-04040-37371-512,0,103,0,103,0,353.28,418.7022,0.0,416.4266,0.0,0.0,416.4266,MIR-04040-37371-512,0,script,-1,complete,Not capability,0% <= x < 16.7%,0% <= x < 16.7%,0,0,0,1,1,1,0,0,0,0,0,0,0,1,0,0,0.0,0
585013.mira,585013,mira,2015-09-02 09:34:38,20150902,2015-09-02 09:37:38,20150902,2015-09-02 09:40:33,20150902,34871601655553,97534845395728,backfill,300.0,175.0,512.0,432.0,8192.0,6912.0,MIR-04840-37B71-512,0,180,0,180,0,336.0,398.2222,0.0,398.2222,0.0,0.0,398.2222,MIR-04840-37B71-512,0,script,-1,complete,Not capability,0% <= x < 16.7%,0% <= x < 16.7%,0,0,0,1,1,1,0,0,0,0,0,0,0,1,0,0,0.0,0
585014.mira,585014,mira,2015-09-02 09:34:40,20150902,2015-09-02 09:39:01,20150902,2015-09-02 09:41:55,20150902,34871601655553,97534845395728,backfill,300.0,174.0,512.0,432.0,8192.0,6912.0,MIR-04880-37BB1-512,0,262,0,262,0,332.16,393.6711,0.0,395.9466,0.0,0.0,395.9466,MIR-04880-37BB1-512,0,script,-1,complete,Not capability,0% <= x < 16.7%,0% <= x < 16.7%,0,0,0,1,1,1,0,0,0,0,0,0,0,1,0,0,0.0,0
585012.mira,585012,mira,2015-09-02 09:34:32,20150902,2015-09-02 09:39:32,20150902,2015-09-02 09:42:26,20150902,34871601655553,97534845395728,backfill,300.0,174.0,512.0,432.0,8192.0,6912.0,MIR-04C40-37F71-512,0,301,1,301,1,332.16,393.6711,0.0,395.9466,0.0,0.0,395.9466,MIR-04C40-37F71-512,0,script,-1,complete,Not capability,0% <= x < 16.7%,0% <= x < 16.7%,0,0,0,1,1,1,0,0,0,0,0,0,0,1,0,0,0.0,0
584774.mira,584774,mira,2015-09-02 07:44:37,20150902,2015-09-02 09:40:02,20150902,2015-09-02 09:44:00,20150902,34871601655553,97534845395728,backfill,300.0,238.0,512.0,432.0,8192.0,6912.0,MIR-044C0-377F1-512,0,6810,22,6925,23,458.88,543.8578,0.0,541.5822,0.0,0.0,541.5822,MIR-044C0-377F1-512,0,script,-1,complete,Not capability,0% <= x < 16.7%,0% <= x < 16.7%,0,0,0,1,1,1,0,0,0,0,0,0,0,1,0,0,0.0,0
585026.mira,585026,mira,2015-09-02 09:40:04,20150902,2015-09-02 09:40:53,20150902,2015-09-02 09:43:16,20150902,34871601655553,97534845395728,backfill,300.0,143.0,512.0,432.0,8192.0,6912.0,MIR-04840-37B71-512,0,49,0,49,0,274.56,325.4044,0.0,325.4044,0.0,0.0,325.4044,MIR-04840-37B71-512,0,script,-1,complete,Not capability,0% <= x < 16.7%,0% <= x < 16.7%,0,0,0,1,1,1,0,0,0,0,0,0,0,1,0,0,0.0,0
585027.mira,585027,mira,2015-09-02 09:40:05,20150902,2015-09-02 09:42:37,20150902,2015-09-02 09:45:36,20150902,34871601655553,97534845395728,backfill,300.0,179.0,512.0,432.0,8192.0,6912.0,MIR-048C0-37BF1-512,0,151,0,151,0,343.68,407.3244,0.0,407.3244,0.0,0.0,407.3244,MIR-048C0-37BF1-512,0,script,-1,complete,Not capability,0% <= x < 16.7%,0% <= x < 16.7%,0,0,0,1,1,1,0,0,0,0,0,0,0,1,0,0,0.0,0
585028.mira,585028,mira,2015-09-02 09:40:07,20150902,2015-09-02 09:43:06,20150902,2015-09-02 09:45:47,20150902,34871601655553,97534845395728,backfill,300.0,161.0,512.0,432.0,8192.0,6912.0,MIR-04C00-37F31-512,0,179,0,179,0,309.12,366.3644,0.0,366.3644,0.0,0.0,366.3644,MIR-04C00-37F31-512,0,script,-1,complete,Not capability,0% <= x < 16.7%,0% <= x < 16.7%,0,0,0,1,1,1,0,0,0,0,0,0,0,1,0,0,0.0,0
585025.mira,585025,mira,2015-09-02 09:39:53,20150902,2015-09-02 09:44:29,20150902,2015-09-02 09:48:17,20150902,34871601655553,97534845395728,backfill,300.0,228.0,512.0,432.0,8192.0,6912.0,MIR-04840-37B71-512,0,276,0,276,0,437.76,518.8267,0.0,518.8266,0.0,0.0,518.8266,MIR-04840-37B71-512,0,script,-1,complete,Not capability,0% <= x < 16.7%,0% <= x < 16.7%,0,0,0,1,1,1,0,0,0,0,0,0,0,1,0,0,0.0,0
583781.mira,583781,mira,2015-09-01 17:07:26,20150901,2015-09-02 09:49:19,20150902,2015-09-02 11:02:19,20150902,19538777423807,64663463907625,prod-short,7200.0,4380.0,512.0,512.0,8192.0,8192.0,MIR-04C00-37F31-512,0,2066,0,60112,8,9966.9333,9966.9333,0.0,9966.9333,0.0,0.0,9966.9333,MIR-04C00-37F31-512,0,c8,-1,complete,Not capability,0% <= x < 16.7%,0% <= x < 16.7%,0,0,0,1,1,1,0,0,0,0,0,0,0,1,0,0,0.0,0
585042.mira,585042,mira,2015-09-02 09:45:30,20150902,2015-09-02 09:49:46,20150902,2015-09-02 09:51:58,20150902,34871601655553,97534845395728,backfill,300.0,132.0,512.0,432.0,8192.0,6912.0,MIR-04C40-37F71-512,0,256,0,256,0,253.44,300.3733,0.0,300.3733,0.0,0.0,300.3733,MIR-04C40-37F71-512,0,script,-1,complete,Not capability,0% <= x < 16.7%,0% <= x < 16.7%,0,0,0,1,1,1,0,0,0,0,0,0,0,1,0,0,0.0,0
585039.mira,585039,mira,2015-09-02 09:45:25,20150902,2015-09-02 09:50:17,20150902,2015-09-02 09:53:13,20150902,34871601655553,97534845395728,backfill,300.0,176.0,512.0,432.0,8192.0,6912.0,MIR-04C80-37FB1-512,0,291,0,291,0,337.92,400.4978,0.0,400.4977,0.0,0.0,400.4977,MIR-04C80-37FB1-512,0,script,-1,complete,Not capability,0% <= x < 16.7%,0% <= x < 16.7%,0,0,0,1,1,1,0,0,0,0,0,0,0,1,0,0,0.0,0
585038.mira,585038,mira,2015-09-02 09:45:23,20150902,2015-09-02 09:50:46,20150902,2015-09-02 09:53:41,20150902,34871601655553,97534845395728,backfill,300.0,175.0,512.0,432.0,8192.0,6912.0,MIR-04880-37BB1-512,0,323,1,323,1,336.0,398.2222,0.0,398.2222,0.0,0.0,398.2222,MIR-04880-37BB1-512,0,script,-1,complete,Not capability,0% <= x < 16.7%,0% <= x < 16.7%,0,0,0,1,1,1,0,0,0,0,0,0,0,1,0,0,0.0,0
585050.mira,585050,mira,2015-09-02 09:50:50,20150902,2015-09-02 09:51:16,20150902,2015-09-02 09:53:42,20150902,34871601655553,97534845395728,backfill,300.0,146.0,512.0,432.0,8192.0,6912.0,MIR-04400-37731-512,0,26,0,26,0,280.32,332.2311,0.0,332.2311,0.0,0.0,332.2311,MIR-04400-37731-512,0,script,-1,complete,Not capability,0% <= x < 16.7%,0% <= x < 16.7%,0,0,0,1,1,1,0,0,0,0,0,0,0,1,0,0,0.0,0
585049.mira,585049,mira,2015-09-02 09:50:48,20150902,2015-09-02 09:52:32,20150902,2015-09-02 09:54:36,20150902,34871601655553,97534845395728,backfill,300.0,124.0,512.0,432.0,8192.0,6912.0,MIR-04C40-37F71-512,0,105,0,105,0,238.08,282.1689,0.0,282.1688,0.0,0.0,282.1688,MIR-04C40-37F71-512,0,script,-1,complete,Not capability,0% <= x < 16.7%,0% <= x < 16.7%,0,0,0,1,1,1,0,0,0,0,0,0,0,1,0,0,0.0,0
585048.mira,585048,mira,2015-09-02 09:50:46,20150902,2015-09-02 09:53:54,20150902,2015-09-02 09:56:17,20150902,34871601655553,97534845395728,backfill,300.0,143.0,512.0,432.0,8192.0,6912.0,MIR-04CC0-37FF1-512,0,188,0,188,0,274.56,325.4044,0.0,325.4044,0.0,0.0,325.4044,MIR-04CC0-37FF1-512,0,script,-1,complete,Not capability,0% <= x < 16.7%,0% <= x < 16.7%,0,0,0,1,1,1,0,0,0,0,0,0,0,1,0,0,0.0,0
585041.mira,585041,mira,2015-09-02 09:45:28,20150902,2015-09-02 09:54:26,20150902,2015-09-02 09:58:24,20150902,34871601655553,97534845395728,backfill,300.0,238.0,512.0,432.0,8192.0,6912.0,MIR-04840-37B71-512,0,538,1,538,1,456.96,541.5822,0.0,541.5822,0.0,0.0,541.5822,MIR-04840-37B71-512,0,script,-1,complete,Not capability,0% <= x < 16.7%,0% <= x < 16.7%,0,0,0,1,1,1,0,0,0,0,0,0,0,1,0,0,0.0,0
585040.mira,585040,mira,2015-09-02 09:45:27,20150902,2015-09-02 09:54:57,20150902,2015-09-02 09:57:57,20150902,34871601655553,97534845395728,backfill,300.0,180.0,512.0,432.0,8192.0,6912.0,MIR-04000-37331-512,0,570,1,570,1,347.52,411.8756,0.0,409.6,0.0,0.0,409.6,MIR-04000-37331-512,0,script,-1,complete,Not capability,0% <= x < 16.7%,0% <= x < 16.7%,0,0,0,1,1,1,0,0,0,0,0,0,0,1,0,0,0.0,0
585024.mira,585024,mira,2015-09-02 09:39:51,20150902,2015-09-02 09:55:30,20150902,2015-09-02 09:58:36,20150902,34871601655553,97534845395728,backfill,300.0,186.0,512.0,432.0,8192.0,6912.0,MIR-04C40-37F71-512,0,938,3,938,3,357.12,423.2533,0.0,423.2533,0.0,0.0,423.2533,MIR-04C40-37F71-512,0,script,-1,complete,Not capability,0% <= x < 16.7%,0% <= x < 16.7%,0,0,0,1,1,1,0,0,0,0,0,0,0,1,0,0,0.0,0
585061.mira,585061,mira,2015-09-02 09:56:02,20150902,2015-09-02 09:57:15,20150902,2015-09-02 10:00:05,20150902,34871601655553,97534845395728,backfill,300.0,170.0,512.0,432.0,8192.0,6912.0,MIR-04C80-37FB1-512,0,73,0,73,0,326.4,386.8444,0.0,386.8444,0.0,0.0,386.8444,MIR-04C80-37FB1-512,0,script,-1,complete,Not capability,0% <= x < 16.7%,0% <= x < 16.7%,0,0,0,1,1,1,0,0,0,0,0,0,0,1,0,0,0.0,0
585062.mira,585062,mira,2015-09-02 09:56:03,20150902,2015-09-02 09:58:35,20150902,2015-09-02 10:02:20,20150902,34871601655553,97534845395728,backfill,300.0,225.0,512.0,432.0,8192.0,6912.0,MIR-04040-37371-512,0,152,0,152,0,432.0,512.0,0.0,512.0,0.0,0.0,512.0,MIR-04040-37371-512,0,script,-1,complete,Not capability,0% <= x < 16.7%,0% <= x < 16.7%,0,0,0,1,1,1,0,0,0,0,0,0,0,1,0,0,0.0,0
585064.mira,585064,mira,2015-09-02 09:56:07,20150902,2015-09-02 09:59:05,20150902,2015-09-02 10:02:08,20150902,34871601655553,97534845395728,backfill,300.0,183.0,512.0,432.0,8192.0,6912.0,MIR-04840-37B71-512,0,178,0,178,0,353.28,418.7022,0.0,416.4266,0.0,0.0,416.4266,MIR-04840-37B71-512,0,script,-1,complete,Not capability,0% <= x < 16.7%,0% <= x < 16.7%,0,0,0,1,1,1,0,0,0,0,0,0,0,1,0,0,0.0,0
585063.mira,585063,mira,2015-09-02 09:56:05,20150902,2015-09-02 09:59:33,20150902,2015-09-02 10:03:00,20150902,34871601655553,97534845395728,backfill,300.0,207.0,512.0,432.0,8192.0,6912.0,MIR-04C40-37F71-512,0,208,0,208,0,399.36,473.3156,0.0,471.04,0.0,0.0,471.04,MIR-04C40-37F71-512,0,script,-1,complete,Not capability,0% <= x < 16.7%,0% <= x < 16.7%,0,0,0,1,1,1,0,0,0,0,0,0,0,1,0,0,0.0,0
585060.mira,585060,mira,2015-09-02 09:55:59,20150902,2015-09-02 10:00:58,20150902,2015-09-02 10:03:59,20150902,34871601655553,97534845395728,backfill,300.0,181.0,512.0,432.0,8192.0,6912.0,MIR-04C80-37FB1-512,0,299,0,299,0,349.44,414.1511,0.0,411.8755,0.0,0.0,411.8755,MIR-04C80-37FB1-512,0,script,-1,complete,Not capability,0% <= x < 16.7%,0% <= x < 16.7%,0,0,0,1,1,1,0,0,0,0,0,0,0,1,0,0,0.0,0
585074.mira,585074,mira,2015-09-02 10:01:31,20150902,2015-09-02 10:02:48,20150902,2015-09-02 10:06:47,20150902,34871601655553,97534845395728,backfill,300.0,239.0,512.0,432.0,8192.0,6912.0,MIR-04840-37B71-512,0,78,0,78,0,456.96,541.5822,0.0,543.8577,0.0,0.0,543.8577,MIR-04840-37B71-512,0,script,-1,complete,Not capability,0% <= x < 16.7%,0% <= x < 16.7%,0,0,0,1,1,1,0,0,0,0,0,0,0,1,0,0,0.0,0
585073.mira,585073,mira,2015-09-02 10:01:29,20150902,2015-09-02 10:03:17,20150902,2015-09-02 10:07:14,20150902,34871601655553,97534845395728,backfill,300.0,237.0,512.0,432.0,8192.0,6912.0,MIR-040C0-373F1-512,0,108,0,108,0,456.96,541.5822,0.0,539.3066,0.0,0.0,539.3066,MIR-040C0-373F1-512,0,script,-1,complete,Not capability,0% <= x < 16.7%,0% <= x < 16.7%,0,0,0,1,1,1,0,0,0,0,0,0,0,1,0,0,0.0,0
585072.mira,585072,mira,2015-09-02 10:01:26,20150902,2015-09-02 10:03:45,20150902,2015-09-02 10:07:40,20150902,34871601655553,97534845395728,backfill,300.0,235.0,512.0,432.0,8192.0,6912.0,MIR-04C40-37F71-512,0,139,0,139,0,453.12,537.0311,0.0,534.7555,0.0,0.0,534.7555,MIR-04C40-37F71-512,0,script,-1,complete,Not capability,0% <= x < 16.7%,0% <= x < 16.7%,0,0,0,1,1,1,0,0,0,0,0,0,0,1,0,0,0.0,0
585070.mira,585070,mira,2015-09-02 10:01:12,20150902,2015-09-02 10:04:27,20150902,2015-09-02 10:07:27,20150902,34871601655553,97534845395728,backfill,300.0,180.0,512.0,432.0,8192.0,6912.0,MIR-04CC0-37FF1-512,0,196,0,196,0,345.6,409.6,0.0,409.6,0.0,0.0,409.6,MIR-04CC0-37FF1-512,0,script,-1,complete,Not capability,0% <= x < 16.7%,0% <= x < 16.7%,0,0,0,1,1,1,0,0,0,0,0,0,0,1,0,0,0.0,0
585085.mira,585085,mira,2015-09-02 10:06:40,20150902,2015-09-02 10:07:26,20150902,2015-09-02 10:11:20,20150902,34871601655553,97534845395728,backfill,300.0,234.0,512.0,432.0,8192.0,6912.0,MIR-04840-37B71-512,0,46,0,46,0,449.28,532.48,0.0,532.48,0.0,0.0,532.48,MIR-04840-37B71-512,0,script,-1,complete,Not capability,0% <= x < 16.7%,0% <= x < 16.7%,0,0,0,1,1,1,0,0,0,0,0,0,0,1,0,0,0.0,0
585084.mira,585084,mira,2015-09-02 10:06:39,20150902,2015-09-02 10:07:54,20150902,2015-09-02 10:12:03,20150902,34871601655553,97534845395728,backfill,300.0,249.0,512.0,432.0,8192.0,6912.0,MIR-04480-377B1-512,0,76,0,76,0,476.16,564.3378,0.0,566.6133,0.0,0.0,566.6133,MIR-04480-377B1-512,0,script,-1,complete,Not capability,0% <= x < 16.7%,0% <= x < 16.7%,0,0,0,1,1,1,0,0,0,0,0,0,0,1,0,0,0.0,0
585082.mira,585082,mira,2015-09-02 10:06:36,20150902,2015-09-02 10:08:23,20150902,2015-09-02 10:12:40,20150902,34871601655553,97534845395728,backfill,300.0,257.0,512.0,432.0,8192.0,6912.0,MIR-04C40-37F71-512,0,107,0,107,0,495.36,587.0933,0.0,584.8177,0.0,0.0,584.8177,MIR-04C40-37F71-512,0,script,-1,complete,Not capability,0% <= x < 16.7%,0% <= x < 16.7%,0,0,0,1,1,1,0,0,0,0,0,0,0,1,0,0,0.0,0
585083.mira,585083,mira,2015-09-02 10:06:37,20150902,2015-09-02 10:08:44,20150902,2015-09-02 10:13:09,20150902,34871601655553,97534845395728,backfill,300.0,265.0,512.0,432.0,8192.0,6912.0,MIR-04C80-37FB1-512,0,127,0,127,0,508.8,603.0222,0.0,603.0222,0.0,0.0,603.0222,MIR-04C80-37FB1-512,0,script,-1,complete,Not capability,0% <= x < 16.7%,0% <= x < 16.7%,0,0,0,1,1,1,0,0,0,0,0,0,0,1,0,0,0.0,0
585069.mira,585069,mira,2015-09-02 10:01:09,20150902,2015-09-02 10:12:00,20150902,2015-09-02 10:15:29,20150902,34871601655553,97534845395728,backfill,300.0,209.0,512.0,432.0,8192.0,6912.0,MIR-04880-37BB1-512,0,651,2,651,2,403.2,477.8667,0.0,475.5911,0.0,0.0,475.5911,MIR-04880-37BB1-512,0,script,-1,complete,Not capability,0% <= x < 16.7%,0% <= x < 16.7%,0,0,0,1,1,1,0,0,0,0,0,0,0,1,0,0,0.0,0
585092.mira,585092,mira,2015-09-02 10:11:51,20150902,2015-09-02 10:13:23,20150902,2015-09-02 10:18:13,20150902,34871601655553,97534845395728,backfill,300.0,290.0,512.0,432.0,8192.0,6912.0,MIR-04C40-37F71-512,0,91,0,91,0,558.72,662.1867,0.0,659.9111,0.0,0.0,659.9111,MIR-04C40-37F71-512,0,script,-1,complete,Not capability,0% <= x < 16.7%,0% <= x < 16.7%,0,0,0,1,1,1,0,0,0,0,0,0,0,1,0,0,0.0,0
585093.mira,585093,mira,2015-09-02 10:11:53,20150902,2015-09-02 10:13:52,20150902,2015-09-02 10:18:37,20150902,34871601655553,97534845395728,backfill,300.0,285.0,512.0,432.0,8192.0,6912.0,MIR-04C80-37FB1-512,0,118,0,118,0,547.2,648.5333,0.0,648.5333,0.0,0.0,648.5333,MIR-04C80-37FB1-512,0,script,-1,complete,Not capability,0% <= x < 16.7%,0% <= x < 16.7%,0,0,0,1,1,1,0,0,0,0,0,0,0,1,0,0,0.0,0
585094.mira,585094,mira,2015-09-02 10:11:55,20150902,2015-09-02 10:14:20,20150902,2015-09-02 10:18:50,20150902,34871601655553,97534845395728,backfill,300.0,270.0,512.0,432.0,8192.0,6912.0,MIR-044C0-377F1-512,0,145,0,145,0,518.4,614.4,0.0,614.4,0.0,0.0,614.4,MIR-044C0-377F1-512,0,script,-1,complete,Not capability,0% <= x < 16.7%,0% <= x < 16.7%,0,0,0,1,1,1,0,0,0,0,0,0,0,1,0,0,0.0,0
585096.mira,585096,mira,2015-09-02 10:11:57,20150902,2015-09-02 10:16:17,20150902,2015-09-02 10:21:02,20150902,34871601655553,97534845395728,backfill,300.0,285.0,512.0,432.0,8192.0,6912.0,MIR-04880-37BB1-512,0,261,0,261,0,547.2,648.5333,0.0,648.5333,0.0,0.0,648.5333,MIR-04880-37BB1-512,0,script,-1,complete,Not capability,0% <= x < 16.7%,0% <= x < 16.7%,0,0,0,1,1,1,0,0,0,0,0,0,0,1,0,0,0.0,0
585101.mira,585101,mira,2015-09-02 10:17:00,20150902,2015-09-02 10:19:03,20150902,2015-09-02 10:22:38,20150902,34871601655553,97534845395728,backfill,300.0,215.0,512.0,432.0,8192.0,6912.0,MIR-04C40-37F71-512,0,122,0,122,0,414.72,491.52,0.0,489.2444,0.0,0.0,489.2444,MIR-04C40-37F71-512,0,script,-1,complete,Not capability,0% <= x < 16.7%,0% <= x < 16.7%,0,0,0,1,1,1,0,0,0,0,0,0,0,1,0,0,0.0,0
585103.mira,585103,mira,2015-09-02 10:17:04,20150902,2015-09-02 10:19:38,20150902,2015-09-02 10:23:21,20150902,34871601655553,97534845395728,backfill,300.0,223.0,512.0,432.0,8192.0,6912.0,MIR-04CC0-37FF1-512,0,153,0,153,0,430.08,509.7244,0.0,507.4488,0.0,0.0,507.4488,MIR-04CC0-37FF1-512,0,script,-1,complete,Not capability,0% <= x < 16.7%,0% <= x < 16.7%,0,0,0,1,1,1,0,0,0,0,0,0,0,1,0,0,0.0,0
585104.mira,585104,mira,2015-09-02 10:17:07,20150902,2015-09-02 10:20:08,20150902,2015-09-02 10:23:33,20150902,34871601655553,97534845395728,backfill,300.0,205.0,512.0,432.0,8192.0,6912.0,MIR-04000-37331-512,0,182,0,182,0,393.6,466.4889,0.0,466.4888,0.0,0.0,466.4888,MIR-04000-37331-512,0,script,-1,complete,Not capability,0% <= x < 16.7%,0% <= x < 16.7%,0,0,0,1,1,1,0,0,0,0,0,0,0,1,0,0,0.0,0
585105.mira,585105,mira,2015-09-02 10:17:08,20150902,2015-09-02 10:21:55,20150902,2015-09-02 10:26:03,20150902,34871601655553,97534845395728,backfill,300.0,248.0,512.0,432.0,8192.0,6912.0,MIR-04800-37B31-512,0,286,0,286,0,476.16,564.3378,0.0,564.3377,0.0,0.0,564.3377,MIR-04800-37B31-512,0,script,-1,complete,Not capability,0% <= x < 16.7%,0% <= x < 16.7%,0,0,0,1,1,1,0,0,0,0,0,0,0,1,0,0,0.0,0
585114.mira,585114,mira,2015-09-02 10:22:28,20150902,2015-09-02 10:23:21,20150902,2015-09-02 10:27:23,20150902,34871601655553,97534845395728,backfill,300.0,242.0,512.0,432.0,8192.0,6912.0,MIR-04C40-37F71-512,0,52,0,52,0,464.64,550.6844,0.0,550.6844,0.0,0.0,550.6844,MIR-04C40-37F71-512,0,script,-1,complete,Not capability,0% <= x < 16.7%,0% <= x < 16.7%,0,0,0,1,1,1,0,0,0,0,0,0,0,1,0,0,0.0,0
585113.mira,585113,mira,2015-09-02 10:22:27,20150902,2015-09-02 10:24:16,20150902,2015-09-02 10:27:46,20150902,34871601655553,97534845395728,backfill,300.0,210.0,512.0,432.0,8192.0,6912.0,MIR-04C80-37FB1-512,0,110,0,110,0,403.2,477.8667,0.0,477.8666,0.0,0.0,477.8666,MIR-04C80-37FB1-512,0,script,-1,complete,Not capability,0% <= x < 16.7%,0% <= x < 16.7%,0,0,0,1,1,1,0,0,0,0,0,0,0,1,0,0,0.0,0
585115.mira,585115,mira,2015-09-02 10:22:30,20150902,2015-09-02 10:24:46,20150902,2015-09-02 10:28:38,20150902,34871601655553,97534845395728,backfill,300.0,232.0,512.0,432.0,8192.0,6912.0,MIR-040C0-373F1-512,0,135,0,135,0,447.36,530.2044,0.0,527.9288,0.0,0.0,527.9288,MIR-040C0-373F1-512,0,script,-1,complete,Not capability,0% <= x < 16.7%,0% <= x < 16.7%,0,0,0,1,1,1,0,0,0,0,0,0,0,1,0,0,0.0,0
585112.mira,585112,mira,2015-09-02 10:22:24,20150902,2015-09-02 10:26:54,20150902,2015-09-02 10:31:15,20150902,34871601655553,97534845395728,backfill,300.0,261.0,512.0,432.0,8192.0,6912.0,MIR-04800-37B31-512,0,270,0,270,0,501.12,593.92,0.0,593.92,0.0,0.0,593.92,MIR-04800-37B31-512,0,script,-1,complete,Not capability,0% <= x < 16.7%,0% <= x < 16.7%,0,0,0,1,1,1,0,0,0,0,0,0,0,1,0,0,0.0,0
585124.mira,585124,mira,2015-09-02 10:27:32,20150902,2015-09-02 10:27:54,20150902,2015-09-02 10:31:56,20150902,34871601655553,97534845395728,backfill,300.0,242.0,512.0,432.0,8192.0,6912.0,MIR-04C40-37F71-512,0,22,0,22,0,464.64,550.6844,0.0,550.6844,0.0,0.0,550.6844,MIR-04C40-37F71-512,0,script,-1,complete,Not capability,0% <= x < 16.7%,0% <= x < 16.7%,0,0,0,1,1,1,0,0,0,0,0,0,0,1,0,0,0.0,0
585126.mira,585126,mira,2015-09-02 10:27:39,20150902,2015-09-02 10:28:27,20150902,2015-09-02 10:32:36,20150902,34871601655553,97534845395728,backfill,300.0,249.0,512.0,432.0,8192.0,6912.0,MIR-04C80-37FB1-512,0,49,0,49,0,476.16,564.3378,0.0,566.6133,0.0,0.0,566.6133,MIR-04C80-37FB1-512,0,script,-1,complete,Not capability,0% <= x < 16.7%,0% <= x < 16.7%,0,0,0,1,1,1,0,0,0,0,0,0,0,1,0,0,0.0,0
585128.mira,585128,mira,2015-09-02 10:27:45,20150902,2015-09-02 10:28:56,20150902,2015-09-02 10:32:22,20150902,34871601655553,97534845395728,backfill,300.0,206.0,512.0,432.0,8192.0,6912.0,MIR-04080-373B1-512,0,70,0,70,0,395.52,468.7644,0.0,468.7644,0.0,0.0,468.7644,MIR-04080-373B1-512,0,script,-1,complete,Not capability,0% <= x < 16.7%,0% <= x < 16.7%,0,0,0,1,1,1,0,0,0,0,0,0,0,1,0,0,0.0,0
585127.mira,585127,mira,2015-09-02 10:27:42,20150902,2015-09-02 10:31:56,20150902,2015-09-02 10:36:21,20150902,34871601655553,97534845395728,backfill,300.0,265.0,512.0,432.0,8192.0,6912.0,MIR-04880-37BB1-512,0,254,0,254,0,510.72,605.2978,0.0,603.0222,0.0,0.0,603.0222,MIR-04880-37BB1-512,0,script,-1,complete,Not capability,0% <= x < 16.7%,0% <= x < 16.7%,0,0,0,1,1,1,0,0,0,0,0,0,0,1,0,0,0.0,0
585125.mira,585125,mira,2015-09-02 10:27:34,20150902,2015-09-02 10:32:50,20150902,2015-09-02 10:36:34,20150902,34871601655553,97534845395728,backfill,300.0,224.0,512.0,432.0,8192.0,6912.0,MIR-04C40-37F71-512,0,315,1,315,1,432.0,512.0,0.0,509.7244,0.0,0.0,509.7244,MIR-04C40-37F71-512,0,script,-1,complete,Not capability,0% <= x < 16.7%,0% <= x < 16.7%,0,0,0,1,1,1,0,0,0,0,0,0,0,1,0,0,0.0,0
585141.mira,585141,mira,2015-09-02 10:32:55,20150902,2015-09-02 10:33:19,20150902,2015-09-02 10:36:22,20150902,34871601655553,97534845395728,backfill,300.0,183.0,512.0,432.0,8192.0,6912.0,MIR-04C80-37FB1-512,0,25,0,25,0,349.44,414.1511,0.0,416.4266,0.0,0.0,416.4266,MIR-04C80-37FB1-512,0,script,-1,complete,Not capability,0% <= x < 16.7%,0% <= x < 16.7%,0,0,0,1,1,1,0,0,0,0,0,0,0,1,0,0,0.0,0
585137.mira,585137,mira,2015-09-02 10:32:50,20150902,2015-09-02 10:33:41,20150902,2015-09-02 10:38:01,20150902,34871601655553,97534845395728,backfill,300.0,260.0,512.0,432.0,8192.0,6912.0,MIR-04080-373B1-512,0,51,0,51,0,499.2,591.6444,0.0,591.6444,0.0,0.0,591.6444,MIR-04080-373B1-512,0,script,-1,complete,Not capability,0% <= x < 16.7%,0% <= x < 16.7%,0,0,0,1,1,1,0,0,0,0,0,0,0,1,0,0,0.0,0
585143.mira,585143,mira,2015-09-02 10:32:58,20150902,2015-09-02 10:37:00,20150902,2015-09-02 10:40:37,20150902,34871601655553,97534845395728,backfill,300.0,217.0,512.0,432.0,8192.0,6912.0,MIR-04C80-37FB1-512,0,241,0,241,0,418.56,496.0711,0.0,493.7955,0.0,0.0,493.7955,MIR-04C80-37FB1-512,0,script,-1,complete,Not capability,0% <= x < 16.7%,0% <= x < 16.7%,0,0,0,1,1,1,0,0,0,0,0,0,0,1,0,0,0.0,0
585139.mira,585139,mira,2015-09-02 10:32:53,20150902,2015-09-02 10:37:30,20150902,2015-09-02 10:40:49,20150902,34871601655553,97534845395728,backfill,300.0,199.0,512.0,432.0,8192.0,6912.0,MIR-04C40-37F71-512,0,276,0,276,0,384.0,455.1111,0.0,452.8355,0.0,0.0,452.8355,MIR-04C40-37F71-512,0,script,-1,complete,Not capability,0% <= x < 16.7%,0% <= x < 16.7%,0,0,0,1,1,1,0,0,0,0,0,0,0,1,0,0,0.0,0
585142.mira,585142,mira,2015-09-02 10:32:57,20150902,2015-09-02 10:37:58,20150902,2015-09-02 10:41:34,20150902,34871601655553,97534845395728,backfill,300.0,216.0,512.0,432.0,8192.0,6912.0,MIR-048C0-37BF1-512,0,302,1,302,1,414.72,491.52,0.0,491.52,0.0,0.0,491.52,MIR-048C0-37BF1-512,0,script,-1,complete,Not capability,0% <= x < 16.7%,0% <= x < 16.7%,0,0,0,1,1,1,0,0,0,0,0,0,0,1,0,0,0.0,0
585151.mira,585151,mira,2015-09-02 10:38:06,20150902,2015-09-02 10:38:50,20150902,2015-09-02 10:41:35,20150902,34871601655553,97534845395728,backfill,300.0,165.0,512.0,432.0,8192.0,6912.0,MIR-04080-373B1-512,0,45,0,45,0,314.88,373.1911,0.0,375.4666,0.0,0.0,375.4666,MIR-04080-373B1-512,0,script,-1,complete,Not capability,0% <= x < 16.7%,0% <= x < 16.7%,0,0,0,1,1,1,0,0,0,0,0,0,0,1,0,0,0.0,0
585152.mira,585152,mira,2015-09-02 10:38:08,20150902,2015-09-02 10:41:34,20150902,2015-09-02 10:44:47,20150902,34871601655553,97534845395728,backfill,300.0,193.0,512.0,432.0,8192.0,6912.0,MIR-04C40-37F71-512,0,206,0,206,0,370.56,439.1822,0.0,439.1822,0.0,0.0,439.1822,MIR-04C40-37F71-512,0,script,-1,complete,Not capability,0% <= x < 16.7%,0% <= x < 16.7%,0,0,0,1,1,1,0,0,0,0,0,0,0,1,0,0,0.0,0
585150.mira,585150,mira,2015-09-02 10:38:04,20150902,2015-09-02 10:42:02,20150902,2015-09-02 10:45:11,20150902,34871601655553,97534845395728,backfill,300.0,189.0,512.0,432.0,8192.0,6912.0,MIR-04CC0-37FF1-512,0,238,0,238,0,362.88,430.08,0.0,430.08,0.0,0.0,430.08,MIR-04CC0-37FF1-512,0,script,-1,complete,Not capability,0% <= x < 16.7%,0% <= x < 16.7%,0,0,0,1,1,1,0,0,0,0,0,0,0,1,0,0,0.0,0
585149.mira,585149,mira,2015-09-02 10:38:01,20150902,2015-09-02 10:42:30,20150902,2015-09-02 10:46:56,20150902,34871601655553,97534845395728,backfill,300.0,266.0,512.0,432.0,8192.0,6912.0,MIR-04880-37BB1-512,0,268,0,268,0,510.72,605.2978,0.0,605.2977,0.0,0.0,605.2977,MIR-04880-37BB1-512,0,script,-1,complete,Not capability,0% <= x < 16.7%,0% <= x < 16.7%,0,0,0,1,1,1,0,0,0,0,0,0,0,1,0,0,0.0,0
585138.mira,585138,mira,2015-09-02 10:32:52,20150902,2015-09-02 10:43:00,20150902,2015-09-02 10:45:35,20150902,34871601655553,97534845395728,backfill,300.0,155.0,512.0,432.0,8192.0,6912.0,MIR-04000-37331-512,0,609,2,609,2,295.68,350.4356,0.0,352.7111,0.0,0.0,352.7111,MIR-04000-37331-512,0,script,-1,complete,Not capability,0% <= x < 16.7%,0% <= x < 16.7%,0,0,0,1,1,1,0,0,0,0,0,0,0,1,0,0,0.0,0
585166.mira,585166,mira,2015-09-02 10:43:27,20150902,2015-09-02 10:45:26,20150902,2015-09-02 10:48:07,20150902,34871601655553,97534845395728,backfill,300.0,161.0,512.0,432.0,8192.0,6912.0,MIR-04C40-37F71-512,0,119,0,119,0,311.04,368.64,0.0,366.3644,0.0,0.0,366.3644,MIR-04C40-37F71-512,0,script,-1,complete,Not capability,0% <= x < 16.7%,0% <= x < 16.7%,0,0,0,1,1,1,0,0,0,0,0,0,0,1,0,0,0.0,0
585163.mira,585163,mira,2015-09-02 10:43:10,20150902,2015-09-02 10:45:55,20150902,2015-09-02 10:49:48,20150902,34871601655553,97534845395728,backfill,300.0,233.0,512.0,432.0,8192.0,6912.0,MIR-04C80-37FB1-512,0,166,0,166,0,447.36,530.2044,0.0,530.2044,0.0,0.0,530.2044,MIR-04C80-37FB1-512,0,script,-1,complete,Not capability,0% <= x < 16.7%,0% <= x < 16.7%,0,0,0,1,1,1,0,0,0,0,0,0,0,1,0,0,0.0,0
585164.mira,585164,mira,2015-09-02 10:43:12,20150902,2015-09-02 10:46:52,20150902,2015-09-02 10:50:00,20150902,34871601655553,97534845395728,backfill,300.0,188.0,512.0,432.0,8192.0,6912.0,MIR-04040-37371-512,0,221,0,221,0,359.04,425.5289,0.0,427.8044,0.0,0.0,427.8044,MIR-04040-37371-512,0,script,-1,complete,Not capability,0% <= x < 16.7%,0% <= x < 16.7%,0,0,0,1,1,1,0,0,0,0,0,0,0,1,0,0,0.0,0
585165.mira,585165,mira,2015-09-02 10:43:13,20150902,2015-09-02 10:47:49,20150902,2015-09-02 10:51:11,20150902,34871601655553,97534845395728,backfill,300.0,202.0,512.0,432.0,8192.0,6912.0,MIR-04880-37BB1-512,0,276,0,276,0,385.92,457.3867,0.0,459.6622,0.0,0.0,459.6622,MIR-04880-37BB1-512,0,script,-1,complete,Not capability,0% <= x < 16.7%,0% <= x < 16.7%,0,0,0,1,1,1,0,0,0,0,0,0,0,1,0,0,0.0,0
585090.mira,585090,mira,2015-09-02 10:11:43,20150902,2015-09-02 10:48:46,20150902,2015-09-02 10:52:25,20150902,34871601655553,97534845395728,backfill,300.0,219.0,512.0,432.0,8192.0,6912.0,MIR-04C40-37F71-512,0,2224,7,2224,7,420.48,498.3467,0.0,498.3466,0.0,0.0,498.3466,MIR-04C40-37F71-512,0,script,-1,complete,Not capability,0% <= x < 16.7%,0% <= x < 16.7%,0,0,0,1,1,1,0,0,0,0,0,0,0,1,0,0,0.0,0
585176.mira,585176,mira,2015-09-02 10:48:49,20150902,2015-09-02 10:50:28,20150902,2015-09-02 10:53:49,20150902,34871601655553,97534845395728,backfill,300.0,201.0,512.0,432.0,8192.0,6912.0,MIR-04C80-37FB1-512,0,99,0,99,0,385.92,457.3867,0.0,457.3866,0.0,0.0,457.3866,MIR-04C80-37FB1-512,0,script,-1,complete,Not capability,0% <= x < 16.7%,0% <= x < 16.7%,0,0,0,1,1,1,0,0,0,0,0,0,0,1,0,0,0.0,0
585171.mira,585171,mira,2015-09-02 10:48:31,20150902,2015-09-02 10:50:57,20150902,2015-09-02 10:54:20,20150902,34871601655553,97534845395728,backfill,300.0,203.0,512.0,432.0,8192.0,6912.0,MIR-04440-37771-512,0,146,0,146,0,389.76,461.9378,0.0,461.9377,0.0,0.0,461.9377,MIR-04440-37771-512,0,script,-1,complete,Not capability,0% <= x < 16.7%,0% <= x < 16.7%,0,0,0,1,1,1,0,0,0,0,0,0,0,1,0,0,0.0,0
585174.mira,585174,mira,2015-09-02 10:48:37,20150902,2015-09-02 10:51:54,20150902,2015-09-02 10:54:33,20150902,34871601655553,97534845395728,backfill,300.0,159.0,512.0,432.0,8192.0,6912.0,MIR-048C0-37BF1-512,0,197,0,197,0,307.2,364.0889,0.0,361.8133,0.0,0.0,361.8133,MIR-048C0-37BF1-512,0,script,-1,complete,Not capability,0% <= x < 16.7%,0% <= x < 16.7%,0,0,0,1,1,1,0,0,0,0,0,0,0,1,0,0,0.0,0
585172.mira,585172,mira,2015-09-02 10:48:33,20150902,2015-09-02 10:53:20,20150902,2015-09-02 10:56:33,20150902,34871601655553,97534845395728,backfill,300.0,193.0,512.0,432.0,8192.0,6912.0,MIR-04C40-37F71-512,0,287,0,287,0,368.64,436.9067,0.0,439.1822,0.0,0.0,439.1822,MIR-04C40-37F71-512,0,script,-1,complete,Not capability,0% <= x < 16.7%,0% <= x < 16.7%,0,0,0,1,1,1,0,0,0,0,0,0,0,1,0,0,0.0,0
585185.mira,585185,mira,2015-09-02 10:53:53,20150902,2015-09-02 10:54:50,20150902,2015-09-02 10:58:20,20150902,34871601655553,97534845395728,backfill,300.0,210.0,512.0,432.0,8192.0,6912.0,MIR-04CC0-37FF1-512,0,57,0,57,0,401.28,475.5911,0.0,477.8666,0.0,0.0,477.8666,MIR-04CC0-37FF1-512,0,script,-1,complete,Not capability,0% <= x < 16.7%,0% <= x < 16.7%,0,0,0,1,1,1,0,0,0,0,0,0,0,1,0,0,0.0,0
585187.mira,585187,mira,2015-09-02 10:53:57,20150902,2015-09-02 10:55:18,20150902,2015-09-02 10:58:20,20150902,34871601655553,97534845395728,backfill,300.0,182.0,512.0,432.0,8192.0,6912.0,MIR-048C0-37BF1-512,0,82,0,82,0,349.44,414.1511,0.0,414.1511,0.0,0.0,414.1511,MIR-048C0-37BF1-512,0,script,-1,complete,Not capability,0% <= x < 16.7%,0% <= x < 16.7%,0,0,0,1,1,1,0,0,0,0,0,0,0,1,0,0,0.0,0
585188.mira,585188,mira,2015-09-02 10:53:58,20150902,2015-09-02 10:55:48,20150902,2015-09-02 10:58:33,20150902,34871601655553,97534845395728,backfill,300.0,165.0,512.0,432.0,8192.0,6912.0,MIR-044C0-377F1-512,0,110,0,110,0,314.88,373.1911,0.0,375.4666,0.0,0.0,375.4666,MIR-044C0-377F1-512,0,script,-1,complete,Not capability,0% <= x < 16.7%,0% <= x < 16.7%,0,0,0,1,1,1,0,0,0,0,0,0,0,1,0,0,0.0,0
585186.mira,585186,mira,2015-09-02 10:53:55,20150902,2015-09-02 10:57:09,20150902,2015-09-02 11:00:45,20150902,34871601655553,97534845395728,backfill,300.0,216.0,512.0,432.0,8192.0,6912.0,MIR-04C40-37F71-512,0,194,0,194,0,414.72,491.52,0.0,491.52,0.0,0.0,491.52,MIR-04C40-37F71-512,0,script,-1,complete,Not capability,0% <= x < 16.7%,0% <= x < 16.7%,0,0,0,1,1,1,0,0,0,0,0,0,0,1,0,0,0.0,0
585184.mira,585184,mira,2015-09-02 10:53:52,20150902,2015-09-02 10:59:01,20150902,2015-09-02 11:02:05,20150902,34871601655553,97534845395728,backfill,300.0,184.0,512.0,432.0,8192.0,6912.0,MIR-04C80-37FB1-512,0,310,1,310,1,353.28,418.7022,0.0,418.7022,0.0,0.0,418.7022,MIR-04C80-37FB1-512,0,script,-1,complete,Not capability,0% <= x < 16.7%,0% <= x < 16.7%,0,0,0,1,1,1,0,0,0,0,0,0,0,1,0,0,0.0,0
585198.mira,585198,mira,2015-09-02 10:59:02,20150902,2015-09-02 10:59:31,20150902,2015-09-02 11:02:19,20150902,34871601655553,97534845395728,backfill,300.0,168.0,512.0,432.0,8192.0,6912.0,MIR-04840-37B71-512,0,29,0,29,0,322.56,382.2933,0.0,382.2933,0.0,0.0,382.2933,MIR-04840-37B71-512,0,script,-1,complete,Not capability,0% <= x < 16.7%,0% <= x < 16.7%,0,0,0,1,1,1,0,0,0,0,0,0,0,1,0,0,0.0,0
585200.mira,585200,mira,2015-09-02 10:59:07,20150902,2015-09-02 11:00:00,20150902,2015-09-02 11:02:43,20150902,34871601655553,97534845395728,backfill,300.0,163.0,512.0,432.0,8192.0,6912.0,MIR-04480-377B1-512,0,54,0,54,0,312.96,370.9156,0.0,370.9155,0.0,0.0,370.9155,MIR-04480-377B1-512,0,script,-1,complete,Not capability,0% <= x < 16.7%,0% <= x < 16.7%,0,0,0,1,1,1,0,0,0,0,0,0,0,1,0,0,0.0,0
585202.mira,585202,mira,2015-09-02 10:59:11,20150902,2015-09-02 11:01:36,20150902,2015-09-02 11:04:12,20150902,34871601655553,97534845395728,backfill,300.0,156.0,512.0,432.0,8192.0,6912.0,MIR-04C40-37F71-512,0,145,0,145,0,299.52,354.9867,0.0,354.9866,0.0,0.0,354.9866,MIR-04C40-37F71-512,0,script,-1,complete,Not capability,0% <= x < 16.7%,0% <= x < 16.7%,0,0,0,1,1,1,0,0,0,0,0,0,0,1,0,0,0.0,0
585215.mira,585215,mira,2015-09-02 11:04:17,20150902,2015-09-02 11:05:11,20150902,2015-09-02 11:07:42,20150902,34871601655553,97534845395728,backfill,300.0,151.0,512.0,432.0,8192.0,6912.0,MIR-04840-37B71-512,0,53,0,53,0,291.84,345.8844,0.0,343.6088,0.0,0.0,343.6088,MIR-04840-37B71-512,0,script,-1,complete,Not capability,0% <= x < 16.7%,0% <= x < 16.7%,0,0,0,1,1,1,0,0,0,0,0,0,0,1,0,0,0.0,0
585217.mira,585217,mira,2015-09-02 11:04:21,20150902,2015-09-02 11:08:44,20150902,2015-09-02 11:11:40,20150902,34871601655553,97534845395728,backfill,300.0,176.0,512.0,432.0,8192.0,6912.0,MIR-04800-37B31-512,0,263,0,263,0,339.84,402.7733,0.0,400.4977,0.0,0.0,400.4977,MIR-04800-37B31-512,0,script,-1,complete,Not capability,0% <= x < 16.7%,0% <= x < 16.7%,0,0,0,1,1,1,0,0,0,0,0,0,0,1,0,0,0.0,0
585223.mira,585223,mira,2015-09-02 11:09:24,20150902,2015-09-02 11:12:23,20150902,2015-09-02 11:15:19,20150902,34871601655553,97534845395728,backfill,300.0,176.0,512.0,432.0,8192.0,6912.0,MIR-04C00-37F31-512,0,178,0,178,0,337.92,400.4978,0.0,400.4977,0.0,0.0,400.4977,MIR-04C00-37F31-512,0,script,-1,complete,Not capability,0% <= x < 16.7%,0% <= x < 16.7%,0,0,0,1,1,1,0,0,0,0,0,0,0,1,0,0,0.0,0
585232.mira,585232,mira,2015-09-02 11:14:30,20150902,2015-09-02 11:15:58,20150902,2015-09-02 11:19:01,20150902,34871601655553,97534845395728,backfill,300.0,183.0,512.0,432.0,8192.0,6912.0,MIR-04800-37B31-512,0,88,0,88,0,351.36,416.4267,0.0,416.4266,0.0,0.0,416.4266,MIR-04800-37B31-512,0,script,-1,complete,Not capability,0% <= x < 16.7%,0% <= x < 16.7%,0,0,0,1,1,1,0,0,0,0,0,0,0,1,0,0,0.0,0
585213.mira,585213,mira,2015-09-02 11:04:14,20150902,2015-09-02 11:19:49,20150902,2015-09-02 11:22:44,20150902,34871601655553,97534845395728,backfill,300.0,175.0,512.0,432.0,8192.0,6912.0,MIR-04840-37B71-512,0,935,3,935,3,334.08,395.9467,0.0,398.2222,0.0,0.0,398.2222,MIR-04840-37B71-512,0,script,-1,complete,Not capability,0% <= x < 16.7%,0% <= x < 16.7%,0,0,0,1,1,1,0,0,0,0,0,0,0,1,0,0,0.0,0
585239.mira,585239,mira,2015-09-02 11:19:34,20150902,2015-09-02 11:23:22,20150902,2015-09-02 11:26:45,20150902,34871601655553,97534845395728,backfill,300.0,203.0,512.0,432.0,8192.0,6912.0,MIR-04800-37B31-512,0,228,0,228,0,391.68,464.2133,0.0,461.9377,0.0,0.0,461.9377,MIR-04800-37B31-512,0,script,-1,complete,Not capability,0% <= x < 16.7%,0% <= x < 16.7%,0,0,0,1,1,1,0,0,0,0,0,0,0,1,0,0,0.0,0
585247.mira,585247,mira,2015-09-02 11:24:41,20150902,2015-09-02 11:27:49,20150902,2015-09-02 11:30:42,20150902,34871601655553,97534845395728,backfill,300.0,173.0,512.0,432.0,8192.0,6912.0,MIR-04C00-37F31-512,0,188,0,188,0,332.16,393.6711,0.0,393.6711,0.0,0.0,393.6711,MIR-04C00-37F31-512,0,script,-1,complete,Not capability,0% <= x < 16.7%,0% <= x < 16.7%,0,0,0,1,1,1,0,0,0,0,0,0,0,1,0,0,0.0,0
585255.mira,585255,mira,2015-09-02 11:29:43,20150902,2015-09-02 11:31:19,20150902,2015-09-02 11:33:46,20150902,34871601655553,97534845395728,backfill,300.0,147.0,512.0,432.0,8192.0,6912.0,MIR-04C80-37FB1-512,0,96,0,96,0,282.24,334.5067,0.0,334.5066,0.0,0.0,334.5066,MIR-04C80-37FB1-512,0,script,-1,complete,Not capability,0% <= x < 16.7%,0% <= x < 16.7%,0,0,0,1,1,1,0,0,0,0,0,0,0,1,0,0,0.0,0
585240.mira,585240,mira,2015-09-02 11:19:36,20150902,2015-09-02 11:34:50,20150902,2015-09-02 11:37:54,20150902,34871601655553,97534845395728,backfill,300.0,184.0,512.0,432.0,8192.0,6912.0,MIR-04C00-37F31-512,0,914,3,914,3,353.28,418.7022,0.0,418.7022,0.0,0.0,418.7022,MIR-04C00-37F31-512,0,script,-1,complete,Not capability,0% <= x < 16.7%,0% <= x < 16.7%,0,0,0,1,1,1,0,0,0,0,0,0,0,1,0,0,0.0,0
585262.mira,585262,mira,2015-09-02 11:34:46,20150902,2015-09-02 11:38:53,20150902,2015-09-02 11:41:19,20150902,34871601655553,97534845395728,backfill,300.0,146.0,512.0,432.0,8192.0,6912.0,MIR-04800-37B31-512,0,247,0,247,0,280.32,332.2311,0.0,332.2311,0.0,0.0,332.2311,MIR-04800-37B31-512,0,script,-1,complete,Not capability,0% <= x < 16.7%,0% <= x < 16.7%,0,0,0,1,1,1,0,0,0,0,0,0,0,1,0,0,0.0,0
585273.mira,585273,mira,2015-09-02 11:39:50,20150902,2015-09-02 11:41:55,20150902,2015-09-02 11:44:43,20150902,34871601655553,97534845395728,backfill,300.0,168.0,512.0,432.0,8192.0,6912.0,MIR-04C40-37F71-512,0,126,0,126,0,322.56,382.2933,0.0,382.2933,0.0,0.0,382.2933,MIR-04C40-37F71-512,0,script,-1,complete,Not capability,0% <= x < 16.7%,0% <= x < 16.7%,0,0,0,1,1,1,0,0,0,0,0,0,0,1,0,0,0.0,0
585280.mira,585280,mira,2015-09-02 11:44:52,20150902,2015-09-02 11:45:24,20150902,2015-09-02 11:48:26,20150902,34871601655553,97534845395728,backfill,300.0,182.0,512.0,432.0,8192.0,6912.0,MIR-04C80-37FB1-512,0,31,0,31,0,351.36,416.4267,0.0,414.1511,0.0,0.0,414.1511,MIR-04C80-37FB1-512,0,script,-1,complete,Not capability,0% <= x < 16.7%,0% <= x < 16.7%,0,0,0,1,1,1,0,0,0,0,0,0,0,1,0,0,0.0,0
585281.mira,585281,mira,2015-09-02 11:44:54,20150902,2015-09-02 11:49:19,20150902,2015-09-02 11:52:53,20150902,34871601655553,97534845395728,backfill,300.0,214.0,512.0,432.0,8192.0,6912.0,MIR-04C00-37F31-512,0,266,0,266,0,410.88,486.9689,0.0,486.9688,0.0,0.0,486.9688,MIR-04C00-37F31-512,0,script,-1,complete,Not capability,0% <= x < 16.7%,0% <= x < 16.7%,0,0,0,1,1,1,0,0,0,0,0,0,0,1,0,0,0.0,0
585298.mira,585298,mira,2015-09-02 11:49:56,20150902,2015-09-02 11:53:52,20150902,2015-09-02 11:57:19,20150902,34871601655553,97534845395728,backfill,300.0,207.0,512.0,432.0,8192.0,6912.0,MIR-048C0-37BF1-512,0,236,0,236,0,397.44,471.04,0.0,471.04,0.0,0.0,471.04,MIR-048C0-37BF1-512,0,script,-1,complete,Not capability,0% <= x < 16.7%,0% <= x < 16.7%,0,0,0,1,1,1,0,0,0,0,0,0,0,1,0,0,0.0,0
585302.mira,585302,mira,2015-09-02 11:54:58,20150902,2015-09-02 11:58:20,20150902,2015-09-02 12:00:59,20150902,34871601655553,97534845395728,backfill,300.0,159.0,512.0,432.0,8192.0,6912.0,MIR-048C0-37BF1-512,0,201,0,201,0,305.28,361.8133,0.0,361.8133,0.0,0.0,361.8133,MIR-048C0-37BF1-512,0,script,-1,complete,Not capability,0% <= x < 16.7%,0% <= x < 16.7%,0,0,0,1,1,1,0,0,0,0,0,0,0,1,0,0,0.0,0
585305.mira,585305,mira,2015-09-02 12:00:01,20150902,2015-09-02 12:01:51,20150902,2015-09-02 12:04:16,20150902,34871601655553,97534845395728,backfill,300.0,145.0,512.0,432.0,8192.0,6912.0,MIR-04C40-37F71-512,0,110,0,110,0,280.32,332.2311,0.0,329.9555,0.0,0.0,329.9555,MIR-04C40-37F71-512,0,script,-1,complete,Not capability,0% <= x < 16.7%,0% <= x < 16.7%,0,0,0,1,1,1,0,0,0,0,0,0,0,1,0,0,0.0,0
584073.mira,584073,mira,2015-09-01 21:51:42,20150901,2015-09-02 12:04:30,20150902,2015-09-02 15:05:03,20150902,96189774897037,73414259670960,prod-short,10800.0,10833.0,512.0,512.0,8192.0,8192.0,MIR-40840-73B71-512,143,26759,2,51167,4,24653.3689,24653.3689,0.0,24651.0933,0.0,0.0,24651.0933,MIR-40840-73B71-512,143,script,-1,complete,Not capability,0% <= x < 16.7%,0% <= x < 16.7%,8,0,0,0,8,0,0,0,1,1,0,0,0,0,0,0,0.0,0
583770.mira,583770,mira,2015-09-01 17:06:21,20150901,2015-09-02 12:04:57,20150902,2015-09-02 13:34:58,20150902,19538777423807,64663463907625,prod-short,7200.0,5401.0,512.0,512.0,8192.0,8192.0,MIR-40800-73B31-512,0,8432,1,68316,9,12290.2756,12290.2756,0.0,12290.2755,0.0,0.0,12290.2755,MIR-40800-73B31-512,0,c8,-1,complete,Not capability,0% <= x < 16.7%,0% <= x < 16.7%,0,0,0,1,1,1,0,0,0,0,0,0,0,1,0,0,0.0,0
583782.mira,583782,mira,2015-09-01 17:07:35,20150901,2015-09-02 12:05:20,20150902,2015-09-02 13:45:09,20150902,19538777423807,64663463907625,prod-short,7200.0,5989.0,512.0,512.0,8192.0,8192.0,MIR-40880-73BB1-512,0,3781,0,68265,9,13628.3022,13628.3022,0.0,13628.3022,0.0,0.0,13628.3022,MIR-40880-73BB1-512,0,c8,-1,complete,Not capability,0% <= x < 16.7%,0% <= x < 16.7%,0,0,0,1,1,1,0,0,0,0,0,0,0,1,0,0,0.0,0
585311.mira,585311,mira,2015-09-02 12:05:11,20150902,2015-09-02 12:05:48,20150902,2015-09-02 12:08:27,20150902,34871601655553,97534845395728,backfill,300.0,159.0,512.0,432.0,8192.0,6912.0,MIR-408C0-73BF1-512,0,37,0,37,0,305.28,361.8133,0.0,361.8133,0.0,0.0,361.8133,MIR-408C0-73BF1-512,0,script,-1,complete,Not capability,0% <= x < 16.7%,0% <= x < 16.7%,0,0,0,1,1,1,0,0,0,0,0,0,0,1,0,0,0.0,0
585310.mira,585310,mira,2015-09-02 12:05:03,20150902,2015-09-02 12:06:18,20150902,2015-09-02 12:08:38,20150902,34871601655553,97534845395728,backfill,300.0,140.0,512.0,432.0,8192.0,6912.0,MIR-048C0-37BF1-512,0,76,0,76,0,268.8,318.5778,0.0,318.5777,0.0,0.0,318.5777,MIR-048C0-37BF1-512,0,script,-1,complete,Not capability,0% <= x < 16.7%,0% <= x < 16.7%,0,0,0,1,1,1,0,0,0,0,0,0,0,1,0,0,0.0,0
585263.mira,585263,mira,2015-09-02 11:34:47,20150902,2015-09-02 12:09:09,20150902,2015-09-02 12:11:37,20150902,34871601655553,97534845395728,backfill,300.0,148.0,512.0,432.0,8192.0,6912.0,MIR-408C0-73BF1-512,0,2061,6,2061,6,286.08,339.0578,0.0,336.7822,0.0,0.0,336.7822,MIR-408C0-73BF1-512,0,script,-1,complete,Not capability,0% <= x < 16.7%,0% <= x < 16.7%,0,0,0,1,1,1,0,0,0,0,0,0,0,1,0,0,0.0,0
585216.mira,585216,mira,2015-09-02 11:04:19,20150902,2015-09-02 12:09:42,20150902,2015-09-02 12:12:23,20150902,34871601655553,97534845395728,backfill,300.0,161.0,512.0,432.0,8192.0,6912.0,MIR-048C0-37BF1-512,0,3922,13,3922,13,309.12,366.3644,0.0,366.3644,0.0,0.0,366.3644,MIR-048C0-37BF1-512,0,script,-1,complete,Not capability,0% <= x < 16.7%,0% <= x < 16.7%,0,0,0,1,1,1,0,0,0,0,0,0,0,1,0,0,0.0,0
585316.mira,585316,mira,2015-09-02 12:10:15,20150902,2015-09-02 12:12:37,20150902,2015-09-02 12:14:58,20150902,34871601655553,97534845395728,backfill,300.0,141.0,512.0,432.0,8192.0,6912.0,MIR-408C0-73BF1-512,0,141,0,141,0,270.72,320.8533,0.0,320.8533,0.0,0.0,320.8533,MIR-408C0-73BF1-512,0,script,-1,complete,Not capability,0% <= x < 16.7%,0% <= x < 16.7%,0,0,0,1,1,1,0,0,0,0,0,0,0,1,0,0,0.0,0
585317.mira,585317,mira,2015-09-02 12:10:17,20150902,2015-09-02 12:13:06,20150902,2015-09-02 12:16:32,20150902,34871601655553,97534845395728,backfill,300.0,206.0,512.0,432.0,8192.0,6912.0,MIR-04C00-37F31-512,0,169,0,169,0,397.44,471.04,0.0,468.7644,0.0,0.0,468.7644,MIR-04C00-37F31-512,0,script,-1,complete,Not capability,0% <= x < 16.7%,0% <= x < 16.7%,0,0,0,1,1,1,0,0,0,0,0,0,0,1,0,0,0.0,0
585324.mira,585324,mira,2015-09-02 12:15:24,20150902,2015-09-02 12:15:49,20150902,2015-09-02 12:18:57,20150902,34871601655553,97534845395728,backfill,300.0,188.0,512.0,432.0,8192.0,6912.0,MIR-408C0-73BF1-512,0,25,0,25,0,360.96,427.8044,0.0,427.8044,0.0,0.0,427.8044,MIR-408C0-73BF1-512,0,script,-1,complete,Not capability,0% <= x < 16.7%,0% <= x < 16.7%,0,0,0,1,1,1,0,0,0,0,0,0,0,1,0,0,0.0,0
585323.mira,585323,mira,2015-09-02 12:15:22,20150902,2015-09-02 12:17:13,20150902,2015-09-02 12:20:09,20150902,34871601655553,97534845395728,backfill,300.0,176.0,512.0,432.0,8192.0,6912.0,MIR-04880-37BB1-512,0,110,0,110,0,339.84,402.7733,0.0,400.4977,0.0,0.0,400.4977,MIR-04880-37BB1-512,0,script,-1,complete,Not capability,0% <= x < 16.7%,0% <= x < 16.7%,0,0,0,1,1,1,0,0,0,0,0,0,0,1,0,0,0.0,0
585325.mira,585325,mira,2015-09-02 12:15:27,20150902,2015-09-02 12:19:56,20150902,2015-09-02 12:22:53,20150902,34871601655553,97534845395728,backfill,300.0,177.0,512.0,432.0,8192.0,6912.0,MIR-408C0-73BF1-512,0,269,0,269,0,339.84,402.7733,0.0,402.7733,0.0,0.0,402.7733,MIR-408C0-73BF1-512,0,script,-1,complete,Not capability,0% <= x < 16.7%,0% <= x < 16.7%,0,0,0,1,1,1,0,0,0,0,0,0,0,1,0,0,0.0,0
585336.mira,585336,mira,2015-09-02 12:20:32,20150902,2015-09-02 12:20:50,20150902,2015-09-02 12:23:05,20150902,34871601655553,97534845395728,backfill,300.0,135.0,512.0,432.0,8192.0,6912.0,MIR-04CC0-37FF1-512,0,17,0,17,0,259.2,307.2,0.0,307.2,0.0,0.0,307.2,MIR-04CC0-37FF1-512,0,script,-1,complete,Not capability,0% <= x < 16.7%,0% <= x < 16.7%,0,0,0,1,1,1,0,0,0,0,0,0,0,1,0,0,0.0,0
585334.mira,585334,mira,2015-09-02 12:20:29,20150902,2015-09-02 12:23:31,20150902,2015-09-02 12:26:12,20150902,34871601655553,97534845395728,backfill,300.0,161.0,512.0,432.0,8192.0,6912.0,MIR-408C0-73BF1-512,0,183,0,183,0,309.12,366.3644,0.0,366.3644,0.0,0.0,366.3644,MIR-408C0-73BF1-512,0,script,-1,complete,Not capability,0% <= x < 16.7%,0% <= x < 16.7%,0,0,0,1,1,1,0,0,0,0,0,0,0,1,0,0,0.0,0
585335.mira,585335,mira,2015-09-02 12:20:31,20150902,2015-09-02 12:24:03,20150902,2015-09-02 12:27:49,20150902,34871601655553,97534845395728,backfill,300.0,226.0,512.0,432.0,8192.0,6912.0,MIR-04C40-37F71-512,0,212,0,212,0,435.84,516.5511,0.0,514.2755,0.0,0.0,514.2755,MIR-04C40-37F71-512,0,script,-1,complete,Not capability,0% <= x < 16.7%,0% <= x < 16.7%,0,0,0,1,1,1,0,0,0,0,0,0,0,1,0,0,0.0,0
585343.mira,585343,mira,2015-09-02 12:25:34,20150902,2015-09-02 12:27:11,20150902,2015-09-02 12:30:26,20150902,34871601655553,97534845395728,backfill,300.0,195.0,512.0,432.0,8192.0,6912.0,MIR-408C0-73BF1-512,0,97,0,97,0,374.4,443.7333,0.0,443.7333,0.0,0.0,443.7333,MIR-408C0-73BF1-512,0,script,-1,complete,Not capability,0% <= x < 16.7%,0% <= x < 16.7%,0,0,0,1,1,1,0,0,0,0,0,0,0,1,0,0,0.0,0
585344.mira,585344,mira,2015-09-02 12:25:36,20150902,2015-09-02 12:28:29,20150902,2015-09-02 12:32:44,20150902,34871601655553,97534845395728,backfill,300.0,255.0,512.0,432.0,8192.0,6912.0,MIR-04CC0-37FF1-512,0,173,0,173,0,487.68,577.9911,0.0,580.2666,0.0,0.0,580.2666,MIR-04CC0-37FF1-512,0,script,-1,complete,Not capability,0% <= x < 16.7%,0% <= x < 16.7%,0,0,0,1,1,1,0,0,0,0,0,0,0,1,0,0,0.0,0
585354.mira,585354,mira,2015-09-02 12:30:41,20150902,2015-09-02 12:31:06,20150902,2015-09-02 12:35:09,20150902,34871601655553,97534845395728,backfill,300.0,243.0,512.0,432.0,8192.0,6912.0,MIR-408C0-73BF1-512,0,26,0,26,0,466.56,552.96,0.0,552.96,0.0,0.0,552.96,MIR-408C0-73BF1-512,0,script,-1,complete,Not capability,0% <= x < 16.7%,0% <= x < 16.7%,0,0,0,1,1,1,0,0,0,0,0,0,0,1,0,0,0.0,0
585355.mira,585355,mira,2015-09-02 12:30:42,20150902,2015-09-02 12:33:36,20150902,2015-09-02 12:37:36,20150902,34871601655553,97534845395728,backfill,300.0,240.0,512.0,432.0,8192.0,6912.0,MIR-04840-37B71-512,0,173,0,173,0,462.72,548.4089,0.0,546.1333,0.0,0.0,546.1333,MIR-04840-37B71-512,0,script,-1,complete,Not capability,0% <= x < 16.7%,0% <= x < 16.7%,0,0,0,1,1,1,0,0,0,0,0,0,0,1,0,0,0.0,0
585353.mira,585353,mira,2015-09-02 12:30:39,20150902,2015-09-02 12:35:51,20150902,2015-09-02 12:40:17,20150902,34871601655553,97534845395728,backfill,300.0,266.0,512.0,432.0,8192.0,6912.0,MIR-408C0-73BF1-512,0,312,1,312,1,512.64,607.5733,0.0,605.2977,0.0,0.0,605.2977,MIR-408C0-73BF1-512,0,script,-1,complete,Not capability,0% <= x < 16.7%,0% <= x < 16.7%,0,0,0,1,1,1,0,0,0,0,0,0,0,1,0,0,0.0,0
585365.mira,585365,mira,2015-09-02 12:35:46,20150902,2015-09-02 12:38:31,20150902,2015-09-02 12:42:58,20150902,34871601655553,97534845395728,backfill,300.0,267.0,512.0,432.0,8192.0,6912.0,MIR-04880-37BB1-512,0,165,0,165,0,510.72,605.2978,0.0,607.5733,0.0,0.0,607.5733,MIR-04880-37BB1-512,0,script,-1,complete,Not capability,0% <= x < 16.7%,0% <= x < 16.7%,0,0,0,1,1,1,0,0,0,0,0,0,0,1,0,0,0.0,0
585372.mira,585372,mira,2015-09-02 12:40:51,20150902,2015-09-02 12:41:15,20150902,2015-09-02 12:45:06,20150902,34871601655553,97534845395728,backfill,300.0,231.0,512.0,432.0,8192.0,6912.0,MIR-408C0-73BF1-512,0,25,0,25,0,443.52,525.6533,0.0,525.6533,0.0,0.0,525.6533,MIR-408C0-73BF1-512,0,script,-1,complete,Not capability,0% <= x < 16.7%,0% <= x < 16.7%,0,0,0,1,1,1,0,0,0,0,0,0,0,1,0,0,0.0,0
585371.mira,585371,mira,2015-09-02 12:40:49,20150902,2015-09-02 12:46:09,20150902,2015-09-02 12:50:18,20150902,34871601655553,97534845395728,backfill,300.0,249.0,512.0,432.0,8192.0,6912.0,MIR-408C0-73BF1-512,0,320,1,320,1,478.08,566.6133,0.0,566.6133,0.0,0.0,566.6133,MIR-408C0-73BF1-512,0,script,-1,complete,Not capability,0% <= x < 16.7%,0% <= x < 16.7%,0,0,0,1,1,1,0,0,0,0,0,0,0,1,0,0,0.0,0
574362.mira,574362,mira,2015-08-27 15:13:33,20150827,2015-09-02 12:46:41,20150902,2015-09-02 22:34:29,20150902,91248026253305,73443375049831,prod-long,43200.0,35268.0,2048.0,2048.0,32768.0,32768.0,MIR-00C00-33FF1-2048,0,369502,8,509588,11,321017.1733,321017.1733,0.0,321017.1733,0.0,0.0,321017.1733,MIR-00C00-33FF1-2048,0,c4,-1,complete,Not capability,0% <= x < 16.7%,0% <= x < 16.7%,0,0,0,1,1,1,0,0,0,0,0,0,0,1,0,0,0.0,0
583880.mira,583880,mira,2015-09-01 19:12:38,20150901,2015-09-02 12:47:36,20150902,2015-09-02 18:08:15,20150902,71567357551105,17493214559505,prod-capability,21600.0,19239.0,16384.0,16384.0,262144.0,262144.0,MIR-04000-3BFF1-16384,0,63298,2,63298,2,1401014.0444,1401014.0444,1400941.2266,0.0,1400941.2266,0.0,0.0,MIR-04000-3BFF1-16384,0,c2,-1,complete,Capability,33.3% <= x <= 100%,33.3% <= x < 50.0%,0,0,0,1,1,1,0,0,0,0,0,0,0,1,0,0,1400941.2266,1
585379.mira,585379,mira,2015-09-02 12:46:00,20150902,2015-09-02 12:51:02,20150902,2015-09-02 12:55:13,20150902,34871601655553,97534845395728,backfill,300.0,251.0,512.0,432.0,8192.0,6912.0,MIR-408C0-73BF1-512,0,303,1,303,1,480.0,568.8889,0.0,571.1644,0.0,0.0,571.1644,MIR-408C0-73BF1-512,0,script,-1,complete,Not capability,0% <= x < 16.7%,0% <= x < 16.7%,0,0,0,1,1,1,0,0,0,0,0,0,0,1,0,0,0.0,0
585383.mira,585383,mira,2015-09-02 12:51:02,20150902,2015-09-02 12:56:01,20150902,2015-09-02 13:00:19,20150902,34871601655553,97534845395728,backfill,300.0,258.0,512.0,432.0,8192.0,6912.0,MIR-408C0-73BF1-512,0,299,0,299,0,497.28,589.3689,0.0,587.0933,0.0,0.0,587.0933,MIR-408C0-73BF1-512,0,script,-1,complete,Not capability,0% <= x < 16.7%,0% <= x < 16.7%,0,0,0,1,1,1,0,0,0,0,0,0,0,1,0,0,0.0,0
585389.mira,585389,mira,2015-09-02 12:56:04,20150902,2015-09-02 13:01:02,20150902,2015-09-02 13:05:09,20150902,34871601655553,97534845395728,backfill,300.0,247.0,512.0,432.0,8192.0,6912.0,MIR-408C0-73BF1-512,0,298,0,298,0,472.32,559.7867,0.0,562.0622,0.0,0.0,562.0622,MIR-408C0-73BF1-512,0,script,-1,complete,Not capability,0% <= x < 16.7%,0% <= x < 16.7%,0,0,0,1,1,1,0,0,0,0,0,0,0,1,0,0,0.0,0
585390.mira,585390,mira,2015-09-02 13:01:07,20150902,2015-09-02 13:05:49,20150902,2015-09-02 13:10:03,20150902,34871601655553,97534845395728,backfill,300.0,254.0,512.0,432.0,8192.0,6912.0,MIR-408C0-73BF1-512,0,282,0,282,0,487.68,577.9911,0.0,577.9911,0.0,0.0,577.9911,MIR-408C0-73BF1-512,0,script,-1,complete,Not capability,0% <= x < 16.7%,0% <= x < 16.7%,0,0,0,1,1,1,0,0,0,0,0,0,0,1,0,0,0.0,0
585391.mira,585391,mira,2015-09-02 13:06:18,20150902,2015-09-02 13:10:43,20150902,2015-09-02 13:15:04,20150902,34871601655553,97534845395728,backfill,300.0,261.0,512.0,432.0,8192.0,6912.0,MIR-408C0-73BF1-512,0,265,0,265,0,503.04,596.1956,0.0,593.92,0.0,0.0,593.92,MIR-408C0-73BF1-512,0,script,-1,complete,Not capability,0% <= x < 16.7%,0% <= x < 16.7%,0,0,0,1,1,1,0,0,0,0,0,0,0,1,0,0,0.0,0
585392.mira,585392,mira,2015-09-02 13:11:20,20150902,2015-09-02 13:15:44,20150902,2015-09-02 13:20:05,20150902,34871601655553,97534845395728,backfill,300.0,261.0,512.0,432.0,8192.0,6912.0,MIR-408C0-73BF1-512,0,264,0,264,0,503.04,596.1956,0.0,593.92,0.0,0.0,593.92,MIR-408C0-73BF1-512,0,script,-1,complete,Not capability,0% <= x < 16.7%,0% <= x < 16.7%,0,0,0,1,1,1,0,0,0,0,0,0,0,1,0,0,0.0,0
585393.mira,585393,mira,2015-09-02 13:16:22,20150902,2015-09-02 13:21:12,20150902,2015-09-02 13:25:00,20150902,34871601655553,97534845395728,backfill,300.0,228.0,512.0,432.0,8192.0,6912.0,MIR-408C0-73BF1-512,0,289,0,289,0,439.68,521.1022,0.0,518.8266,0.0,0.0,518.8266,MIR-408C0-73BF1-512,0,script,-1,complete,Not capability,0% <= x < 16.7%,0% <= x < 16.7%,0,0,0,1,1,1,0,0,0,0,0,0,0,1,0,0,0.0,0
585395.mira,585395,mira,2015-09-02 13:21:26,20150902,2015-09-02 13:25:44,20150902,2015-09-02 13:30:04,20150902,34871601655553,97534845395728,backfill,300.0,260.0,512.0,432.0,8192.0,6912.0,MIR-408C0-73BF1-512,0,259,0,259,0,499.2,591.6444,0.0,591.6444,0.0,0.0,591.6444,MIR-408C0-73BF1-512,0,script,-1,complete,Not capability,0% <= x < 16.7%,0% <= x < 16.7%,0,0,0,1,1,1,0,0,0,0,0,0,0,1,0,0,0.0,0
585397.mira,585397,mira,2015-09-02 13:26:29,20150902,2015-09-02 13:30:50,20150902,2015-09-02 13:34:47,20150902,34871601655553,97534845395728,backfill,300.0,237.0,512.0,432.0,8192.0,6912.0,MIR-408C0-73BF1-512,0,261,0,261,0,455.04,539.3067,0.0,539.3066,0.0,0.0,539.3066,MIR-408C0-73BF1-512,0,script,-1,complete,Not capability,0% <= x < 16.7%,0% <= x < 16.7%,0,0,0,1,1,1,0,0,0,0,0,0,0,1,0,0,0.0,0
585399.mira,585399,mira,2015-09-02 13:31:32,20150902,2015-09-02 13:35:26,20150902,2015-09-02 13:39:16,20150902,34871601655553,97534845395728,backfill,300.0,230.0,512.0,432.0,8192.0,6912.0,MIR-408C0-73BF1-512,0,234,0,234,0,441.6,523.3778,0.0,523.3777,0.0,0.0,523.3777,MIR-408C0-73BF1-512,0,script,-1,complete,Not capability,0% <= x < 16.7%,0% <= x < 16.7%,0,0,0,1,1,1,0,0,0,0,0,0,0,1,0,0,0.0,0
585378.mira,585378,mira,2015-09-02 12:45:55,20150902,2015-09-02 13:35:53,20150902,2015-09-02 13:40:31,20150902,34871601655553,97534845395728,backfill,300.0,278.0,512.0,432.0,8192.0,6912.0,MIR-40800-73B31-512,0,2999,9,2999,9,533.76,632.6044,0.0,632.6044,0.0,0.0,632.6044,MIR-40800-73B31-512,0,script,-1,complete,Not capability,0% <= x < 16.7%,0% <= x < 16.7%,0,0,0,1,1,1,0,0,0,0,0,0,0,1,0,0,0.0,0
585413.mira,585413,mira,2015-09-02 13:36:35,20150902,2015-09-02 13:40:19,20150902,2015-09-02 13:43:54,20150902,34871601655553,97534845395728,backfill,300.0,215.0,512.0,432.0,8192.0,6912.0,MIR-408C0-73BF1-512,0,224,0,224,0,412.8,489.2444,0.0,489.2444,0.0,0.0,489.2444,MIR-408C0-73BF1-512,0,script,-1,complete,Not capability,0% <= x < 16.7%,0% <= x < 16.7%,0,0,0,1,1,1,0,0,0,0,0,0,0,1,0,0,0.0,0
585364.mira,585364,mira,2015-09-02 12:35:45,20150902,2015-09-02 13:41:12,20150902,2015-09-02 13:45:32,20150902,34871601655553,97534845395728,backfill,300.0,260.0,512.0,432.0,8192.0,6912.0,MIR-40800-73B31-512,0,3927,13,3927,13,501.12,593.92,0.0,591.6444,0.0,0.0,591.6444,MIR-40800-73B31-512,0,script,-1,complete,Not capability,0% <= x < 16.7%,0% <= x < 16.7%,0,0,0,1,1,1,0,0,0,0,0,0,0,1,0,0,0.0,0
585398.mira,585398,mira,2015-09-02 13:29:54,20150902,2015-09-02 13:41:39,20150902,2015-09-02 14:24:17,20150902,66662098079296,85016681153800,prod-short,3600.0,2558.0,1024.0,1024.0,16384.0,16384.0,MIR-00000-33371-1-1024,0,705,0,705,0,11641.7422,11641.7422,0.0,11641.7422,0.0,0.0,11641.7422,MIR-00000-33371-1-1024,0,c8,-1,complete,Not capability,0% <= x < 16.7%,0% <= x < 16.7%,0,0,0,1,1,1,0,0,0,0,0,0,0,1,0,0,0.0,0
585416.mira,585416,mira,2015-09-02 13:41:41,20150902,2015-09-02 13:42:07,20150902,2015-09-02 13:45:49,20150902,34871601655553,97534845395728,backfill,300.0,222.0,512.0,432.0,8192.0,6912.0,MIR-00080-333B1-512,0,26,0,26,0,426.24,505.1733,0.0,505.1733,0.0,0.0,505.1733,MIR-00080-333B1-512,0,script,-1,complete,Not capability,0% <= x < 16.7%,0% <= x < 16.7%,0,0,0,1,1,1,0,0,0,0,0,0,0,1,0,0,0.0,0
585415.mira,585415,mira,2015-09-02 13:41:39,20150902,2015-09-02 13:44:54,20150902,2015-09-02 13:48:17,20150902,34871601655553,97534845395728,backfill,300.0,203.0,512.0,432.0,8192.0,6912.0,MIR-408C0-73BF1-512,0,195,0,195,0,391.68,464.2133,0.0,461.9377,0.0,0.0,461.9377,MIR-408C0-73BF1-512,0,script,-1,complete,Not capability,0% <= x < 16.7%,0% <= x < 16.7%,0,0,0,1,1,1,0,0,0,0,0,0,0,1,0,0,0.0,0
585214.mira,585214,mira,2015-09-02 11:04:16,20150902,2015-09-02 13:46:15,20150902,2015-09-02 13:48:57,20150902,34871601655553,97534845395728,backfill,300.0,162.0,512.0,432.0,8192.0,6912.0,MIR-40800-73B31-512,0,9720,32,9720,32,311.04,368.64,0.0,368.64,0.0,0.0,368.64,MIR-40800-73B31-512,0,script,-1,complete,Not capability,0% <= x < 16.7%,0% <= x < 16.7%,0,0,0,1,1,1,0,0,0,0,0,0,0,1,0,0,0.0,0
585199.mira,585199,mira,2015-09-02 10:59:05,20150902,2015-09-02 13:46:44,20150902,2015-09-02 13:49:10,20150902,34871601655553,97534845395728,backfill,300.0,146.0,512.0,432.0,8192.0,6912.0,MIR-000C0-333F1-512,0,10059,33,10059,33,280.32,332.2311,0.0,332.2311,0.0,0.0,332.2311,MIR-000C0-333F1-512,0,script,-1,complete,Not capability,0% <= x < 16.7%,0% <= x < 16.7%,0,0,0,1,1,1,0,0,0,0,0,0,0,1,0,0,0.0,0
574952.mira,574952,mira,2015-08-27 20:33:14,20150827,2015-09-02 13:49:13,20150902,2015-09-02 15:28:28,20150902,48672770312369,33099517800425,prod-long,43200.0,5955.0,1024.0,1024.0,16384.0,16384.0,MIR-40880-73BF1-1-1024,139,494159,11,494159,11,27101.8667,27101.8667,0.0,27101.8666,0.0,0.0,27101.8666,MIR-40880-73BF1-1-1024,139,c16,-1,complete,Not capability,0% <= x < 16.7%,0% <= x < 16.7%,0,0,0,1,1,1,0,0,0,0,0,0,0,1,0,0,0.0,0
583749.mira,583749,mira,2015-09-01 16:47:43,20150901,2015-09-02 13:49:42,20150902,2015-09-02 20:50:26,20150902,17770735834618,31646698867737,prod-long,25200.0,25244.0,512.0,512.0,8192.0,8192.0,MIR-40800-73B31-512,143,75720,3,75720,3,57444.1244,57444.1244,0.0,57444.1244,0.0,0.0,57444.1244,MIR-40800-73B31-512,143,c32,-1,complete,Not capability,0% <= x < 16.7%,0% <= x < 16.7%,0,0,0,1,1,1,0,0,0,0,0,0,0,1,0,0,0.0,0
585421.mira,585421,mira,2015-09-02 13:46:48,20150902,2015-09-02 13:50:04,20150902,2015-09-02 13:53:27,20150902,34871601655553,97534845395728,backfill,300.0,203.0,512.0,432.0,8192.0,6912.0,MIR-000C0-333F1-512,0,197,0,197,0,389.76,461.9378,0.0,461.9377,0.0,0.0,461.9377,MIR-000C0-333F1-512,0,script,-1,complete,Not capability,0% <= x < 16.7%,0% <= x < 16.7%,0,0,0,1,1,1,0,0,0,0,0,0,0,1,0,0,0.0,0
585425.mira,585425,mira,2015-09-02 13:51:56,20150902,2015-09-02 13:54:26,20150902,2015-09-02 13:58:10,20150902,34871601655553,97534845395728,backfill,300.0,224.0,512.0,432.0,8192.0,6912.0,MIR-00080-333B1-512,0,150,0,150,0,432.0,512.0,0.0,509.7244,0.0,0.0,509.7244,MIR-00080-333B1-512,0,script,-1,complete,Not capability,0% <= x < 16.7%,0% <= x < 16.7%,0,0,0,1,1,1,0,0,0,0,0,0,0,1,0,0,0.0,0
585427.mira,585427,mira,2015-09-02 13:57:05,20150902,2015-09-02 13:58:51,20150902,2015-09-02 14:03:02,20150902,34871601655553,97534845395728,backfill,300.0,251.0,512.0,432.0,8192.0,6912.0,MIR-000C0-333F1-512,0,106,0,106,0,483.84,573.44,0.0,571.1644,0.0,0.0,571.1644,MIR-000C0-333F1-512,0,script,-1,complete,Not capability,0% <= x < 16.7%,0% <= x < 16.7%,0,0,0,1,1,1,0,0,0,0,0,0,0,1,0,0,0.0,0
585429.mira,585429,mira,2015-09-02 14:02:07,20150902,2015-09-02 14:03:42,20150902,2015-09-02 14:06:37,20150902,34871601655553,97534845395728,backfill,300.0,175.0,512.0,432.0,8192.0,6912.0,MIR-00080-333B1-512,0,96,0,96,0,334.08,395.9467,0.0,398.2222,0.0,0.0,398.2222,MIR-00080-333B1-512,0,script,-1,complete,Not capability,0% <= x < 16.7%,0% <= x < 16.7%,0,0,0,1,1,1,0,0,0,0,0,0,0,1,0,0,0.0,0
585424.mira,585424,mira,2015-09-02 13:51:54,20150902,2015-09-02 14:07:16,20150902,2015-09-02 14:11:37,20150902,34871601655553,97534845395728,backfill,300.0,261.0,512.0,432.0,8192.0,6912.0,MIR-000C0-333F1-512,0,923,3,923,3,499.2,591.6444,0.0,593.92,0.0,0.0,593.92,MIR-000C0-333F1-512,0,script,-1,complete,Not capability,0% <= x < 16.7%,0% <= x < 16.7%,0,0,0,1,1,1,0,0,0,0,0,0,0,1,0,0,0.0,0
585436.mira,585436,mira,2015-09-02 14:12:14,20150902,2015-09-02 14:12:36,20150902,2015-09-02 14:15:59,20150902,34871601655553,97534845395728,backfill,300.0,203.0,512.0,432.0,8192.0,6912.0,MIR-00080-333B1-512,0,22,0,22,0,389.76,461.9378,0.0,461.9377,0.0,0.0,461.9377,MIR-00080-333B1-512,0,script,-1,complete,Not capability,0% <= x < 16.7%,0% <= x < 16.7%,0,0,0,1,1,1,0,0,0,0,0,0,0,1,0,0,0.0,0
585434.mira,585434,mira,2015-09-02 14:07:12,20150902,2015-09-02 14:16:37,20150902,2015-09-02 14:20:01,20150902,34871601655553,97534845395728,backfill,300.0,204.0,512.0,432.0,8192.0,6912.0,MIR-000C0-333F1-512,0,566,1,566,1,391.68,464.2133,0.0,464.2133,0.0,0.0,464.2133,MIR-000C0-333F1-512,0,script,-1,complete,Not capability,0% <= x < 16.7%,0% <= x < 16.7%,0,0,0,1,1,1,0,0,0,0,0,0,0,1,0,0,0.0,0
585442.mira,585442,mira,2015-09-02 14:17:18,20150902,2015-09-02 14:21:10,20150902,2015-09-02 14:24:17,20150902,34871601655553,97534845395728,backfill,300.0,187.0,512.0,432.0,8192.0,6912.0,MIR-000C0-333F1-512,0,232,0,232,0,359.04,425.5289,0.0,425.5288,0.0,0.0,425.5288,MIR-000C0-333F1-512,0,script,-1,complete,Not capability,0% <= x < 16.7%,0% <= x < 16.7%,0,0,0,1,1,1,0,0,0,0,0,0,0,1,0,0,0.0,0
585448.mira,585448,mira,2015-09-02 14:22:27,20150902,2015-09-02 14:25:17,20150902,2015-09-02 14:29:07,20150902,34871601655553,97534845395728,backfill,300.0,230.0,512.0,432.0,8192.0,6912.0,MIR-00040-33371-512,0,170,0,170,0,443.52,525.6533,0.0,523.3777,0.0,0.0,523.3777,MIR-00040-33371-512,0,script,-1,complete,Not capability,0% <= x < 16.7%,0% <= x < 16.7%,0,0,0,1,1,1,0,0,0,0,0,0,0,1,0,0,0.0,0
585453.mira,585453,mira,2015-09-02 14:27:29,20150902,2015-09-02 14:30:15,20150902,2015-09-02 14:33:21,20150902,34871601655553,97534845395728,backfill,300.0,186.0,512.0,432.0,8192.0,6912.0,MIR-00080-333B1-512,0,166,0,166,0,355.2,420.9778,0.0,423.2533,0.0,0.0,423.2533,MIR-00080-333B1-512,0,script,-1,complete,Not capability,0% <= x < 16.7%,0% <= x < 16.7%,0,0,0,1,1,1,0,0,0,0,0,0,0,1,0,0,0.0,0
585461.mira,585461,mira,2015-09-02 14:32:33,20150902,2015-09-02 14:34:14,20150902,2015-09-02 14:37:54,20150902,34871601655553,97534845395728,backfill,300.0,220.0,512.0,432.0,8192.0,6912.0,MIR-00000-33331-512,0,102,0,102,0,422.4,500.6222,0.0,500.6222,0.0,0.0,500.6222,MIR-00000-33331-512,0,script,-1,complete,Not capability,0% <= x < 16.7%,0% <= x < 16.7%,0,0,0,1,1,1,0,0,0,0,0,0,0,1,0,0,0.0,0
583787.mira,583787,mira,2015-09-01 17:09:14,20150901,2015-09-02 14:38:48,20150902,2015-09-02 20:39:45,20150902,50394197576862,38970600412679,prod-short,21600.0,21657.0,4096.0,4096.0,65536.0,65536.0,MIR-00000-337F1-4096,143,77374,3,77374,3,394235.4489,394235.4489,0.0,394253.6533,0.0,0.0,394253.6533,MIR-00000-337F1-4096,143,script,-1,complete,Not capability,0% <= x < 16.7%,0% <= x < 16.7%,0,57,0,0,57,0,1,0,0,0,0,0,1,0,0,0,0.0,0
568469.mira,568469,mira,2015-08-24 17:04:09,20150824,2015-09-02 14:53:39,20150902,2015-09-03 01:28:22,20150903,91248026253305,73443375049831,prod-long,43200.0,38083.0,2048.0,2048.0,32768.0,32768.0,MIR-00800-33BF1-2048,0,622069,14,769769,17,346649.0311,346649.0311,0.0,346639.9288,0.0,0.0,346639.9288,MIR-00800-33BF1-2048,0,c4,-1,complete,Not capability,0% <= x < 16.7%,0% <= x < 16.7%,0,0,0,1,1,1,0,0,0,0,0,0,0,1,0,0,0.0,0
583926.mira,583926,mira,2015-09-01 19:48:33,20150901,2015-09-02 14:58:31,20150902,2015-09-02 20:38:40,20150902,97344970981285,76440159825813,prod-short,21600.0,20137.484191116106,2048.0,2048.0,32768.0,32768.0,MIR-40C00-73FF1-2048,0,68999,3,68999,3,185767.2533,185767.2533,0.0,185767.2533,0.0,0.0,185767.2533,MIR-40C00-73FF1-2048,0,script,-1,complete,Not capability,0% <= x < 16.7%,0% <= x < 16.7%,0,0,2,0,2,0,0,1,0,0,1,0,0,0,0,0,0.0,0
583010.mira,583010,mira,2015-09-01 04:37:22,20150901,2015-09-02 15:06:02,20150902,2015-09-02 18:03:14,20150902,96189774897037,73414259670960,prod-short,10800.0,10632.0,512.0,512.0,8192.0,8192.0,MIR-40840-73B71-512,0,36368,3,124120,11,24193.7067,24193.7067,0.0,24193.7066,0.0,0.0,24193.7066,MIR-40840-73B71-512,0,script,-1,complete,Not capability,0% <= x < 16.7%,0% <= x < 16.7%,8,0,0,0,8,0,0,0,1,1,0,0,0,0,0,0,0.0,0
583822.mira,583822,mira,2015-09-01 17:48:50,20150901,2015-09-02 15:29:09,20150902,2015-09-02 21:30:19,20150902,18521055867206,96053935958097,prod-short,21600.0,21670.0,1024.0,1024.0,16384.0,16384.0,MIR-40880-73BF1-1-1024,143,78019,3,78019,3,98618.0267,98618.0267,0.0,98622.5777,0.0,0.0,98622.5777,MIR-40880-73BF1-1-1024,143,script,-1,complete,Not capability,0% <= x < 16.7%,0% <= x < 16.7%,0,0,0,1,1,1,0,0,0,0,0,0,0,1,0,0,0.0,0
584093.mira,584093,mira,2015-09-01 22:45:45,20150901,2015-09-02 17:33:06,20150902,2015-09-02 23:33:04,20150902,76542711572974,97399241755436,prod-short,21540.0,18863.241017386663,2048.0,2048.0,32768.0,32768.0,MIR-40000-733F1-2048,143,67640,3,67640,3,196589.7956,196589.7956,0.0,196589.7955,0.0,0.0,196589.7955,MIR-40000-733F1-2048,143,script,-1,complete,Not capability,0% <= x < 16.7%,0% <= x < 16.7%,8,0,8,0,8,0,0,1,1,0,0,1,0,0,0,0,0.0,0
583847.mira,583847,mira,2015-09-01 18:24:10,20150901,2015-09-02 17:45:49,20150902,2015-09-02 17:48:12,20150902,18521055867206,96053935958097,prod-short,21600.0,143.0,1024.0,1024.0,16384.0,16384.0,MIR-40480-737F1-1-1024,134,84099,3,84099,3,646.2578,646.2578,0.0,650.8088,0.0,0.0,650.8088,MIR-40480-737F1-1-1024,134,script,-1,complete,Not capability,0% <= x < 16.7%,0% <= x < 16.7%,0,0,0,1,1,1,0,0,0,0,0,0,0,1,0,0,0.0,0
583853.mira,583853,mira,2015-09-01 18:28:39,20150901,2015-09-02 17:46:18,20150902,2015-09-02 23:46:57,20150902,18521055867206,96053935958097,prod-short,21600.0,21639.0,1024.0,1024.0,16384.0,16384.0,MIR-40400-73771-1-1024,143,83858,3,83858,3,98481.4933,98481.4933,0.0,98481.4933,0.0,0.0,98481.4933,MIR-40400-73771-1-1024,143,script,-1,complete,Not capability,0% <= x < 16.7%,0% <= x < 16.7%,0,0,0,1,1,1,0,0,0,0,0,0,0,1,0,0,0.0,0
583900.mira,583900,mira,2015-09-01 19:27:27,20150901,2015-09-02 17:48:56,20150902,2015-09-02 23:49:24,20150902,18521055867206,96053935958097,prod-short,21600.0,21628.0,1024.0,1024.0,16384.0,16384.0,MIR-40480-737F1-1-1024,143,80489,3,80489,3,98435.9822,98435.9822,0.0,98431.4311,0.0,0.0,98431.4311,MIR-40480-737F1-1-1024,143,script,-1,complete,Not capability,0% <= x < 16.7%,0% <= x < 16.7%,0,0,0,1,1,1,0,0,0,0,0,0,0,1,0,0,0.0,0
584079.mira,584079,mira,2015-09-01 21:53:17,20150901,2015-09-02 18:03:54,20150902,2015-09-02 21:02:38,20150902,96189774897037,73414259670960,prod-short,10800.0,10724.0,512.0,512.0,8192.0,8192.0,MIR-40840-73B71-512,0,46967,4,72636,6,24405.3333,24405.3333,0.0,24403.0577,0.0,0.0,24403.0577,MIR-40840-73B71-512,0,script,-1,complete,Not capability,0% <= x < 16.7%,0% <= x < 16.7%,8,0,0,0,8,0,0,0,1,1,0,0,0,0,0,0,0.0,0
584206.mira,584206,mira,2015-09-02 02:56:57,20150902,2015-09-02 18:09:42,20150902,2015-09-03 00:10:38,20150903,50394197576862,38970600412679,prod-capability,21600.0,21656.0,8192.0,8192.0,131072.0,131072.0,MIR-08000-3BFF1-8192,143,54765,2,54765,2,788470.8978,788470.8978,788470.8977,0.0,0.0,788470.8977,0.0,MIR-08000-3BFF1-8192,143,script,-1,complete,Capability,16.7% <= x < 33.3%,16.7% <= x < 33.3%,0,30,0,0,30,0,1,0,0,0,0,0,1,0,0,0,0.0,0
583013.mira,583013,mira,2015-09-01 04:37:48,20150901,2015-09-02 18:10:10,20150902,2015-09-02 21:07:39,20150902,96189774897037,73414259670960,prod-short,10800.0,10649.0,512.0,512.0,8192.0,8192.0,MIR-04C80-37FB1-512,0,43011,3,135143,12,24230.1156,24230.1156,0.0,24232.3911,0.0,0.0,24232.3911,MIR-04C80-37FB1-512,0,script,-1,complete,Not capability,0% <= x < 16.7%,0% <= x < 16.7%,8,0,0,0,8,0,0,0,1,1,0,0,0,0,0,0,0.0,0
585500.mira,585500,mira,2015-09-02 15:13:03,20150902,2015-09-02 18:10:53,20150902,2015-09-02 18:51:48,20150902,66662098079296,85016681153800,prod-short,3600.0,2455.0,1024.0,1024.0,16384.0,16384.0,MIR-04C00-37F71-1-1024,0,10670,2,10670,2,11172.9778,11172.9778,0.0,11172.9777,0.0,0.0,11172.9777,MIR-04C00-37F71-1-1024,0,c8,-1,complete,Not capability,0% <= x < 16.7%,0% <= x < 16.7%,0,0,0,1,1,1,0,0,0,0,0,0,0,1,0,0,0.0,0
583771.mira,583771,mira,2015-09-01 17:06:23,20150901,2015-09-02 18:11:28,20150902,2015-09-02 19:57:49,20150902,19538777423807,64663463907625,prod-short,7200.0,6381.0,512.0,512.0,8192.0,8192.0,MIR-04CC0-37FF1-512,0,16590,2,90306,12,14520.32,14520.32,0.0,14520.32,0.0,0.0,14520.32,MIR-04CC0-37FF1-512,0,c8,-1,complete,Not capability,0% <= x < 16.7%,0% <= x < 16.7%,0,0,0,1,1,1,0,0,0,0,0,0,0,1,0,0,0.0,0
583783.mira,583783,mira,2015-09-01 17:07:36,20150901,2015-09-02 18:11:57,20150902,2015-09-02 19:39:57,20150902,19538777423807,64663463907625,prod-short,7200.0,5280.0,512.0,512.0,8192.0,8192.0,MIR-04800-37B31-512,0,16008,2,90261,12,12017.2089,12017.2089,0.0,12014.9333,0.0,0.0,12014.9333,MIR-04800-37B31-512,0,c8,-1,complete,Not capability,0% <= x < 16.7%,0% <= x < 16.7%,0,0,0,1,1,1,0,0,0,0,0,0,0,1,0,0,0.0,0
585605.mira,585605,mira,2015-09-02 17:42:30,20150902,2015-09-02 18:12:19,20150902,2015-09-02 18:58:06,20150902,47972554363297,57356241325548,prod-short,3600.0,2747.0,512.0,512.0,8192.0,8192.0,MIR-04840-37B71-512,0,1788,0,1788,0,6250.9511,6250.9511,0.0,6250.9511,0.0,0.0,6250.9511,MIR-04840-37B71-512,0,script,-1,complete,Not capability,0% <= x < 16.7%,0% <= x < 16.7%,8,0,0,0,8,0,0,0,1,1,0,0,0,0,0,0,0.0,0
585606.mira,585606,mira,2015-09-02 17:42:32,20150902,2015-09-02 18:12:48,20150902,2015-09-02 18:23:00,20150902,47972554363297,57356241325548,prod-short,3600.0,612.0,512.0,512.0,8192.0,8192.0,MIR-04880-37BB1-512,0,1816,0,1816,0,1392.64,1392.64,0.0,1392.64,0.0,0.0,1392.64,MIR-04880-37BB1-512,0,script,-1,complete,Not capability,0% <= x < 16.7%,0% <= x < 16.7%,8,0,0,0,8,0,0,0,1,1,0,0,0,0,0,0,0.0,0
585607.mira,585607,mira,2015-09-02 17:42:59,20150902,2015-09-02 18:13:20,20150902,2015-09-02 19:14:13,20150902,47972554363297,57356241325548,prod-short,3600.0,3653.0,512.0,512.0,8192.0,8192.0,MIR-04040-37371-512,143,1820,0,1820,0,8312.6044,8312.6044,0.0,8312.6044,0.0,0.0,8312.6044,MIR-04040-37371-512,143,script,-1,complete,Not capability,0% <= x < 16.7%,0% <= x < 16.7%,8,0,0,0,8,0,0,0,1,1,0,0,0,0,0,0,0.0,0
585466.mira,585466,mira,2015-09-02 14:42:44,20150902,2015-09-02 18:13:44,20150902,2015-09-02 18:17:06,20150902,34871601655553,97534845395728,backfill,300.0,202.0,512.0,432.0,8192.0,6912.0,MIR-04000-37331-512,0,12661,42,12661,42,387.84,459.6622,0.0,459.6622,0.0,0.0,459.6622,MIR-04000-37331-512,0,script,-1,complete,Not capability,0% <= x < 16.7%,0% <= x < 16.7%,0,0,0,1,1,1,0,0,0,0,0,0,0,1,0,0,0.0,0
585464.mira,585464,mira,2015-09-02 14:37:35,20150902,2015-09-02 18:14:15,20150902,2015-09-02 18:17:51,20150902,34871601655553,97534845395728,backfill,300.0,216.0,512.0,432.0,8192.0,6912.0,MIR-048C0-37BF1-512,0,13000,43,13000,43,414.72,491.52,0.0,491.52,0.0,0.0,491.52,MIR-048C0-37BF1-512,0,script,-1,complete,Not capability,0% <= x < 16.7%,0% <= x < 16.7%,0,0,0,1,1,1,0,0,0,0,0,0,0,1,0,0,0.0,0
585433.mira,585433,mira,2015-09-02 14:07:10,20150902,2015-09-02 18:14:46,20150902,2015-09-02 18:18:50,20150902,34871601655553,97534845395728,backfill,300.0,244.0,512.0,432.0,8192.0,6912.0,MIR-040C0-373F1-512,0,14857,49,14857,49,466.56,552.96,0.0,555.2355,0.0,0.0,555.2355,MIR-040C0-373F1-512,0,script,-1,complete,Not capability,0% <= x < 16.7%,0% <= x < 16.7%,0,0,0,1,1,1,0,0,0,0,0,0,0,1,0,0,0.0,0
585423.mira,585423,mira,2015-09-02 13:51:52,20150902,2015-09-02 18:15:16,20150902,2015-09-02 18:19:31,20150902,34871601655553,97534845395728,backfill,300.0,255.0,512.0,432.0,8192.0,6912.0,MIR-04480-377B1-512,0,15804,52,15804,52,489.6,580.2667,0.0,580.2666,0.0,0.0,580.2666,MIR-04480-377B1-512,0,script,-1,complete,Not capability,0% <= x < 16.7%,0% <= x < 16.7%,0,0,0,1,1,1,0,0,0,0,0,0,0,1,0,0,0.0,0
585422.mira,585422,mira,2015-09-02 13:46:50,20150902,2015-09-02 18:18:07,20150902,2015-09-02 18:21:59,20150902,34871601655553,97534845395728,backfill,300.0,232.0,512.0,432.0,8192.0,6912.0,MIR-04000-37331-512,0,16277,54,16277,54,445.44,527.9289,0.0,527.9288,0.0,0.0,527.9288,MIR-04000-37331-512,0,script,-1,complete,Not capability,0% <= x < 16.7%,0% <= x < 16.7%,0,0,0,1,1,1,0,0,0,0,0,0,0,1,0,0,0.0,0
585635.mira,585635,mira,2015-09-02 18:18:16,20150902,2015-09-02 18:18:34,20150902,2015-09-02 18:21:20,20150902,34871601655553,97534845395728,backfill,300.0,166.0,512.0,432.0,8192.0,6912.0,MIR-048C0-37BF1-512,0,19,0,19,0,316.8,375.4667,0.0,377.7422,0.0,0.0,377.7422,MIR-048C0-37BF1-512,0,script,-1,complete,Not capability,0% <= x < 16.7%,0% <= x < 16.7%,0,0,0,1,1,1,0,0,0,0,0,0,0,1,0,0,0.0,0
585637.mira,585637,mira,2015-09-02 18:19:04,20150902,2015-09-02 18:19:31,20150902,2015-09-02 18:31:22,20150902,66662098079296,85016681153800,prod-short,900.0,711.0,1024.0,1024.0,16384.0,16384.0,MIR-04080-373F1-1-1024,0,28,0,28,0,3235.84,3235.84,0.0,3235.84,0.0,0.0,3235.84,MIR-04080-373F1-1-1024,0,c8,-1,complete,Not capability,0% <= x < 16.7%,0% <= x < 16.7%,0,0,0,1,1,1,0,0,0,0,0,0,0,1,0,0,0.0,0
585634.mira,585634,mira,2015-09-02 18:18:13,20150902,2015-09-02 18:20:26,20150902,2015-09-02 18:23:42,20150902,34871601655553,97534845395728,backfill,300.0,196.0,512.0,432.0,8192.0,6912.0,MIR-04440-37771-512,0,133,0,133,0,374.4,443.7333,0.0,446.0088,0.0,0.0,446.0088,MIR-04440-37771-512,0,script,-1,complete,Not capability,0% <= x < 16.7%,0% <= x < 16.7%,0,0,0,1,1,1,0,0,0,0,0,0,0,1,0,0,0.0,0
585420.mira,585420,mira,2015-09-02 13:46:46,20150902,2015-09-02 18:22:18,20150902,2015-09-02 18:25:44,20150902,34871601655553,97534845395728,backfill,300.0,206.0,512.0,432.0,8192.0,6912.0,MIR-048C0-37BF1-512,0,16532,55,16532,55,393.6,466.4889,0.0,468.7644,0.0,0.0,468.7644,MIR-048C0-37BF1-512,0,script,-1,complete,Not capability,0% <= x < 16.7%,0% <= x < 16.7%,0,0,0,1,1,1,0,0,0,0,0,0,0,1,0,0,0.0,0
585197.mira,585197,mira,2015-09-02 10:59:01,20150902,2015-09-02 18:22:48,20150902,2015-09-02 18:25:18,20150902,34871601655553,97534845395728,backfill,300.0,150.0,512.0,432.0,8192.0,6912.0,MIR-04000-37331-512,0,26627,88,26627,88,288.0,341.3333,0.0,341.3333,0.0,0.0,341.3333,MIR-04000-37331-512,0,script,-1,complete,Not capability,0% <= x < 16.7%,0% <= x < 16.7%,0,0,0,1,1,1,0,0,0,0,0,0,0,1,0,0,0.0,0
585645.mira,585645,mira,2015-09-02 18:23:23,20150902,2015-09-02 18:24:09,20150902,2015-09-02 18:27:01,20150902,34871601655553,97534845395728,backfill,300.0,172.0,512.0,432.0,8192.0,6912.0,MIR-04480-377B1-512,0,45,0,45,0,330.24,391.3956,0.0,391.3955,0.0,0.0,391.3955,MIR-04480-377B1-512,0,script,-1,complete,Not capability,0% <= x < 16.7%,0% <= x < 16.7%,0,0,0,1,1,1,0,0,0,0,0,0,0,1,0,0,0.0,0
585643.mira,585643,mira,2015-09-02 18:23:20,20150902,2015-09-02 18:25:57,20150902,2015-09-02 18:28:44,20150902,34871601655553,97534845395728,backfill,300.0,167.0,512.0,432.0,8192.0,6912.0,MIR-04000-37331-512,0,157,0,157,0,322.56,382.2933,0.0,380.0177,0.0,0.0,380.0177,MIR-04000-37331-512,0,script,-1,complete,Not capability,0% <= x < 16.7%,0% <= x < 16.7%,0,0,0,1,1,1,0,0,0,0,0,0,0,1,0,0,0.0,0
585608.mira,585608,mira,2015-09-02 17:43:00,20150902,2015-09-02 18:26:29,20150902,2015-09-02 19:24:18,20150902,47972554363297,57356241325548,prod-short,3600.0,3469.0,512.0,512.0,8192.0,8192.0,MIR-048C0-37BF1-512,0,2609,0,2609,0,7893.9022,7893.9022,0.0,7893.9022,0.0,0.0,7893.9022,MIR-048C0-37BF1-512,0,script,-1,complete,Not capability,0% <= x < 16.7%,0% <= x < 16.7%,8,0,0,0,8,0,0,0,1,1,0,0,0,0,0,0,0.0,0
585642.mira,585642,mira,2015-09-02 18:23:18,20150902,2015-09-02 18:27:01,20150902,2015-09-02 18:30:10,20150902,34871601655553,97534845395728,backfill,300.0,189.0,512.0,432.0,8192.0,6912.0,MIR-04880-37BB1-512,0,223,0,223,0,362.88,430.08,0.0,430.08,0.0,0.0,430.08,MIR-04880-37BB1-512,0,script,-1,complete,Not capability,0% <= x < 16.7%,0% <= x < 16.7%,0,0,0,1,1,1,0,0,0,0,0,0,0,1,0,0,0.0,0
585644.mira,585644,mira,2015-09-02 18:23:22,20150902,2015-09-02 18:27:59,20150902,2015-09-02 18:31:23,20150902,34871601655553,97534845395728,backfill,300.0,204.0,512.0,432.0,8192.0,6912.0,MIR-044C0-377F1-512,0,277,0,277,0,391.68,464.2133,0.0,464.2133,0.0,0.0,464.2133,MIR-044C0-377F1-512,0,script,-1,complete,Not capability,0% <= x < 16.7%,0% <= x < 16.7%,0,0,0,1,1,1,0,0,0,0,0,0,0,1,0,0,0.0,0
585650.mira,585650,mira,2015-09-02 18:28:35,20150902,2015-09-02 18:30:10,20150902,2015-09-02 18:33:05,20150902,34871601655553,97534845395728,backfill,300.0,175.0,512.0,432.0,8192.0,6912.0,MIR-04000-37331-512,0,94,0,94,0,337.92,400.4978,0.0,398.2222,0.0,0.0,398.2222,MIR-04000-37331-512,0,script,-1,complete,Not capability,0% <= x < 16.7%,0% <= x < 16.7%,0,0,0,1,1,1,0,0,0,0,0,0,0,1,0,0,0.0,0
585652.mira,585652,mira,2015-09-02 18:28:39,20150902,2015-09-02 18:31:09,20150902,2015-09-02 18:33:54,20150902,34871601655553,97534845395728,backfill,300.0,165.0,512.0,432.0,8192.0,6912.0,MIR-04880-37BB1-512,0,151,0,151,0,316.8,375.4667,0.0,375.4666,0.0,0.0,375.4666,MIR-04880-37BB1-512,0,script,-1,complete,Not capability,0% <= x < 16.7%,0% <= x < 16.7%,0,0,0,1,1,1,0,0,0,0,0,0,0,1,0,0,0.0,0
585651.mira,585651,mira,2015-09-02 18:28:37,20150902,2015-09-02 18:32:05,20150902,2015-09-02 18:35:34,20150902,34871601655553,97534845395728,backfill,300.0,209.0,512.0,432.0,8192.0,6912.0,MIR-040C0-373F1-512,0,207,0,207,0,403.2,477.8667,0.0,475.5911,0.0,0.0,475.5911,MIR-040C0-373F1-512,0,script,-1,complete,Not capability,0% <= x < 16.7%,0% <= x < 16.7%,0,0,0,1,1,1,0,0,0,0,0,0,0,1,0,0,0.0,0
585649.mira,585649,mira,2015-09-02 18:28:33,20150902,2015-09-02 18:32:34,20150902,2015-09-02 18:35:16,20150902,34871601655553,97534845395728,backfill,300.0,162.0,512.0,432.0,8192.0,6912.0,MIR-044C0-377F1-512,0,241,0,241,0,312.96,370.9156,0.0,368.64,0.0,0.0,368.64,MIR-044C0-377F1-512,0,script,-1,complete,Not capability,0% <= x < 16.7%,0% <= x < 16.7%,0,0,0,1,1,1,0,0,0,0,0,0,0,1,0,0,0.0,0
585659.mira,585659,mira,2015-09-02 18:33:44,20150902,2015-09-02 18:34:07,20150902,2015-09-02 18:36:54,20150902,34871601655553,97534845395728,backfill,300.0,167.0,512.0,432.0,8192.0,6912.0,MIR-04000-37331-512,0,24,0,24,0,320.64,380.0178,0.0,380.0177,0.0,0.0,380.0177,MIR-04000-37331-512,0,script,-1,complete,Not capability,0% <= x < 16.7%,0% <= x < 16.7%,0,0,0,1,1,1,0,0,0,0,0,0,0,1,0,0,0.0,0
585660.mira,585660,mira,2015-09-02 18:33:45,20150902,2015-09-02 18:35:04,20150902,2015-09-02 18:38:11,20150902,34871601655553,97534845395728,backfill,300.0,187.0,512.0,432.0,8192.0,6912.0,MIR-04880-37BB1-512,0,78,0,78,0,360.96,427.8044,0.0,425.5288,0.0,0.0,425.5288,MIR-04880-37BB1-512,0,script,-1,complete,Not capability,0% <= x < 16.7%,0% <= x < 16.7%,0,0,0,1,1,1,0,0,0,0,0,0,0,1,0,0,0.0,0
585658.mira,585658,mira,2015-09-02 18:33:42,20150902,2015-09-02 18:35:33,20150902,2015-09-02 18:38:39,20150902,34871601655553,97534845395728,backfill,300.0,186.0,512.0,432.0,8192.0,6912.0,MIR-04440-37771-512,0,111,0,111,0,357.12,423.2533,0.0,423.2533,0.0,0.0,423.2533,MIR-04440-37771-512,0,script,-1,complete,Not capability,0% <= x < 16.7%,0% <= x < 16.7%,0,0,0,1,1,1,0,0,0,0,0,0,0,1,0,0,0.0,0
585661.mira,585661,mira,2015-09-02 18:33:47,20150902,2015-09-02 18:36:22,20150902,2015-09-02 18:39:39,20150902,34871601655553,97534845395728,backfill,300.0,197.0,512.0,432.0,8192.0,6912.0,MIR-04080-373B1-512,0,155,0,155,0,380.16,450.56,0.0,448.2844,0.0,0.0,448.2844,MIR-04080-373B1-512,0,script,-1,complete,Not capability,0% <= x < 16.7%,0% <= x < 16.7%,0,0,0,1,1,1,0,0,0,0,0,0,0,1,0,0,0.0,0
585201.mira,585201,mira,2015-09-02 10:59:09,20150902,2015-09-02 18:37:43,20150902,2015-09-02 18:40:53,20150902,34871601655553,97534845395728,backfill,300.0,190.0,512.0,432.0,8192.0,6912.0,MIR-04000-37331-512,0,27515,91,27515,91,362.88,430.08,0.0,432.3555,0.0,0.0,432.3555,MIR-04000-37331-512,0,script,-1,complete,Not capability,0% <= x < 16.7%,0% <= x < 16.7%,0,0,0,1,1,1,0,0,0,0,0,0,0,1,0,0,0.0,0
585175.mira,585175,mira,2015-09-02 10:48:47,20150902,2015-09-02 18:39:07,20150902,2015-09-02 18:42:36,20150902,34871601655553,97534845395728,backfill,300.0,209.0,512.0,432.0,8192.0,6912.0,MIR-04880-37BB1-512,0,28220,94,28220,94,403.2,477.8667,0.0,475.5911,0.0,0.0,475.5911,MIR-04880-37BB1-512,0,script,-1,complete,Not capability,0% <= x < 16.7%,0% <= x < 16.7%,0,0,0,1,1,1,0,0,0,0,0,0,0,1,0,0,0.0,0
585667.mira,585667,mira,2015-09-02 18:38:57,20150902,2015-09-02 18:39:40,20150902,2015-09-02 18:42:24,20150902,34871601655553,97534845395728,backfill,300.0,164.0,512.0,432.0,8192.0,6912.0,MIR-04480-377B1-512,0,43,0,43,0,316.8,375.4667,0.0,373.1911,0.0,0.0,373.1911,MIR-04480-377B1-512,0,script,-1,complete,Not capability,0% <= x < 16.7%,0% <= x < 16.7%,0,0,0,1,1,1,0,0,0,0,0,0,0,1,0,0,0.0,0
585668.mira,585668,mira,2015-09-02 18:38:58,20150902,2015-09-02 18:40:12,20150902,2015-09-02 18:43:45,20150902,34871601655553,97534845395728,backfill,300.0,213.0,512.0,432.0,8192.0,6912.0,MIR-040C0-373F1-512,0,74,0,74,0,408.96,484.6933,0.0,484.6933,0.0,0.0,484.6933,MIR-040C0-373F1-512,0,script,-1,complete,Not capability,0% <= x < 16.7%,0% <= x < 16.7%,0,0,0,1,1,1,0,0,0,0,0,0,0,1,0,0,0.0,0
585666.mira,585666,mira,2015-09-02 18:38:55,20150902,2015-09-02 18:41:38,20150902,2015-09-02 18:44:34,20150902,34871601655553,97534845395728,backfill,300.0,176.0,512.0,432.0,8192.0,6912.0,MIR-04000-37331-512,0,164,0,164,0,337.92,400.4978,0.0,400.4977,0.0,0.0,400.4977,MIR-04000-37331-512,0,script,-1,complete,Not capability,0% <= x < 16.7%,0% <= x < 16.7%,0,0,0,1,1,1,0,0,0,0,0,0,0,1,0,0,0.0,0
585669.mira,585669,mira,2015-09-02 18:39:08,20150902,2015-09-02 18:42:58,20150902,2015-09-02 18:45:37,20150902,34871601655553,97534845395728,backfill,300.0,159.0,512.0,432.0,8192.0,6912.0,MIR-044C0-377F1-512,0,229,0,229,0,307.2,364.0889,0.0,361.8133,0.0,0.0,361.8133,MIR-044C0-377F1-512,0,script,-1,complete,Not capability,0% <= x < 16.7%,0% <= x < 16.7%,0,0,0,1,1,1,0,0,0,0,0,0,0,1,0,0,0.0,0
585664.mira,585664,mira,2015-09-02 18:38:49,20150902,2015-09-02 18:43:27,20150902,2015-09-02 18:46:39,20150902,34871601655553,97534845395728,backfill,300.0,192.0,512.0,432.0,8192.0,6912.0,MIR-04880-37BB1-512,0,277,0,277,0,370.56,439.1822,0.0,436.9066,0.0,0.0,436.9066,MIR-04880-37BB1-512,0,script,-1,complete,Not capability,0% <= x < 16.7%,0% <= x < 16.7%,0,0,0,1,1,1,0,0,0,0,0,0,0,1,0,0,0.0,0
585665.mira,585665,mira,2015-09-02 18:38:52,20150902,2015-09-02 18:43:54,20150902,2015-09-02 18:46:53,20150902,34871601655553,97534845395728,backfill,300.0,179.0,512.0,432.0,8192.0,6912.0,MIR-04080-373B1-512,0,302,1,302,1,341.76,405.0489,0.0,407.3244,0.0,0.0,407.3244,MIR-04080-373B1-512,0,script,-1,complete,Not capability,0% <= x < 16.7%,0% <= x < 16.7%,0,0,0,1,1,1,0,0,0,0,0,0,0,1,0,0,0.0,0
585674.mira,585674,mira,2015-09-02 18:44:12,20150902,2015-09-02 18:45:41,20150902,2015-09-02 18:48:10,20150902,34871601655553,97534845395728,backfill,300.0,149.0,512.0,432.0,8192.0,6912.0,MIR-04000-37331-512,0,89,0,89,0,286.08,339.0578,0.0,339.0577,0.0,0.0,339.0577,MIR-04000-37331-512,0,script,-1,complete,Not capability,0% <= x < 16.7%,0% <= x < 16.7%,0,0,0,1,1,1,0,0,0,0,0,0,0,1,0,0,0.0,0
585676.mira,585676,mira,2015-09-02 18:44:18,20150902,2015-09-02 18:46:39,20150902,2015-09-02 18:49:26,20150902,34871601655553,97534845395728,backfill,300.0,167.0,512.0,432.0,8192.0,6912.0,MIR-04480-377B1-512,0,141,0,141,0,322.56,382.2933,0.0,380.0177,0.0,0.0,380.0177,MIR-04480-377B1-512,0,script,-1,complete,Not capability,0% <= x < 16.7%,0% <= x < 16.7%,0,0,0,1,1,1,0,0,0,0,0,0,0,1,0,0,0.0,0
585677.mira,585677,mira,2015-09-02 18:44:19,20150902,2015-09-02 18:47:40,20150902,2015-09-02 18:50:07,20150902,34871601655553,97534845395728,backfill,300.0,147.0,512.0,432.0,8192.0,6912.0,MIR-04880-37BB1-512,0,201,0,201,0,282.24,334.5067,0.0,334.5066,0.0,0.0,334.5066,MIR-04880-37BB1-512,0,script,-1,complete,Not capability,0% <= x < 16.7%,0% <= x < 16.7%,0,0,0,1,1,1,0,0,0,0,0,0,0,1,0,0,0.0,0
585678.mira,585678,mira,2015-09-02 18:44:21,20150902,2015-09-02 18:48:09,20150902,2015-09-02 18:50:20,20150902,34871601655553,97534845395728,backfill,300.0,131.0,512.0,432.0,8192.0,6912.0,MIR-04080-373B1-512,0,227,0,227,0,251.52,298.0978,0.0,298.0977,0.0,0.0,298.0977,MIR-04080-373B1-512,0,script,-1,complete,Not capability,0% <= x < 16.7%,0% <= x < 16.7%,0,0,0,1,1,1,0,0,0,0,0,0,0,1,0,0,0.0,0
585675.mira,585675,mira,2015-09-02 18:44:15,20150902,2015-09-02 18:48:32,20150902,2015-09-02 18:51:22,20150902,34871601655553,97534845395728,backfill,300.0,170.0,512.0,432.0,8192.0,6912.0,MIR-04000-37331-512,0,257,0,257,0,326.4,386.8444,0.0,386.8444,0.0,0.0,386.8444,MIR-04000-37331-512,0,script,-1,complete,Not capability,0% <= x < 16.7%,0% <= x < 16.7%,0,0,0,1,1,1,0,0,0,0,0,0,0,1,0,0,0.0,0
585686.mira,585686,mira,2015-09-02 18:49:29,20150902,2015-09-02 18:50:10,20150902,2015-09-02 18:52:41,20150902,34871601655553,97534845395728,backfill,300.0,151.0,512.0,432.0,8192.0,6912.0,MIR-044C0-377F1-512,0,41,0,41,0,289.92,343.6089,0.0,343.6088,0.0,0.0,343.6088,MIR-044C0-377F1-512,0,script,-1,complete,Not capability,0% <= x < 16.7%,0% <= x < 16.7%,0,0,0,1,1,1,0,0,0,0,0,0,0,1,0,0,0.0,0
585688.mira,585688,mira,2015-09-02 18:49:32,20150902,2015-09-02 18:51:09,20150902,2015-09-02 18:54:00,20150902,34871601655553,97534845395728,backfill,300.0,171.0,512.0,432.0,8192.0,6912.0,MIR-04880-37BB1-512,0,96,0,96,0,330.24,391.3956,0.0,389.12,0.0,0.0,389.12,MIR-04880-37BB1-512,0,script,-1,complete,Not capability,0% <= x < 16.7%,0% <= x < 16.7%,0,0,0,1,1,1,0,0,0,0,0,0,0,1,0,0,0.0,0
585687.mira,585687,mira,2015-09-02 18:49:31,20150902,2015-09-02 18:51:39,20150902,2015-09-02 18:53:42,20150902,34871601655553,97534845395728,backfill,300.0,123.0,512.0,432.0,8192.0,6912.0,MIR-040C0-373F1-512,0,129,0,129,0,234.24,277.6178,0.0,279.8933,0.0,0.0,279.8933,MIR-040C0-373F1-512,0,script,-1,complete,Not capability,0% <= x < 16.7%,0% <= x < 16.7%,0,0,0,1,1,1,0,0,0,0,0,0,0,1,0,0,0.0,0
585685.mira,585685,mira,2015-09-02 18:49:27,20150902,2015-09-02 18:52:10,20150902,2015-09-02 18:55:02,20150902,34871601655553,97534845395728,backfill,300.0,172.0,512.0,432.0,8192.0,6912.0,MIR-04000-37331-512,0,163,0,163,0,328.32,389.12,0.0,391.3955,0.0,0.0,391.3955,MIR-04000-37331-512,0,script,-1,complete,Not capability,0% <= x < 16.7%,0% <= x < 16.7%,0,0,0,1,1,1,0,0,0,0,0,0,0,1,0,0,0.0,0
585609.mira,585609,mira,2015-09-02 17:43:14,20150902,2015-09-02 18:52:38,20150902,2015-09-02 19:53:48,20150902,47972554363297,57356241325548,prod-short,3600.0,3670.0,512.0,512.0,8192.0,8192.0,MIR-04C40-37F71-512,143,4164,1,4164,1,8353.5644,8353.5644,0.0,8351.2888,0.0,0.0,8351.2888,MIR-04C40-37F71-512,143,script,-1,complete,Not capability,0% <= x < 16.7%,0% <= x < 16.7%,8,0,0,0,8,0,0,0,1,1,0,0,0,0,0,0,0.0,0
585684.mira,585684,mira,2015-09-02 18:49:25,20150902,2015-09-02 18:53:00,20150902,2015-09-02 18:55:36,20150902,34871601655553,97534845395728,backfill,300.0,156.0,512.0,432.0,8192.0,6912.0,MIR-04C00-37F31-512,0,215,0,215,0,303.36,359.5378,0.0,354.9866,0.0,0.0,354.9866,MIR-04C00-37F31-512,0,script,-1,complete,Not capability,0% <= x < 16.7%,0% <= x < 16.7%,0,0,0,1,1,1,0,0,0,0,0,0,0,1,0,0,0.0,0
585683.mira,585683,mira,2015-09-02 18:49:23,20150902,2015-09-02 18:53:32,20150902,2015-09-02 18:56:47,20150902,34871601655553,97534845395728,backfill,300.0,195.0,512.0,432.0,8192.0,6912.0,MIR-044C0-377F1-512,0,249,0,249,0,372.48,441.4578,0.0,443.7333,0.0,0.0,443.7333,MIR-044C0-377F1-512,0,script,-1,complete,Not capability,0% <= x < 16.7%,0% <= x < 16.7%,0,0,0,1,1,1,0,0,0,0,0,0,0,1,0,0,0.0,0
585023.mira,585023,mira,2015-09-02 09:39:49,20150902,2015-09-02 18:54:34,20150902,2015-09-02 18:58:06,20150902,34871601655553,97534845395728,backfill,300.0,212.0,512.0,432.0,8192.0,6912.0,MIR-04880-37BB1-512,0,33286,110,33286,110,407.04,482.4178,0.0,482.4177,0.0,0.0,482.4177,MIR-04880-37BB1-512,0,script,-1,complete,Not capability,0% <= x < 16.7%,0% <= x < 16.7%,0,0,0,1,1,1,0,0,0,0,0,0,0,1,0,0,0.0,0
585695.mira,585695,mira,2015-09-02 18:54:41,20150902,2015-09-02 18:55:04,20150902,2015-09-02 18:58:07,20150902,34871601655553,97534845395728,backfill,300.0,183.0,512.0,432.0,8192.0,6912.0,MIR-04080-373B1-512,0,23,0,23,0,351.36,416.4267,0.0,416.4266,0.0,0.0,416.4266,MIR-04080-373B1-512,0,script,-1,complete,Not capability,0% <= x < 16.7%,0% <= x < 16.7%,0,0,0,1,1,1,0,0,0,0,0,0,0,1,0,0,0.0,0
585698.mira,585698,mira,2015-09-02 18:54:46,20150902,2015-09-02 18:55:33,20150902,2015-09-02 18:58:07,20150902,34871601655553,97534845395728,backfill,300.0,154.0,512.0,432.0,8192.0,6912.0,MIR-04000-37331-512,0,48,0,48,0,295.68,350.4356,0.0,350.4355,0.0,0.0,350.4355,MIR-04000-37331-512,0,script,-1,complete,Not capability,0% <= x < 16.7%,0% <= x < 16.7%,0,0,0,1,1,1,0,0,0,0,0,0,0,1,0,0,0.0,0
585697.mira,585697,mira,2015-09-02 18:54:44,20150902,2015-09-02 18:57:04,20150902,2015-09-02 18:59:14,20150902,34871601655553,97534845395728,backfill,300.0,130.0,512.0,432.0,8192.0,6912.0,MIR-04C00-37F31-512,0,137,0,140,0,249.6,295.8222,0.0,295.8222,0.0,0.0,295.8222,MIR-04C00-37F31-512,0,script,-1,complete,Not capability,0% <= x < 16.7%,0% <= x < 16.7%,0,0,0,1,1,1,0,0,0,0,0,0,0,1,0,0,0.0,0
585696.mira,585696,mira,2015-09-02 18:54:42,20150902,2015-09-02 18:58:05,20150902,2015-09-02 19:01:09,20150902,34871601655553,97534845395728,backfill,300.0,184.0,512.0,432.0,8192.0,6912.0,MIR-04440-37771-512,0,200,0,203,0,351.36,416.4267,0.0,418.7022,0.0,0.0,418.7022,MIR-04440-37771-512,0,script,-1,complete,Not capability,0% <= x < 16.7%,0% <= x < 16.7%,0,0,0,1,1,1,0,0,0,0,0,0,0,1,0,0,0.0,0
585610.mira,585610,mira,2015-09-02 17:43:15,20150902,2015-09-02 18:59:04,20150902,2015-09-02 19:47:15,20150902,47972554363297,57356241325548,prod-short,3600.0,2891.0,512.0,512.0,8192.0,8192.0,MIR-04840-37B71-512,0,4550,1,4550,1,6576.3556,6576.3556,0.0,6578.6311,0.0,0.0,6578.6311,MIR-04840-37B71-512,0,script,-1,complete,Not capability,0% <= x < 16.7%,0% <= x < 16.7%,8,0,0,0,8,0,0,0,1,1,0,0,0,0,0,0,0.0,0
585693.mira,585693,mira,2015-09-02 18:54:37,20150902,2015-09-02 18:59:34,20150902,2015-09-02 19:02:35,20150902,34871601655553,97534845395728,backfill,300.0,181.0,512.0,432.0,8192.0,6912.0,MIR-04000-37331-512,0,294,0,297,0,345.6,409.6,0.0,411.8755,0.0,0.0,411.8755,MIR-04000-37331-512,0,script,-1,complete,Not capability,0% <= x < 16.7%,0% <= x < 16.7%,0,0,0,1,1,1,0,0,0,0,0,0,0,1,0,0,0.0,0
585694.mira,585694,mira,2015-09-02 18:54:39,20150902,2015-09-02 19:00:07,20150902,2015-09-02 19:03:01,20150902,34871601655553,97534845395728,backfill,300.0,174.0,512.0,432.0,8192.0,6912.0,MIR-04880-37BB1-512,0,324,1,327,1,334.08,395.9467,0.0,395.9466,0.0,0.0,395.9466,MIR-04880-37BB1-512,0,script,-1,complete,Not capability,0% <= x < 16.7%,0% <= x < 16.7%,0,0,0,1,1,1,0,0,0,0,0,0,0,1,0,0,0.0,0
585704.mira,585704,mira,2015-09-02 19:00:14,20150902,2015-09-02 19:00:36,20150902,2015-09-02 19:03:25,20150902,34871601655553,97534845395728,backfill,300.0,169.0,512.0,432.0,8192.0,6912.0,MIR-04C00-37F31-512,0,22,0,22,0,324.48,384.5689,0.0,384.5688,0.0,0.0,384.5688,MIR-04C00-37F31-512,0,script,-1,complete,Not capability,0% <= x < 16.7%,0% <= x < 16.7%,0,0,0,1,1,1,0,0,0,0,0,0,0,1,0,0,0.0,0
585705.mira,585705,mira,2015-09-02 19:00:16,20150902,2015-09-02 19:00:58,20150902,2015-09-02 19:04:22,20150902,34871601655553,97534845395728,backfill,300.0,204.0,512.0,432.0,8192.0,6912.0,MIR-040C0-373F1-512,0,42,0,42,0,391.68,464.2133,0.0,464.2133,0.0,0.0,464.2133,MIR-040C0-373F1-512,0,script,-1,complete,Not capability,0% <= x < 16.7%,0% <= x < 16.7%,0,0,0,1,1,1,0,0,0,0,0,0,0,1,0,0,0.0,0
585706.mira,585706,mira,2015-09-02 19:00:24,20150902,2015-09-02 19:01:31,20150902,2015-09-02 19:06:20,20150902,34871601655553,97534845395728,backfill,300.0,289.0,512.0,432.0,8192.0,6912.0,MIR-044C0-377F1-512,0,66,0,66,0,556.8,659.9111,0.0,657.6355,0.0,0.0,657.6355,MIR-044C0-377F1-512,0,script,-1,complete,Not capability,0% <= x < 16.7%,0% <= x < 16.7%,0,0,0,1,1,1,0,0,0,0,0,0,0,1,0,0,0.0,0
585700.mira,585700,mira,2015-09-02 19:00:07,20150902,2015-09-02 19:03:29,20150902,2015-09-02 19:06:07,20150902,34871601655553,97534845395728,backfill,300.0,158.0,512.0,432.0,8192.0,6912.0,MIR-04000-37331-512,0,151,0,202,0,301.44,357.2622,0.0,359.5377,0.0,0.0,359.5377,MIR-04000-37331-512,0,script,-1,complete,Not capability,0% <= x < 16.7%,0% <= x < 16.7%,0,0,0,1,1,1,0,0,0,0,0,0,0,1,0,0,0.0,0
585703.mira,585703,mira,2015-09-02 19:00:12,20150902,2015-09-02 19:04:02,20150902,2015-09-02 19:06:47,20150902,34871601655553,97534845395728,backfill,300.0,165.0,512.0,432.0,8192.0,6912.0,MIR-04880-37BB1-512,0,179,0,230,0,316.8,375.4667,0.0,375.4666,0.0,0.0,375.4666,MIR-04880-37BB1-512,0,script,-1,complete,Not capability,0% <= x < 16.7%,0% <= x < 16.7%,0,0,0,1,1,1,0,0,0,0,0,0,0,1,0,0,0.0,0
585701.mira,585701,mira,2015-09-02 19:00:09,20150902,2015-09-02 19:04:37,20150902,2015-09-02 19:07:15,20150902,34871601655553,97534845395728,backfill,300.0,158.0,512.0,432.0,8192.0,6912.0,MIR-04C00-37F31-512,0,218,0,269,0,301.44,357.2622,0.0,359.5377,0.0,0.0,359.5377,MIR-04C00-37F31-512,0,script,-1,complete,Not capability,0% <= x < 16.7%,0% <= x < 16.7%,0,0,0,1,1,1,0,0,0,0,0,0,0,1,0,0,0.0,0
585702.mira,585702,mira,2015-09-02 19:00:11,20150902,2015-09-02 19:05:07,20150902,2015-09-02 19:07:34,20150902,34871601655553,97534845395728,backfill,300.0,147.0,512.0,432.0,8192.0,6912.0,MIR-040C0-373F1-512,0,246,0,297,0,282.24,334.5067,0.0,334.5066,0.0,0.0,334.5066,MIR-040C0-373F1-512,0,script,-1,complete,Not capability,0% <= x < 16.7%,0% <= x < 16.7%,0,0,0,1,1,1,0,0,0,0,0,0,0,1,0,0,0.0,0
585709.mira,585709,mira,2015-09-02 19:05:40,20150902,2015-09-02 19:06:34,20150902,2015-09-02 19:09:05,20150902,34871601655553,97534845395728,backfill,300.0,151.0,512.0,432.0,8192.0,6912.0,MIR-04000-37331-512,0,43,0,53,0,291.84,345.8844,0.0,343.6088,0.0,0.0,343.6088,MIR-04000-37331-512,0,script,-1,complete,Not capability,0% <= x < 16.7%,0% <= x < 16.7%,0,0,0,1,1,1,0,0,0,0,0,0,0,1,0,0,0.0,0
585708.mira,585708,mira,2015-09-02 19:05:39,20150902,2015-09-02 19:07:04,20150902,2015-09-02 19:09:44,20150902,34871601655553,97534845395728,backfill,300.0,160.0,512.0,432.0,8192.0,6912.0,MIR-044C0-377F1-512,0,73,0,85,0,309.12,366.3644,0.0,364.0888,0.0,0.0,364.0888,MIR-044C0-377F1-512,0,script,-1,complete,Not capability,0% <= x < 16.7%,0% <= x < 16.7%,0,0,0,1,1,1,0,0,0,0,0,0,0,1,0,0,0.0,0
585712.mira,585712,mira,2015-09-02 19:05:46,20150902,2015-09-02 19:07:32,20150902,2015-09-02 19:11:30,20150902,34871601655553,97534845395728,backfill,300.0,238.0,512.0,432.0,8192.0,6912.0,MIR-04C00-37F31-512,0,102,0,107,0,456.96,541.5822,0.0,541.5822,0.0,0.0,541.5822,MIR-04C00-37F31-512,0,script,-1,complete,Not capability,0% <= x < 16.7%,0% <= x < 16.7%,0,0,0,1,1,1,0,0,0,0,0,0,0,1,0,0,0.0,0
585711.mira,585711,mira,2015-09-02 19:05:44,20150902,2015-09-02 19:07:57,20150902,2015-09-02 19:11:44,20150902,34871601655553,97534845395728,backfill,300.0,227.0,512.0,432.0,8192.0,6912.0,MIR-04880-37BB1-512,0,126,0,133,0,435.84,516.5511,0.0,516.5511,0.0,0.0,516.5511,MIR-04880-37BB1-512,0,script,-1,complete,Not capability,0% <= x < 16.7%,0% <= x < 16.7%,0,0,0,1,1,1,0,0,0,0,0,0,0,1,0,0,0.0,0
585722.mira,585722,mira,2015-09-02 19:11:06,20150902,2015-09-02 19:12:27,20150902,2015-09-02 19:16:24,20150902,34871601655553,97534845395728,backfill,300.0,237.0,512.0,432.0,8192.0,6912.0,MIR-04C00-37F31-512,0,80,0,80,0,455.04,539.3067,0.0,539.3066,0.0,0.0,539.3066,MIR-04C00-37F31-512,0,script,-1,complete,Not capability,0% <= x < 16.7%,0% <= x < 16.7%,0,0,0,1,1,1,0,0,0,0,0,0,0,1,0,0,0.0,0
585720.mira,585720,mira,2015-09-02 19:11:03,20150902,2015-09-02 19:12:55,20150902,2015-09-02 19:17:17,20150902,34871601655553,97534845395728,backfill,300.0,262.0,512.0,432.0,8192.0,6912.0,MIR-04880-37BB1-512,0,112,0,112,0,503.04,596.1956,0.0,596.1955,0.0,0.0,596.1955,MIR-04880-37BB1-512,0,script,-1,complete,Not capability,0% <= x < 16.7%,0% <= x < 16.7%,0,0,0,1,1,1,0,0,0,0,0,0,0,1,0,0,0.0,0
585611.mira,585611,mira,2015-09-02 17:43:28,20150902,2015-09-02 19:15:04,20150902,2015-09-02 20:15:49,20150902,47972554363297,57356241325548,prod-short,3600.0,3645.0,512.0,512.0,8192.0,8192.0,MIR-040C0-373F1-512,143,5497,1,5497,1,8294.4,8294.4,0.0,8294.4,0.0,0.0,8294.4,MIR-040C0-373F1-512,143,script,-1,complete,Not capability,0% <= x < 16.7%,0% <= x < 16.7%,8,0,0,0,8,0,0,0,1,1,0,0,0,0,0,0,0.0,0
585717.mira,585717,mira,2015-09-02 19:10:58,20150902,2015-09-02 19:15:33,20150902,2015-09-02 19:19:49,20150902,34871601655553,97534845395728,backfill,300.0,256.0,512.0,432.0,8192.0,6912.0,MIR-04080-373B1-512,0,275,0,275,0,493.44,584.8178,0.0,582.5422,0.0,0.0,582.5422,MIR-04080-373B1-512,0,script,-1,complete,Not capability,0% <= x < 16.7%,0% <= x < 16.7%,0,0,0,1,1,1,0,0,0,0,0,0,0,1,0,0,0.0,0
585718.mira,585718,mira,2015-09-02 19:10:59,20150902,2015-09-02 19:15:59,20150902,2015-09-02 19:20:16,20150902,34871601655553,97534845395728,backfill,300.0,257.0,512.0,432.0,8192.0,6912.0,MIR-04000-37331-512,0,300,1,300,1,493.44,584.8178,0.0,584.8177,0.0,0.0,584.8177,MIR-04000-37331-512,0,script,-1,complete,Not capability,0% <= x < 16.7%,0% <= x < 16.7%,0,0,0,1,1,1,0,0,0,0,0,0,0,1,0,0,0.0,0
585719.mira,585719,mira,2015-09-02 19:11:01,20150902,2015-09-02 19:16:22,20150902,2015-09-02 19:20:28,20150902,34871601655553,97534845395728,backfill,300.0,246.0,512.0,432.0,8192.0,6912.0,MIR-04440-37771-512,0,321,1,321,1,472.32,559.7867,0.0,559.7866,0.0,0.0,559.7866,MIR-04440-37771-512,0,script,-1,complete,Not capability,0% <= x < 16.7%,0% <= x < 16.7%,0,0,0,1,1,1,0,0,0,0,0,0,0,1,0,0,0.0,0
585726.mira,585726,mira,2015-09-02 19:16:27,20150902,2015-09-02 19:17:19,20150902,2015-09-02 19:21:32,20150902,34871601655553,97534845395728,backfill,300.0,253.0,512.0,432.0,8192.0,6912.0,MIR-04C00-37F31-512,0,52,0,52,0,485.76,575.7156,0.0,575.7155,0.0,0.0,575.7155,MIR-04C00-37F31-512,0,script,-1,complete,Not capability,0% <= x < 16.7%,0% <= x < 16.7%,0,0,0,1,1,1,0,0,0,0,0,0,0,1,0,0,0.0,0
585725.mira,585725,mira,2015-09-02 19:16:24,20150902,2015-09-02 19:18:13,20150902,2015-09-02 19:22:31,20150902,34871601655553,97534845395728,backfill,300.0,258.0,512.0,432.0,8192.0,6912.0,MIR-04880-37BB1-512,0,109,0,109,0,499.2,591.6444,0.0,587.0933,0.0,0.0,587.0933,MIR-04880-37BB1-512,0,script,-1,complete,Not capability,0% <= x < 16.7%,0% <= x < 16.7%,0,0,0,1,1,1,0,0,0,0,0,0,0,1,0,0,0.0,0
585724.mira,585724,mira,2015-09-02 19:16:12,20150902,2015-09-02 19:20:31,20150902,2015-09-02 19:24:32,20150902,34871601655553,97534845395728,backfill,300.0,241.0,512.0,432.0,8192.0,6912.0,MIR-04080-373B1-512,0,175,0,259,0,460.8,546.1333,0.0,548.4088,0.0,0.0,548.4088,MIR-04080-373B1-512,0,script,-1,complete,Not capability,0% <= x < 16.7%,0% <= x < 16.7%,0,0,0,1,1,1,0,0,0,0,0,0,0,1,0,0,0.0,0
585721.mira,585721,mira,2015-09-02 19:11:05,20150902,2015-09-02 19:21:01,20150902,2015-09-02 19:24:57,20150902,34871601655553,97534845395728,backfill,300.0,236.0,512.0,432.0,8192.0,6912.0,MIR-04000-37331-512,0,513,1,596,1,455.04,539.3067,0.0,537.0311,0.0,0.0,537.0311,MIR-04000-37331-512,0,script,-1,complete,Not capability,0% <= x < 16.7%,0% <= x < 16.7%,0,0,0,1,1,1,0,0,0,0,0,0,0,1,0,0,0.0,0
585716.mira,585716,mira,2015-09-02 19:10:48,20150902,2015-09-02 19:21:30,20150902,2015-09-02 19:25:43,20150902,34871601655553,97534845395728,backfill,300.0,253.0,512.0,432.0,8192.0,6912.0,MIR-04440-37771-512,0,558,1,641,2,485.76,575.7156,0.0,575.7155,0.0,0.0,575.7155,MIR-04440-37771-512,0,script,-1,complete,Not capability,0% <= x < 16.7%,0% <= x < 16.7%,0,0,0,1,1,1,0,0,0,0,0,0,0,1,0,0,0.0,0
585732.mira,585732,mira,2015-09-02 19:21:38,20150902,2015-09-02 19:22:21,20150902,2015-09-02 19:26:34,20150902,34871601655553,97534845395728,backfill,300.0,253.0,512.0,432.0,8192.0,6912.0,MIR-04C00-37F31-512,0,44,0,44,0,483.84,573.44,0.0,575.7155,0.0,0.0,575.7155,MIR-04C00-37F31-512,0,script,-1,complete,Not capability,0% <= x < 16.7%,0% <= x < 16.7%,0,0,0,1,1,1,0,0,0,0,0,0,0,1,0,0,0.0,0
585731.mira,585731,mira,2015-09-02 19:21:36,20150902,2015-09-02 19:25:00,20150902,2015-09-02 19:29:30,20150902,34871601655553,97534845395728,backfill,300.0,270.0,512.0,432.0,8192.0,6912.0,MIR-048C0-37BF1-512,0,193,0,203,0,520.32,616.6756,0.0,614.4,0.0,0.0,614.4,MIR-048C0-37BF1-512,0,script,-1,complete,Not capability,0% <= x < 16.7%,0% <= x < 16.7%,0,0,0,1,1,1,0,0,0,0,0,0,0,1,0,0,0.0,0
585730.mira,585730,mira,2015-09-02 19:21:35,20150902,2015-09-02 19:25:27,20150902,2015-09-02 19:29:19,20150902,34871601655553,97534845395728,backfill,300.0,232.0,512.0,432.0,8192.0,6912.0,MIR-04080-373B1-512,0,223,0,233,0,443.52,525.6533,0.0,527.9288,0.0,0.0,527.9288,MIR-04080-373B1-512,0,script,-1,complete,Not capability,0% <= x < 16.7%,0% <= x < 16.7%,0,0,0,1,1,1,0,0,0,0,0,0,0,1,0,0,0.0,0
585728.mira,585728,mira,2015-09-02 19:21:30,20150902,2015-09-02 19:25:51,20150902,2015-09-02 19:30:10,20150902,34871601655553,97534845395728,backfill,300.0,259.0,512.0,432.0,8192.0,6912.0,MIR-04040-37371-512,0,249,0,260,0,497.28,589.3689,0.0,589.3688,0.0,0.0,589.3688,MIR-04040-37371-512,0,script,-1,complete,Not capability,0% <= x < 16.7%,0% <= x < 16.7%,0,0,0,1,1,1,0,0,0,0,0,0,0,1,0,0,0.0,0
585729.mira,585729,mira,2015-09-02 19:21:32,20150902,2015-09-02 19:26:49,20150902,2015-09-02 19:31:13,20150902,34871601655553,97534845395728,backfill,300.0,264.0,512.0,432.0,8192.0,6912.0,MIR-04480-377B1-512,0,307,1,317,1,506.88,600.7467,0.0,600.7466,0.0,0.0,600.7466,MIR-04480-377B1-512,0,script,-1,complete,Not capability,0% <= x < 16.7%,0% <= x < 16.7%,0,0,0,1,1,1,0,0,0,0,0,0,0,1,0,0,0.0,0
585736.mira,585736,mira,2015-09-02 19:26:49,20150902,2015-09-02 19:27:41,20150902,2015-09-02 19:31:25,20150902,34871601655553,97534845395728,backfill,300.0,224.0,512.0,432.0,8192.0,6912.0,MIR-04C00-37F31-512,0,51,0,51,0,430.08,509.7244,0.0,509.7244,0.0,0.0,509.7244,MIR-04C00-37F31-512,0,script,-1,complete,Not capability,0% <= x < 16.7%,0% <= x < 16.7%,0,0,0,1,1,1,0,0,0,0,0,0,0,1,0,0,0.0,0
585737.mira,585737,mira,2015-09-02 19:26:51,20150902,2015-09-02 19:29:58,20150902,2015-09-02 19:34:00,20150902,34871601655553,97534845395728,backfill,300.0,242.0,512.0,432.0,8192.0,6912.0,MIR-04080-373B1-512,0,103,0,188,0,464.64,550.6844,0.0,550.6844,0.0,0.0,550.6844,MIR-04080-373B1-512,0,script,-1,complete,Not capability,0% <= x < 16.7%,0% <= x < 16.7%,0,0,0,1,1,1,0,0,0,0,0,0,0,1,0,0,0.0,0
585735.mira,585735,mira,2015-09-02 19:26:47,20150902,2015-09-02 19:30:27,20150902,2015-09-02 19:34:12,20150902,34871601655553,97534845395728,backfill,300.0,225.0,512.0,432.0,8192.0,6912.0,MIR-04880-37BB1-512,0,134,0,219,0,433.92,514.2756,0.0,512.0,0.0,0.0,512.0,MIR-04880-37BB1-512,0,script,-1,complete,Not capability,0% <= x < 16.7%,0% <= x < 16.7%,0,0,0,1,1,1,0,0,0,0,0,0,0,1,0,0,0.0,0
585733.mira,585733,mira,2015-09-02 19:26:41,20150902,2015-09-02 19:30:57,20150902,2015-09-02 19:34:47,20150902,34871601655553,97534845395728,backfill,300.0,230.0,512.0,432.0,8192.0,6912.0,MIR-04040-37371-512,0,173,0,257,0,441.6,523.3778,0.0,523.3777,0.0,0.0,523.3777,MIR-04040-37371-512,0,script,-1,complete,Not capability,0% <= x < 16.7%,0% <= x < 16.7%,0,0,0,1,1,1,0,0,0,0,0,0,0,1,0,0,0.0,0
585734.mira,585734,mira,2015-09-02 19:26:44,20150902,2015-09-02 19:31:53,20150902,2015-09-02 19:36:03,20150902,34871601655553,97534845395728,backfill,300.0,250.0,512.0,432.0,8192.0,6912.0,MIR-044C0-377F1-512,0,224,0,309,1,481.92,571.1644,0.0,568.8888,0.0,0.0,568.8888,MIR-044C0-377F1-512,0,script,-1,complete,Not capability,0% <= x < 16.7%,0% <= x < 16.7%,0,0,0,1,1,1,0,0,0,0,0,0,0,1,0,0,0.0,0
585745.mira,585745,mira,2015-09-02 19:31:56,20150902,2015-09-02 19:32:26,20150902,2015-09-02 19:36:04,20150902,34871601655553,97534845395728,backfill,300.0,218.0,512.0,432.0,8192.0,6912.0,MIR-04C00-37F31-512,0,29,0,29,0,418.56,496.0711,0.0,496.0711,0.0,0.0,496.0711,MIR-04C00-37F31-512,0,script,-1,complete,Not capability,0% <= x < 16.7%,0% <= x < 16.7%,0,0,0,1,1,1,0,0,0,0,0,0,0,1,0,0,0.0,0
585747.mira,585747,mira,2015-09-02 19:32:00,20150902,2015-09-02 19:34:38,20150902,2015-09-02 19:37:58,20150902,34871601655553,97534845395728,backfill,300.0,200.0,512.0,432.0,8192.0,6912.0,MIR-04080-373B1-512,0,78,0,159,0,384.0,455.1111,0.0,455.1111,0.0,0.0,455.1111,MIR-04080-373B1-512,0,script,-1,complete,Not capability,0% <= x < 16.7%,0% <= x < 16.7%,0,0,0,1,1,1,0,0,0,0,0,0,0,1,0,0,0.0,0
585744.mira,585744,mira,2015-09-02 19:31:55,20150902,2015-09-02 19:35:06,20150902,2015-09-02 19:38:52,20150902,34871601655553,97534845395728,backfill,300.0,226.0,512.0,432.0,8192.0,6912.0,MIR-048C0-37BF1-512,0,111,0,192,0,432.0,512.0,0.0,514.2755,0.0,0.0,514.2755,MIR-048C0-37BF1-512,0,script,-1,complete,Not capability,0% <= x < 16.7%,0% <= x < 16.7%,0,0,0,1,1,1,0,0,0,0,0,0,0,1,0,0,0.0,0
585748.mira,585748,mira,2015-09-02 19:32:02,20150902,2015-09-02 19:36:06,20150902,2015-09-02 19:39:29,20150902,34871601655553,97534845395728,backfill,300.0,203.0,512.0,432.0,8192.0,6912.0,MIR-04040-37371-512,0,163,0,245,0,389.76,461.9378,0.0,461.9377,0.0,0.0,461.9377,MIR-04040-37371-512,0,script,-1,complete,Not capability,0% <= x < 16.7%,0% <= x < 16.7%,0,0,0,1,1,1,0,0,0,0,0,0,0,1,0,0,0.0,0
585746.mira,585746,mira,2015-09-02 19:31:58,20150902,2015-09-02 19:36:35,20150902,2015-09-02 19:40:38,20150902,34871601655553,97534845395728,backfill,300.0,243.0,512.0,432.0,8192.0,6912.0,MIR-04C00-37F31-512,0,196,0,277,0,466.56,552.96,0.0,552.96,0.0,0.0,552.96,MIR-04C00-37F31-512,0,script,-1,complete,Not capability,0% <= x < 16.7%,0% <= x < 16.7%,0,0,0,1,1,1,0,0,0,0,0,0,0,1,0,0,0.0,0
585710.mira,585710,mira,2015-09-02 19:05:42,20150902,2015-09-02 19:37:00,20150902,2015-09-02 19:39:04,20150902,34871601655553,97534845395728,backfill,300.0,124.0,512.0,432.0,8192.0,6912.0,MIR-04400-37731-512,0,1610,5,1878,6,236.16,279.8933,0.0,282.1688,0.0,0.0,282.1688,MIR-04400-37731-512,0,script,-1,complete,Not capability,0% <= x < 16.7%,0% <= x < 16.7%,0,0,0,1,1,1,0,0,0,0,0,0,0,1,0,0,0.0,0
585755.mira,585755,mira,2015-09-02 19:37:06,20150902,2015-09-02 19:38:14,20150902,2015-09-02 19:42:11,20150902,34871601655553,97534845395728,backfill,300.0,237.0,512.0,432.0,8192.0,6912.0,MIR-04080-373B1-512,0,29,0,69,0,453.12,537.0311,0.0,539.3066,0.0,0.0,539.3066,MIR-04080-373B1-512,0,script,-1,complete,Not capability,0% <= x < 16.7%,0% <= x < 16.7%,0,0,0,1,1,1,0,0,0,0,0,0,0,1,0,0,0.0,0
585756.mira,585756,mira,2015-09-02 19:37:08,20150902,2015-09-02 19:39:56,20150902,2015-09-02 19:43:54,20150902,34871601655553,97534845395728,backfill,300.0,238.0,512.0,432.0,8192.0,6912.0,MIR-04880-37BB1-512,0,108,0,169,0,455.04,539.3067,0.0,541.5822,0.0,0.0,541.5822,MIR-04880-37BB1-512,0,script,-1,complete,Not capability,0% <= x < 16.7%,0% <= x < 16.7%,0,0,0,1,1,1,0,0,0,0,0,0,0,1,0,0,0.0,0
585757.mira,585757,mira,2015-09-02 19:37:09,20150902,2015-09-02 19:40:28,20150902,2015-09-02 19:43:42,20150902,34871601655553,97534845395728,backfill,300.0,194.0,512.0,432.0,8192.0,6912.0,MIR-04040-37371-512,0,139,0,198,0,374.4,443.7333,0.0,441.4577,0.0,0.0,441.4577,MIR-04040-37371-512,0,script,-1,complete,Not capability,0% <= x < 16.7%,0% <= x < 16.7%,0,0,0,1,1,1,0,0,0,0,0,0,0,1,0,0,0.0,0
585754.mira,585754,mira,2015-09-02 19:37:04,20150902,2015-09-02 19:40:58,20150902,2015-09-02 19:45:16,20150902,34871601655553,97534845395728,backfill,300.0,258.0,512.0,432.0,8192.0,6912.0,MIR-04800-37B31-512,0,171,0,234,0,497.28,589.3689,0.0,587.0933,0.0,0.0,587.0933,MIR-04800-37B31-512,0,script,-1,complete,Not capability,0% <= x < 16.7%,0% <= x < 16.7%,0,0,0,1,1,1,0,0,0,0,0,0,0,1,0,0,0.0,0
585758.mira,585758,mira,2015-09-02 19:37:22,20150902,2015-09-02 19:41:20,20150902,2015-09-02 19:45:05,20150902,34871601655553,97534845395728,backfill,300.0,225.0,512.0,432.0,8192.0,6912.0,MIR-04C00-37F31-512,0,191,0,237,0,433.92,514.2756,0.0,512.0,0.0,0.0,512.0,MIR-04C00-37F31-512,0,script,-1,complete,Not capability,0% <= x < 16.7%,0% <= x < 16.7%,0,0,0,1,1,1,0,0,0,0,0,0,0,1,0,0,0.0,0
584348.mira,584348,mira,2015-09-02 04:01:16,20150902,2015-09-02 19:42:33,20150902,2015-09-02 19:46:02,20150902,34871601655553,97534845395728,backfill,300.0,209.0,512.0,432.0,8192.0,6912.0,MIR-04480-377B1-512,0,55601,185,56477,188,401.28,475.5911,0.0,475.5911,0.0,0.0,475.5911,MIR-04480-377B1-512,0,script,-1,complete,Not capability,0% <= x < 16.7%,0% <= x < 16.7%,0,0,0,1,1,1,0,0,0,0,0,0,0,1,0,0,0.0,0
585765.mira,585765,mira,2015-09-02 19:42:35,20150902,2015-09-02 19:43:53,20150902,2015-09-02 19:48:02,20150902,34871601655553,97534845395728,backfill,300.0,249.0,512.0,432.0,8192.0,6912.0,MIR-04080-373B1-512,0,25,0,77,0,478.08,566.6133,0.0,566.6133,0.0,0.0,566.6133,MIR-04080-373B1-512,0,script,-1,complete,Not capability,0% <= x < 16.7%,0% <= x < 16.7%,0,0,0,1,1,1,0,0,0,0,0,0,0,1,0,0,0.0,0
585766.mira,585766,mira,2015-09-02 19:42:38,20150902,2015-09-02 19:44:21,20150902,2015-09-02 19:48:14,20150902,34871601655553,97534845395728,backfill,300.0,233.0,512.0,432.0,8192.0,6912.0,MIR-04000-37331-512,0,54,0,104,0,447.36,530.2044,0.0,530.2044,0.0,0.0,530.2044,MIR-04000-37331-512,0,script,-1,complete,Not capability,0% <= x < 16.7%,0% <= x < 16.7%,0,0,0,1,1,1,0,0,0,0,0,0,0,1,0,0,0.0,0
585767.mira,585767,mira,2015-09-02 19:42:40,20150902,2015-09-02 19:45:22,20150902,2015-09-02 19:49:14,20150902,34871601655553,97534845395728,backfill,300.0,232.0,512.0,432.0,8192.0,6912.0,MIR-048C0-37BF1-512,0,87,0,163,0,443.52,525.6533,0.0,527.9288,0.0,0.0,527.9288,MIR-048C0-37BF1-512,0,script,-1,complete,Not capability,0% <= x < 16.7%,0% <= x < 16.7%,0,0,0,1,1,1,0,0,0,0,0,0,0,1,0,0,0.0,0
585764.mira,585764,mira,2015-09-02 19:42:33,20150902,2015-09-02 19:45:53,20150902,2015-09-02 19:49:26,20150902,34871601655553,97534845395728,backfill,300.0,213.0,512.0,432.0,8192.0,6912.0,MIR-04800-37B31-512,0,117,0,199,0,410.88,486.9689,0.0,484.6933,0.0,0.0,484.6933,MIR-04800-37B31-512,0,script,-1,complete,Not capability,0% <= x < 16.7%,0% <= x < 16.7%,0,0,0,1,1,1,0,0,0,0,0,0,0,1,0,0,0.0,0
585768.mira,585768,mira,2015-09-02 19:42:41,20150902,2015-09-02 19:46:22,20150902,2015-09-02 19:49:38,20150902,34871601655553,97534845395728,backfill,300.0,196.0,512.0,432.0,8192.0,6912.0,MIR-04C00-37F31-512,0,147,0,221,0,376.32,446.0089,0.0,446.0088,0.0,0.0,446.0088,MIR-04C00-37F31-512,0,script,-1,complete,Not capability,0% <= x < 16.7%,0% <= x < 16.7%,0,0,0,1,1,1,0,0,0,0,0,0,0,1,0,0,0.0,0
585780.mira,585780,mira,2015-09-02 19:47:52,20150902,2015-09-02 19:48:12,20150902,2015-09-02 19:51:07,20150902,34871601655553,97534845395728,backfill,300.0,175.0,512.0,432.0,8192.0,6912.0,MIR-04400-37731-512,0,20,0,20,0,336.0,398.2222,0.0,398.2222,0.0,0.0,398.2222,MIR-04400-37731-512,0,script,-1,complete,Not capability,0% <= x < 16.7%,0% <= x < 16.7%,0,0,0,1,1,1,0,0,0,0,0,0,0,1,0,0,0.0,0
585782.mira,585782,mira,2015-09-02 19:47:55,20150902,2015-09-02 19:48:40,20150902,2015-09-02 19:51:29,20150902,34871601655553,97534845395728,backfill,300.0,169.0,512.0,432.0,8192.0,6912.0,MIR-04080-373B1-512,0,44,0,44,0,326.4,386.8444,0.0,384.5688,0.0,0.0,384.5688,MIR-04080-373B1-512,0,script,-1,complete,Not capability,0% <= x < 16.7%,0% <= x < 16.7%,0,0,0,1,1,1,0,0,0,0,0,0,0,1,0,0,0.0,0
585781.mira,585781,mira,2015-09-02 19:47:54,20150902,2015-09-02 19:49:30,20150902,2015-09-02 19:52:57,20150902,34871601655553,97534845395728,backfill,300.0,207.0,512.0,432.0,8192.0,6912.0,MIR-04000-37331-512,0,76,0,96,0,397.44,471.04,0.0,471.04,0.0,0.0,471.04,MIR-04000-37331-512,0,script,-1,complete,Not capability,0% <= x < 16.7%,0% <= x < 16.7%,0,0,0,1,1,1,0,0,0,0,0,0,0,1,0,0,0.0,0
585612.mira,585612,mira,2015-09-02 17:43:29,20150902,2015-09-02 19:50:28,20150902,2015-09-02 20:46:06,20150902,47972554363297,57356241325548,prod-short,3600.0,3338.0,512.0,512.0,8192.0,8192.0,MIR-04800-37B31-512,0,7619,2,7619,2,7595.8044,7595.8044,0.0,7595.8044,0.0,0.0,7595.8044,MIR-04800-37B31-512,0,script,-1,complete,Not capability,0% <= x < 16.7%,0% <= x < 16.7%,8,0,0,0,8,0,0,0,1,1,0,0,0,0,0,0,0.0,0
585779.mira,585779,mira,2015-09-02 19:47:50,20150902,2015-09-02 19:50:57,20150902,2015-09-02 19:54:17,20150902,34871601655553,97534845395728,backfill,300.0,200.0,512.0,432.0,8192.0,6912.0,MIR-04840-37B71-512,0,166,0,186,0,385.92,457.3867,0.0,455.1111,0.0,0.0,455.1111,MIR-04840-37B71-512,0,script,-1,complete,Not capability,0% <= x < 16.7%,0% <= x < 16.7%,0,0,0,1,1,1,0,0,0,0,0,0,0,1,0,0,0.0,0
585778.mira,585778,mira,2015-09-02 19:47:48,20150902,2015-09-02 19:51:28,20150902,2015-09-02 19:54:30,20150902,34871601655553,97534845395728,backfill,300.0,182.0,512.0,432.0,8192.0,6912.0,MIR-04880-37BB1-512,0,201,0,220,0,351.36,416.4267,0.0,414.1511,0.0,0.0,414.1511,MIR-04880-37BB1-512,0,script,-1,complete,Not capability,0% <= x < 16.7%,0% <= x < 16.7%,0,0,0,1,1,1,0,0,0,0,0,0,0,1,0,0,0.0,0
585769.mira,585769,mira,2015-09-02 19:42:43,20150902,2015-09-02 19:52:25,20150902,2015-09-02 19:56:05,20150902,34871601655553,97534845395728,backfill,300.0,220.0,512.0,432.0,8192.0,6912.0,MIR-04080-373B1-512,0,404,1,582,1,420.48,498.3467,0.0,500.6222,0.0,0.0,500.6222,MIR-04080-373B1-512,0,script,-1,complete,Not capability,0% <= x < 16.7%,0% <= x < 16.7%,0,0,0,1,1,1,0,0,0,0,0,0,0,1,0,0,0.0,0
582693.mira,582693,mira,2015-09-01 01:35:30,20150901,2015-09-02 19:52:55,20150902,2015-09-02 19:57:02,20150902,34871601655553,97534845395728,backfill,300.0,247.0,512.0,432.0,8192.0,6912.0,MIR-04400-37731-512,0,150692,502,152246,507,472.32,559.7867,0.0,562.0622,0.0,0.0,562.0622,MIR-04400-37731-512,0,script,-1,complete,Not capability,0% <= x < 16.7%,0% <= x < 16.7%,0,0,0,1,1,1,0,0,0,0,0,0,0,1,0,0,0.0,0
585798.mira,585798,mira,2015-09-02 19:53:20,20150902,2015-09-02 19:53:44,20150902,2015-09-02 19:56:05,20150902,34871601655553,97534845395728,backfill,300.0,141.0,512.0,432.0,8192.0,6912.0,MIR-04040-37371-512,0,25,0,25,0,270.72,320.8533,0.0,320.8533,0.0,0.0,320.8533,MIR-04040-37371-512,0,script,-1,complete,Not capability,0% <= x < 16.7%,0% <= x < 16.7%,0,0,0,1,1,1,0,0,0,0,0,0,0,1,0,0,0.0,0
585799.mira,585799,mira,2015-09-02 19:53:22,20150902,2015-09-02 19:54:44,20150902,2015-09-02 19:58:12,20150902,34871601655553,97534845395728,backfill,300.0,208.0,512.0,432.0,8192.0,6912.0,MIR-04C40-37F71-512,0,64,0,83,0,397.44,471.04,0.0,473.3155,0.0,0.0,473.3155,MIR-04C40-37F71-512,0,script,-1,complete,Not capability,0% <= x < 16.7%,0% <= x < 16.7%,0,0,0,1,1,1,0,0,0,0,0,0,0,1,0,0,0.0,0
585791.mira,585791,mira,2015-09-02 19:53:02,20150902,2015-09-02 19:55:16,20150902,2015-09-02 19:59:01,20150902,34871601655553,97534845395728,backfill,300.0,225.0,512.0,432.0,8192.0,6912.0,MIR-04840-37B71-512,0,114,0,134,0,432.0,512.0,0.0,512.0,0.0,0.0,512.0,MIR-04840-37B71-512,0,script,-1,complete,Not capability,0% <= x < 16.7%,0% <= x < 16.7%,0,0,0,1,1,1,0,0,0,0,0,0,0,1,0,0,0.0,0
585795.mira,585795,mira,2015-09-02 19:53:08,20150902,2015-09-02 19:56:07,20150902,2015-09-02 19:59:57,20150902,34871601655553,97534845395728,backfill,300.0,230.0,512.0,432.0,8192.0,6912.0,MIR-04880-37BB1-512,0,127,0,178,0,441.6,523.3778,0.0,523.3777,0.0,0.0,523.3777,MIR-04880-37BB1-512,0,script,-1,complete,Not capability,0% <= x < 16.7%,0% <= x < 16.7%,0,0,0,1,1,1,0,0,0,0,0,0,0,1,0,0,0.0,0
585797.mira,585797,mira,2015-09-02 19:53:16,20150902,2015-09-02 19:57:02,20150902,2015-09-02 20:00:10,20150902,34871601655553,97534845395728,backfill,300.0,188.0,512.0,432.0,8192.0,6912.0,MIR-04080-373B1-512,0,176,0,227,0,360.96,427.8044,0.0,427.8044,0.0,0.0,427.8044,MIR-04080-373B1-512,0,script,-1,complete,Not capability,0% <= x < 16.7%,0% <= x < 16.7%,0,0,0,1,1,1,0,0,0,0,0,0,0,1,0,0,0.0,0
585790.mira,585790,mira,2015-09-02 19:53:00,20150902,2015-09-02 19:57:32,20150902,2015-09-02 20:00:22,20150902,34871601655553,97534845395728,backfill,300.0,170.0,512.0,432.0,8192.0,6912.0,MIR-04000-37331-512,0,221,0,272,0,328.32,389.12,0.0,386.8444,0.0,0.0,386.8444,MIR-04000-37331-512,0,script,-1,complete,Not capability,0% <= x < 16.7%,0% <= x < 16.7%,0,0,0,1,1,1,0,0,0,0,0,0,0,1,0,0,0.0,0
585793.mira,585793,mira,2015-09-02 19:53:05,20150902,2015-09-02 19:58:28,20150902,2015-09-02 20:01:31,20150902,34871601655553,97534845395728,backfill,300.0,183.0,512.0,432.0,8192.0,6912.0,MIR-04CC0-37FF1-512,0,244,0,322,1,351.36,416.4267,0.0,416.4266,0.0,0.0,416.4266,MIR-04CC0-37FF1-512,0,script,-1,complete,Not capability,0% <= x < 16.7%,0% <= x < 16.7%,0,0,0,1,1,1,0,0,0,0,0,0,0,1,0,0,0.0,0
585805.mira,585805,mira,2015-09-02 19:58:36,20150902,2015-09-02 19:59:18,20150902,2015-09-02 20:01:59,20150902,34871601655553,97534845395728,backfill,300.0,161.0,512.0,432.0,8192.0,6912.0,MIR-04840-37B71-512,0,29,0,42,0,311.04,368.64,0.0,366.3644,0.0,0.0,366.3644,MIR-04840-37B71-512,0,script,-1,complete,Not capability,0% <= x < 16.7%,0% <= x < 16.7%,0,0,0,1,1,1,0,0,0,0,0,0,0,1,0,0,0.0,0
585801.mira,585801,mira,2015-09-02 19:58:29,20150902,2015-09-02 20:00:00,20150902,2015-09-02 20:03:23,20150902,34871601655553,97534845395728,backfill,300.0,203.0,512.0,432.0,8192.0,6912.0,MIR-04C40-37F71-512,0,49,0,91,0,389.76,461.9378,0.0,461.9377,0.0,0.0,461.9377,MIR-04C40-37F71-512,0,script,-1,complete,Not capability,0% <= x < 16.7%,0% <= x < 16.7%,0,0,0,1,1,1,0,0,0,0,0,0,0,1,0,0,0.0,0
585803.mira,585803,mira,2015-09-02 19:58:32,20150902,2015-09-02 20:00:21,20150902,2015-09-02 20:03:09,20150902,34871601655553,97534845395728,backfill,300.0,168.0,512.0,432.0,8192.0,6912.0,MIR-04080-373B1-512,0,69,0,108,0,324.48,384.5689,0.0,382.2933,0.0,0.0,382.2933,MIR-04080-373B1-512,0,script,-1,complete,Not capability,0% <= x < 16.7%,0% <= x < 16.7%,0,0,0,1,1,1,0,0,0,0,0,0,0,1,0,0,0.0,0
585804.mira,585804,mira,2015-09-02 19:58:34,20150902,2015-09-02 20:00:44,20150902,2015-09-02 20:04:08,20150902,34871601655553,97534845395728,backfill,300.0,204.0,512.0,432.0,8192.0,6912.0,MIR-048C0-37BF1-512,0,93,0,131,0,389.76,461.9378,0.0,464.2133,0.0,0.0,464.2133,MIR-048C0-37BF1-512,0,script,-1,complete,Not capability,0% <= x < 16.7%,0% <= x < 16.7%,0,0,0,1,1,1,0,0,0,0,0,0,0,1,0,0,0.0,0
585802.mira,585802,mira,2015-09-02 19:58:30,20150902,2015-09-02 20:01:40,20150902,2015-09-02 20:04:20,20150902,34871601655553,97534845395728,backfill,300.0,160.0,512.0,432.0,8192.0,6912.0,MIR-04000-37331-512,0,119,0,189,0,307.2,364.0889,0.0,364.0888,0.0,0.0,364.0888,MIR-04000-37331-512,0,script,-1,complete,Not capability,0% <= x < 16.7%,0% <= x < 16.7%,0,0,0,1,1,1,0,0,0,0,0,0,0,1,0,0,0.0,0
585806.mira,585806,mira,2015-09-02 19:58:37,20150902,2015-09-02 20:02:07,20150902,2015-09-02 20:05:01,20150902,34871601655553,97534845395728,backfill,300.0,174.0,512.0,432.0,8192.0,6912.0,MIR-04CC0-37FF1-512,0,143,0,210,0,334.08,395.9467,0.0,395.9466,0.0,0.0,395.9466,MIR-04CC0-37FF1-512,0,script,-1,complete,Not capability,0% <= x < 16.7%,0% <= x < 16.7%,0,0,0,1,1,1,0,0,0,0,0,0,0,1,0,0,0.0,0
585792.mira,585792,mira,2015-09-02 19:53:03,20150902,2015-09-02 20:03:37,20150902,2015-09-02 20:06:25,20150902,34871601655553,97534845395728,backfill,300.0,168.0,512.0,432.0,8192.0,6912.0,MIR-04840-37B71-512,0,436,1,633,2,322.56,382.2933,0.0,382.2933,0.0,0.0,382.2933,MIR-04840-37B71-512,0,script,-1,complete,Not capability,0% <= x < 16.7%,0% <= x < 16.7%,0,0,0,1,1,1,0,0,0,0,0,0,0,1,0,0,0.0,0
585810.mira,585810,mira,2015-09-02 20:03:43,20150902,2015-09-02 20:04:06,20150902,2015-09-02 20:06:51,20150902,34871601655553,97534845395728,backfill,300.0,165.0,512.0,432.0,8192.0,6912.0,MIR-04080-373B1-512,0,24,0,24,0,316.8,375.4667,0.0,375.4666,0.0,0.0,375.4666,MIR-04080-373B1-512,0,script,-1,complete,Not capability,0% <= x < 16.7%,0% <= x < 16.7%,0,0,0,1,1,1,0,0,0,0,0,0,0,1,0,0,0.0,0
585816.mira,585816,mira,2015-09-02 20:04:12,20150902,2015-09-02 20:04:30,20150902,2015-09-02 20:07:04,20150902,34871601655553,97534845395728,backfill,300.0,154.0,512.0,432.0,8192.0,6912.0,MIR-04C00-37F31-512,0,18,0,18,0,295.68,350.4356,0.0,350.4355,0.0,0.0,350.4355,MIR-04C00-37F31-512,0,script,-1,complete,Not capability,0% <= x < 16.7%,0% <= x < 16.7%,0,0,0,1,1,1,0,0,0,0,0,0,0,1,0,0,0.0,0
585815.mira,585815,mira,2015-09-02 20:04:10,20150902,2015-09-02 20:05:01,20150902,2015-09-02 20:08:20,20150902,34871601655553,97534845395728,backfill,300.0,199.0,512.0,432.0,8192.0,6912.0,MIR-04880-37BB1-512,0,51,0,51,0,382.08,452.8356,0.0,452.8355,0.0,0.0,452.8355,MIR-04880-37BB1-512,0,script,-1,complete,Not capability,0% <= x < 16.7%,0% <= x < 16.7%,0,0,0,1,1,1,0,0,0,0,0,0,0,1,0,0,0.0,0
585814.mira,585814,mira,2015-09-02 20:04:07,20150902,2015-09-02 20:05:30,20150902,2015-09-02 20:08:56,20150902,34871601655553,97534845395728,backfill,300.0,206.0,512.0,432.0,8192.0,6912.0,MIR-04040-37371-512,0,84,0,84,0,397.44,471.04,0.0,468.7644,0.0,0.0,468.7644,MIR-04040-37371-512,0,script,-1,complete,Not capability,0% <= x < 16.7%,0% <= x < 16.7%,0,0,0,1,1,1,0,0,0,0,0,0,0,1,0,0,0.0,0
585809.mira,585809,mira,2015-09-02 20:03:41,20150902,2015-09-02 20:06:52,20150902,2015-09-02 20:09:43,20150902,34871601655553,97534845395728,backfill,300.0,171.0,512.0,432.0,8192.0,6912.0,MIR-04CC0-37FF1-512,0,149,0,191,0,328.32,389.12,0.0,389.12,0.0,0.0,389.12,MIR-04CC0-37FF1-512,0,script,-1,complete,Not capability,0% <= x < 16.7%,0% <= x < 16.7%,0,0,0,1,1,1,0,0,0,0,0,0,0,1,0,0,0.0,0
585812.mira,585812,mira,2015-09-02 20:03:46,20150902,2015-09-02 20:07:22,20150902,2015-09-02 20:10:03,20150902,34871601655553,97534845395728,backfill,300.0,161.0,512.0,432.0,8192.0,6912.0,MIR-04840-37B71-512,0,173,0,215,0,309.12,366.3644,0.0,366.3644,0.0,0.0,366.3644,MIR-04840-37B71-512,0,script,-1,complete,Not capability,0% <= x < 16.7%,0% <= x < 16.7%,0,0,0,1,1,1,0,0,0,0,0,0,0,1,0,0,0.0,0
585813.mira,585813,mira,2015-09-02 20:03:55,20150902,2015-09-02 20:07:52,20150902,2015-09-02 20:10:36,20150902,34871601655553,97534845395728,backfill,300.0,164.0,512.0,432.0,8192.0,6912.0,MIR-04080-373B1-512,0,195,0,237,0,314.88,373.1911,0.0,373.1911,0.0,0.0,373.1911,MIR-04080-373B1-512,0,script,-1,complete,Not capability,0% <= x < 16.7%,0% <= x < 16.7%,0,0,0,1,1,1,0,0,0,0,0,0,0,1,0,0,0.0,0
585808.mira,585808,mira,2015-09-02 20:03:40,20150902,2015-09-02 20:08:23,20150902,2015-09-02 20:11:07,20150902,34871601655553,97534845395728,backfill,300.0,164.0,512.0,432.0,8192.0,6912.0,MIR-04C40-37F71-512,0,232,0,284,0,316.8,375.4667,0.0,373.1911,0.0,0.0,373.1911,MIR-04C40-37F71-512,0,script,-1,complete,Not capability,0% <= x < 16.7%,0% <= x < 16.7%,0,0,0,1,1,1,0,0,0,0,0,0,0,1,0,0,0.0,0
585811.mira,585811,mira,2015-09-02 20:03:45,20150902,2015-09-02 20:09:29,20150902,2015-09-02 20:12:56,20150902,34871601655553,97534845395728,backfill,300.0,207.0,512.0,432.0,8192.0,6912.0,MIR-048C0-37BF1-512,0,259,0,344,1,399.36,473.3156,0.0,471.04,0.0,0.0,471.04,MIR-048C0-37BF1-512,0,script,-1,complete,Not capability,0% <= x < 16.7%,0% <= x < 16.7%,0,0,0,1,1,1,0,0,0,0,0,0,0,1,0,0,0.0,0
585825.mira,585825,mira,2015-09-02 20:09:34,20150902,2015-09-02 20:10:04,20150902,2015-09-02 20:12:57,20150902,34871601655553,97534845395728,backfill,300.0,173.0,512.0,432.0,8192.0,6912.0,MIR-04040-37371-512,0,31,0,31,0,330.24,391.3956,0.0,393.6711,0.0,0.0,393.6711,MIR-04040-37371-512,0,script,-1,complete,Not capability,0% <= x < 16.7%,0% <= x < 16.7%,0,0,0,1,1,1,0,0,0,0,0,0,0,1,0,0,0.0,0
585828.mira,585828,mira,2015-09-02 20:09:37,20150902,2015-09-02 20:10:34,20150902,2015-09-02 20:13:43,20150902,34871601655553,97534845395728,backfill,300.0,189.0,512.0,432.0,8192.0,6912.0,MIR-04CC0-37FF1-512,0,56,0,56,0,362.88,430.08,0.0,430.08,0.0,0.0,430.08,MIR-04CC0-37FF1-512,0,script,-1,complete,Not capability,0% <= x < 16.7%,0% <= x < 16.7%,0,0,0,1,1,1,0,0,0,0,0,0,0,1,0,0,0.0,0
585824.mira,585824,mira,2015-09-02 20:09:32,20150902,2015-09-02 20:10:58,20150902,2015-09-02 20:14:09,20150902,34871601655553,97534845395728,backfill,300.0,191.0,512.0,432.0,8192.0,6912.0,MIR-04840-37B71-512,0,85,0,85,0,368.64,436.9067,0.0,434.6311,0.0,0.0,434.6311,MIR-04840-37B71-512,0,script,-1,complete,Not capability,0% <= x < 16.7%,0% <= x < 16.7%,0,0,0,1,1,1,0,0,0,0,0,0,0,1,0,0,0.0,0
585826.mira,585826,mira,2015-09-02 20:09:36,20150902,2015-09-02 20:12:16,20150902,2015-09-02 20:15:23,20150902,34871601655553,97534845395728,backfill,300.0,187.0,512.0,432.0,8192.0,6912.0,MIR-04C00-37F31-512,0,150,0,160,0,360.96,427.8044,0.0,425.5288,0.0,0.0,425.5288,MIR-04C00-37F31-512,0,script,-1,complete,Not capability,0% <= x < 16.7%,0% <= x < 16.7%,0,0,0,1,1,1,0,0,0,0,0,0,0,1,0,0,0.0,0
585823.mira,585823,mira,2015-09-02 20:09:30,20150902,2015-09-02 20:13:42,20150902,2015-09-02 20:16:38,20150902,34871601655553,97534845395728,backfill,300.0,176.0,512.0,432.0,8192.0,6912.0,MIR-048C0-37BF1-512,0,215,0,252,0,336.0,398.2222,0.0,400.4977,0.0,0.0,400.4977,MIR-048C0-37BF1-512,0,script,-1,complete,Not capability,0% <= x < 16.7%,0% <= x < 16.7%,0,0,0,1,1,1,0,0,0,0,0,0,0,1,0,0,0.0,0
585821.mira,585821,mira,2015-09-02 20:09:14,20150902,2015-09-02 20:14:38,20150902,2015-09-02 20:17:31,20150902,34871601655553,97534845395728,backfill,300.0,173.0,512.0,432.0,8192.0,6912.0,MIR-04840-37B71-512,0,287,0,324,1,330.24,391.3956,0.0,393.6711,0.0,0.0,393.6711,MIR-04840-37B71-512,0,script,-1,complete,Not capability,0% <= x < 16.7%,0% <= x < 16.7%,0,0,0,1,1,1,0,0,0,0,0,0,0,1,0,0,0.0,0
585836.mira,585836,mira,2015-09-02 20:14:46,20150902,2015-09-02 20:15:07,20150902,2015-09-02 20:17:31,20150902,34871601655553,97534845395728,backfill,300.0,144.0,512.0,432.0,8192.0,6912.0,MIR-04CC0-37FF1-512,0,21,0,21,0,276.48,327.68,0.0,327.68,0.0,0.0,327.68,MIR-04CC0-37FF1-512,0,script,-1,complete,Not capability,0% <= x < 16.7%,0% <= x < 16.7%,0,0,0,1,1,1,0,0,0,0,0,0,0,1,0,0,0.0,0
585841.mira,585841,mira,2015-09-02 20:15:12,20150902,2015-09-02 20:16:07,20150902,2015-09-02 20:18:27,20150902,34871601655553,97534845395728,backfill,300.0,140.0,512.0,432.0,8192.0,6912.0,MIR-04C00-37F31-512,0,55,0,55,0,268.8,318.5778,0.0,318.5777,0.0,0.0,318.5777,MIR-04C00-37F31-512,0,script,-1,complete,Not capability,0% <= x < 16.7%,0% <= x < 16.7%,0,0,0,1,1,1,0,0,0,0,0,0,0,1,0,0,0.0,0
585838.mira,585838,mira,2015-09-02 20:14:50,20150902,2015-09-02 20:16:37,20150902,2015-09-02 20:18:27,20150902,34871601655553,97534845395728,backfill,300.0,110.0,512.0,432.0,8192.0,6912.0,MIR-04440-37771-512,0,107,0,107,0,211.2,250.3111,0.0,250.3111,0.0,0.0,250.3111,MIR-04440-37771-512,0,script,-1,complete,Not capability,0% <= x < 16.7%,0% <= x < 16.7%,0,0,0,1,1,1,0,0,0,0,0,0,0,1,0,0,0.0,0
585837.mira,585837,mira,2015-09-02 20:14:48,20150902,2015-09-02 20:17:27,20150902,2015-09-02 20:19:45,20150902,34871601655553,97534845395728,backfill,300.0,138.0,512.0,432.0,8192.0,6912.0,MIR-048C0-37BF1-512,0,160,0,160,0,264.96,314.0267,0.0,314.0266,0.0,0.0,314.0266,MIR-048C0-37BF1-512,0,script,-1,complete,Not capability,0% <= x < 16.7%,0% <= x < 16.7%,0,0,0,1,1,1,0,0,0,0,0,0,0,1,0,0,0.0,0
585840.mira,585840,mira,2015-09-02 20:15:08,20150902,2015-09-02 20:18:26,20150902,2015-09-02 20:21:19,20150902,34871601655553,97534845395728,backfill,300.0,173.0,512.0,432.0,8192.0,6912.0,MIR-04840-37B71-512,0,199,0,199,0,332.16,393.6711,0.0,393.6711,0.0,0.0,393.6711,MIR-04840-37B71-512,0,script,-1,complete,Not capability,0% <= x < 16.7%,0% <= x < 16.7%,0,0,0,1,1,1,0,0,0,0,0,0,0,1,0,0,0.0,0
585833.mira,585833,mira,2015-09-02 20:14:40,20150902,2015-09-02 20:18:56,20150902,2015-09-02 20:21:33,20150902,34871601655553,97534845395728,backfill,300.0,157.0,512.0,432.0,8192.0,6912.0,MIR-04CC0-37FF1-512,0,256,0,256,0,303.36,359.5378,0.0,357.2622,0.0,0.0,357.2622,MIR-04CC0-37FF1-512,0,script,-1,complete,Not capability,0% <= x < 16.7%,0% <= x < 16.7%,0,0,0,1,1,1,0,0,0,0,0,0,0,1,0,0,0.0,0
585835.mira,585835,mira,2015-09-02 20:14:44,20150902,2015-09-02 20:19:25,20150902,2015-09-02 20:21:57,20150902,34871601655553,97534845395728,backfill,300.0,152.0,512.0,432.0,8192.0,6912.0,MIR-04C40-37F71-512,0,280,0,280,0,293.76,348.16,0.0,345.8844,0.0,0.0,345.8844,MIR-04C40-37F71-512,0,script,-1,complete,Not capability,0% <= x < 16.7%,0% <= x < 16.7%,0,0,0,1,1,1,0,0,0,0,0,0,0,1,0,0,0.0,0
585834.mira,585834,mira,2015-09-02 20:14:42,20150902,2015-09-02 20:19:48,20150902,2015-09-02 20:22:49,20150902,34871601655553,97534845395728,backfill,300.0,181.0,512.0,432.0,8192.0,6912.0,MIR-04080-373B1-512,0,306,1,306,1,349.44,414.1511,0.0,411.8755,0.0,0.0,411.8755,MIR-04080-373B1-512,0,script,-1,complete,Not capability,0% <= x < 16.7%,0% <= x < 16.7%,0,0,0,1,1,1,0,0,0,0,0,0,0,1,0,0,0.0,0
585848.mira,585848,mira,2015-09-02 20:20:24,20150902,2015-09-02 20:20:45,20150902,2015-09-02 20:23:20,20150902,34871601655553,97534845395728,backfill,300.0,155.0,512.0,432.0,8192.0,6912.0,MIR-048C0-37BF1-512,0,21,0,21,0,297.6,352.7111,0.0,352.7111,0.0,0.0,352.7111,MIR-048C0-37BF1-512,0,script,-1,complete,Not capability,0% <= x < 16.7%,0% <= x < 16.7%,0,0,0,1,1,1,0,0,0,0,0,0,0,1,0,0,0.0,0
585851.mira,585851,mira,2015-09-02 20:20:29,20150902,2015-09-02 20:22:06,20150902,2015-09-02 20:25:33,20150902,34871601655553,97534845395728,backfill,300.0,207.0,512.0,432.0,8192.0,6912.0,MIR-04840-37B71-512,0,76,0,96,0,399.36,473.3156,0.0,471.04,0.0,0.0,471.04,MIR-04840-37B71-512,0,script,-1,complete,Not capability,0% <= x < 16.7%,0% <= x < 16.7%,0,0,0,1,1,1,0,0,0,0,0,0,0,1,0,0,0.0,0
585847.mira,585847,mira,2015-09-02 20:20:22,20150902,2015-09-02 20:22:35,20150902,2015-09-02 20:26:08,20150902,34871601655553,97534845395728,backfill,300.0,213.0,512.0,432.0,8192.0,6912.0,MIR-04CC0-37FF1-512,0,114,0,133,0,410.88,486.9689,0.0,484.6933,0.0,0.0,484.6933,MIR-04CC0-37FF1-512,0,script,-1,complete,Not capability,0% <= x < 16.7%,0% <= x < 16.7%,0,0,0,1,1,1,0,0,0,0,0,0,0,1,0,0,0.0,0
585850.mira,585850,mira,2015-09-02 20:20:27,20150902,2015-09-02 20:23:05,20150902,2015-09-02 20:25:21,20150902,34871601655553,97534845395728,backfill,300.0,136.0,512.0,432.0,8192.0,6912.0,MIR-04C40-37F71-512,0,137,0,157,0,263.04,311.7511,0.0,309.4755,0.0,0.0,309.4755,MIR-04C40-37F71-512,0,script,-1,complete,Not capability,0% <= x < 16.7%,0% <= x < 16.7%,0,0,0,1,1,1,0,0,0,0,0,0,0,1,0,0,0.0,0
585849.mira,585849,mira,2015-09-02 20:20:25,20150902,2015-09-02 20:23:33,20150902,2015-09-02 20:26:49,20150902,34871601655553,97534845395728,backfill,300.0,196.0,512.0,432.0,8192.0,6912.0,MIR-04000-37331-512,0,168,0,187,0,378.24,448.2844,0.0,446.0088,0.0,0.0,446.0088,MIR-04000-37331-512,0,script,-1,complete,Not capability,0% <= x < 16.7%,0% <= x < 16.7%,0,0,0,1,1,1,0,0,0,0,0,0,0,1,0,0,0.0,0
585845.mira,585845,mira,2015-09-02 20:20:19,20150902,2015-09-02 20:24:04,20150902,2015-09-02 20:27:03,20150902,34871601655553,97534845395728,backfill,300.0,179.0,512.0,432.0,8192.0,6912.0,MIR-048C0-37BF1-512,0,206,0,225,0,345.6,409.6,0.0,407.3244,0.0,0.0,407.3244,MIR-048C0-37BF1-512,0,script,-1,complete,Not capability,0% <= x < 16.7%,0% <= x < 16.7%,0,0,0,1,1,1,0,0,0,0,0,0,0,1,0,0,0.0,0
585859.mira,585859,mira,2015-09-02 20:25:47,20150902,2015-09-02 20:26:18,20150902,2015-09-02 20:29:57,20150902,34871601655553,97534845395728,backfill,300.0,219.0,512.0,432.0,8192.0,6912.0,MIR-04840-37B71-512,0,30,0,30,0,422.4,500.6222,0.0,498.3466,0.0,0.0,498.3466,MIR-04840-37B71-512,0,script,-1,complete,Not capability,0% <= x < 16.7%,0% <= x < 16.7%,0,0,0,1,1,1,0,0,0,0,0,0,0,1,0,0,0.0,0
585855.mira,585855,mira,2015-09-02 20:25:39,20150902,2015-09-02 20:26:52,20150902,2015-09-02 20:31:50,20150902,34871601655553,97534845395728,backfill,300.0,298.0,512.0,432.0,8192.0,6912.0,MIR-04C00-37F31-512,0,72,0,72,0,574.08,680.3911,0.0,678.1155,0.0,0.0,678.1155,MIR-04C00-37F31-512,0,script,-1,complete,Not capability,0% <= x < 16.7%,0% <= x < 16.7%,0,0,0,1,1,1,0,0,0,0,0,0,0,1,0,0,0.0,0
585856.mira,585856,mira,2015-09-02 20:25:41,20150902,2015-09-02 20:27:22,20150902,2015-09-02 20:32:34,20150902,34871601655553,97534845395728,backfill,300.0,312.0,512.0,432.0,8192.0,6912.0,MIR-04CC0-37FF1-512,0,102,0,102,0,597.12,707.6978,0.0,709.9733,0.0,0.0,709.9733,MIR-04CC0-37FF1-512,0,script,-1,complete,Not capability,0% <= x < 16.7%,0% <= x < 16.7%,0,0,0,1,1,1,0,0,0,0,0,0,0,1,0,0,0.0,0
585854.mira,585854,mira,2015-09-02 20:25:34,20150902,2015-09-02 20:27:52,20150902,2015-09-02 20:32:22,20150902,34871601655553,97534845395728,backfill,300.0,270.0,512.0,432.0,8192.0,6912.0,MIR-048C0-37BF1-512,0,137,0,137,0,518.4,614.4,0.0,614.4,0.0,0.0,614.4,MIR-048C0-37BF1-512,0,script,-1,complete,Not capability,0% <= x < 16.7%,0% <= x < 16.7%,0,0,0,1,1,1,0,0,0,0,0,0,0,1,0,0,0.0,0
585858.mira,585858,mira,2015-09-02 20:25:44,20150902,2015-09-02 20:28:22,20150902,2015-09-02 20:32:51,20150902,34871601655553,97534845395728,backfill,300.0,269.0,512.0,432.0,8192.0,6912.0,MIR-04480-377B1-512,0,158,0,158,0,516.48,612.1244,0.0,612.1244,0.0,0.0,612.1244,MIR-04480-377B1-512,0,script,-1,complete,Not capability,0% <= x < 16.7%,0% <= x < 16.7%,0,0,0,1,1,1,0,0,0,0,0,0,0,1,0,0,0.0,0
585857.mira,585857,mira,2015-09-02 20:25:43,20150902,2015-09-02 20:30:38,20150902,2015-09-02 20:34:49,20150902,34871601655553,97534845395728,backfill,300.0,251.0,512.0,432.0,8192.0,6912.0,MIR-04840-37B71-512,0,215,0,296,0,483.84,573.44,0.0,571.1644,0.0,0.0,571.1644,MIR-04840-37B71-512,0,script,-1,complete,Not capability,0% <= x < 16.7%,0% <= x < 16.7%,0,0,0,1,1,1,0,0,0,0,0,0,0,1,0,0,0.0,0
585867.mira,585867,mira,2015-09-02 20:31:12,20150902,2015-09-02 20:32:29,20150902,2015-09-02 20:35:51,20150902,34871601655553,97534845395728,backfill,300.0,202.0,512.0,432.0,8192.0,6912.0,MIR-04C00-37F31-512,0,51,0,76,0,391.68,464.2133,0.0,459.6622,0.0,0.0,459.6622,MIR-04C00-37F31-512,0,script,-1,complete,Not capability,0% <= x < 16.7%,0% <= x < 16.7%,0,0,0,1,1,1,0,0,0,0,0,0,0,1,0,0,0.0,0
585864.mira,585864,mira,2015-09-02 20:30:50,20150902,2015-09-02 20:33:32,20150902,2015-09-02 20:37:52,20150902,34871601655553,97534845395728,backfill,300.0,260.0,512.0,432.0,8192.0,6912.0,MIR-04CC0-37FF1-512,0,116,0,163,0,497.28,589.3689,0.0,591.6444,0.0,0.0,591.6444,MIR-04CC0-37FF1-512,0,script,-1,complete,Not capability,0% <= x < 16.7%,0% <= x < 16.7%,0,0,0,1,1,1,0,0,0,0,0,0,0,1,0,0,0.0,0
585865.mira,585865,mira,2015-09-02 20:31:07,20150902,2015-09-02 20:34:04,20150902,2015-09-02 20:38:03,20150902,34871601655553,97534845395728,backfill,300.0,239.0,512.0,432.0,8192.0,6912.0,MIR-048C0-37BF1-512,0,146,0,177,0,460.8,546.1333,0.0,543.8577,0.0,0.0,543.8577,MIR-048C0-37BF1-512,0,script,-1,complete,Not capability,0% <= x < 16.7%,0% <= x < 16.7%,0,0,0,1,1,1,0,0,0,0,0,0,0,1,0,0,0.0,0
585866.mira,585866,mira,2015-09-02 20:31:11,20150902,2015-09-02 20:34:40,20150902,2015-09-02 20:38:59,20150902,34871601655553,97534845395728,backfill,300.0,259.0,512.0,432.0,8192.0,6912.0,MIR-044C0-377F1-512,0,182,0,209,0,499.2,591.6444,0.0,589.3688,0.0,0.0,589.3688,MIR-044C0-377F1-512,0,script,-1,complete,Not capability,0% <= x < 16.7%,0% <= x < 16.7%,0,0,0,1,1,1,0,0,0,0,0,0,0,1,0,0,0.0,0
585853.mira,585853,mira,2015-09-02 20:25:32,20150902,2015-09-02 20:35:30,20150902,2015-09-02 20:39:45,20150902,34871601655553,97534845395728,backfill,300.0,255.0,512.0,432.0,8192.0,6912.0,MIR-04840-37B71-512,0,449,1,598,1,491.52,582.5422,0.0,580.2666,0.0,0.0,580.2666,MIR-04840-37B71-512,0,script,-1,complete,Not capability,0% <= x < 16.7%,0% <= x < 16.7%,0,0,0,1,1,1,0,0,0,0,0,0,0,1,0,0,0.0,0
585875.mira,585875,mira,2015-09-02 20:36:21,20150902,2015-09-02 20:36:40,20150902,2015-09-02 20:39:59,20150902,34871601655553,97534845395728,backfill,300.0,199.0,512.0,432.0,8192.0,6912.0,MIR-04C40-37F71-512,0,18,0,18,0,384.0,455.1111,0.0,452.8355,0.0,0.0,452.8355,MIR-04C40-37F71-512,0,script,-1,complete,Not capability,0% <= x < 16.7%,0% <= x < 16.7%,0,0,0,1,1,1,0,0,0,0,0,0,0,1,0,0,0.0,0
585877.mira,585877,mira,2015-09-02 20:36:27,20150902,2015-09-02 20:38:29,20150902,2015-09-02 20:41:35,20150902,34871601655553,97534845395728,backfill,300.0,186.0,512.0,432.0,8192.0,6912.0,MIR-04CC0-37FF1-512,0,66,0,123,0,357.12,423.2533,0.0,423.2533,0.0,0.0,423.2533,MIR-04CC0-37FF1-512,0,script,-1,complete,Not capability,0% <= x < 16.7%,0% <= x < 16.7%,0,0,0,1,1,1,0,0,0,0,0,0,0,1,0,0,0.0,0
585876.mira,585876,mira,2015-09-02 20:36:23,20150902,2015-09-02 20:39:01,20150902,2015-09-02 20:42:10,20150902,34871601655553,97534845395728,backfill,300.0,189.0,512.0,432.0,8192.0,6912.0,MIR-048C0-37BF1-512,0,102,0,158,0,360.96,427.8044,0.0,430.08,0.0,0.0,430.08,MIR-048C0-37BF1-512,0,script,-1,complete,Not capability,0% <= x < 16.7%,0% <= x < 16.7%,0,0,0,1,1,1,0,0,0,0,0,0,0,1,0,0,0.0,0
568308.mira,568308,mira,2015-08-24 14:58:28,20150824,2015-09-02 20:40:01,20150902,2015-09-03 02:25:12,20150903,22495244966119,55265355648130,prod-short,21600.0,20711.0,2048.0,2048.0,32768.0,32768.0,MIR-40C00-73FF1-2048,0,702451,32,798093,36,188516.1244,188516.1244,0.0,188516.1244,0.0,0.0,188516.1244,MIR-40C00-73FF1-2048,0,c16,-1,complete,Not capability,0% <= x < 16.7%,0% <= x < 16.7%,0,0,0,1,1,1,0,0,0,0,0,0,0,1,0,0,0.0,0
574298.mira,574298,mira,2015-08-27 14:26:41,20150827,2015-09-02 20:40:29,20150902,2015-09-03 06:42:03,20150903,89367068321149,18668049722289,prod-long,39600.0,33251.013196490654,4096.0,4096.0,65536.0,65536.0,MIR-00000-337F1-4096,0,493549,12,540828,13,657053.0133,657053.0133,0.0,657071.2177,0.0,0.0,657071.2177,MIR-00000-337F1-4096,0,script,-1,complete,Not capability,0% <= x < 16.7%,0% <= x < 16.7%,32,0,32,0,32,0,0,1,1,0,0,1,0,0,0,0,0.0,0
585873.mira,585873,mira,2015-09-02 20:36:20,20150902,2015-09-02 20:41:02,20150902,2015-09-02 20:44:54,20150902,34871601655553,97534845395728,backfill,300.0,232.0,512.0,432.0,8192.0,6912.0,MIR-04840-37B71-512,0,227,0,283,0,445.44,527.9289,0.0,527.9288,0.0,0.0,527.9288,MIR-04840-37B71-512,0,script,-1,complete,Not capability,0% <= x < 16.7%,0% <= x < 16.7%,0,0,0,1,1,1,0,0,0,0,0,0,0,1,0,0,0.0,0
585871.mira,585871,mira,2015-09-02 20:36:15,20150902,2015-09-02 20:41:36,20150902,2015-09-02 20:44:54,20150902,34871601655553,97534845395728,backfill,300.0,198.0,512.0,432.0,8192.0,6912.0,MIR-04C00-37F31-512,0,265,0,321,1,380.16,450.56,0.0,450.56,0.0,0.0,450.56,MIR-04C00-37F31-512,0,script,-1,complete,Not capability,0% <= x < 16.7%,0% <= x < 16.7%,0,0,0,1,1,1,0,0,0,0,0,0,0,1,0,0,0.0,0
585883.mira,585883,mira,2015-09-02 20:41:45,20150902,2015-09-02 20:42:09,20150902,2015-09-02 20:44:41,20150902,34871601655553,97534845395728,backfill,300.0,152.0,512.0,432.0,8192.0,6912.0,MIR-04CC0-37FF1-512,0,24,0,24,0,291.84,345.8844,0.0,345.8844,0.0,0.0,345.8844,MIR-04CC0-37FF1-512,0,script,-1,complete,Not capability,0% <= x < 16.7%,0% <= x < 16.7%,0,0,0,1,1,1,0,0,0,0,0,0,0,1,0,0,0.0,0
585888.mira,585888,mira,2015-09-02 20:42:13,20150902,2015-09-02 20:42:39,20150902,2015-09-02 20:46:07,20150902,34871601655553,97534845395728,backfill,300.0,208.0,512.0,432.0,8192.0,6912.0,MIR-04000-37331-512,0,25,0,25,0,401.28,475.5911,0.0,473.3155,0.0,0.0,473.3155,MIR-04000-37331-512,0,script,-1,complete,Not capability,0% <= x < 16.7%,0% <= x < 16.7%,0,0,0,1,1,1,0,0,0,0,0,0,0,1,0,0,0.0,0
585886.mira,585886,mira,2015-09-02 20:41:58,20150902,2015-09-02 20:43:12,20150902,2015-09-02 20:46:33,20150902,34871601655553,97534845395728,backfill,300.0,201.0,512.0,432.0,8192.0,6912.0,MIR-048C0-37BF1-512,0,73,0,73,0,387.84,459.6622,0.0,457.3866,0.0,0.0,457.3866,MIR-048C0-37BF1-512,0,script,-1,complete,Not capability,0% <= x < 16.7%,0% <= x < 16.7%,0,0,0,1,1,1,0,0,0,0,0,0,0,1,0,0,0.0,0
585887.mira,585887,mira,2015-09-02 20:42:10,20150902,2015-09-02 20:45:35,20150902,2015-09-02 20:48:43,20150902,34871601655553,97534845395728,backfill,300.0,188.0,512.0,432.0,8192.0,6912.0,MIR-04CC0-37FF1-512,0,132,0,204,0,362.88,430.08,0.0,427.8044,0.0,0.0,427.8044,MIR-04CC0-37FF1-512,0,script,-1,complete,Not capability,0% <= x < 16.7%,0% <= x < 16.7%,0,0,0,1,1,1,0,0,0,0,0,0,0,1,0,0,0.0,0
585885.mira,585885,mira,2015-09-02 20:41:51,20150902,2015-09-02 20:46:05,20150902,2015-09-02 20:49:10,20150902,34871601655553,97534845395728,backfill,300.0,185.0,512.0,432.0,8192.0,6912.0,MIR-04C00-37F31-512,0,182,0,254,0,355.2,420.9778,0.0,420.9777,0.0,0.0,420.9777,MIR-04C00-37F31-512,0,script,-1,complete,Not capability,0% <= x < 16.7%,0% <= x < 16.7%,0,0,0,1,1,1,0,0,0,0,0,0,0,1,0,0,0.0,0
585884.mira,585884,mira,2015-09-02 20:41:47,20150902,2015-09-02 20:47:02,20150902,2015-09-02 20:50:55,20150902,34871601655553,97534845395728,backfill,300.0,233.0,512.0,432.0,8192.0,6912.0,MIR-048C0-37BF1-512,0,243,0,315,1,445.44,527.9289,0.0,530.2044,0.0,0.0,530.2044,MIR-048C0-37BF1-512,0,script,-1,complete,Not capability,0% <= x < 16.7%,0% <= x < 16.7%,0,0,0,1,1,1,0,0,0,0,0,0,0,1,0,0,0.0,0
585882.mira,585882,mira,2015-09-02 20:41:37,20150902,2015-09-02 20:47:33,20150902,2015-09-02 20:50:40,20150902,34871601655553,97534845395728,backfill,300.0,187.0,512.0,432.0,8192.0,6912.0,MIR-04080-373B1-512,0,284,0,356,1,357.12,423.2533,0.0,425.5288,0.0,0.0,425.5288,MIR-04080-373B1-512,0,script,-1,complete,Not capability,0% <= x < 16.7%,0% <= x < 16.7%,0,0,0,1,1,1,0,0,0,0,0,0,0,1,0,0,0.0,0
585894.mira,585894,mira,2015-09-02 20:47:35,20150902,2015-09-02 20:49:26,20150902,2015-09-02 20:52:01,20150902,34871601655553,97534845395728,backfill,300.0,155.0,512.0,432.0,8192.0,6912.0,MIR-04CC0-37FF1-512,0,111,0,111,0,299.52,354.9867,0.0,352.7111,0.0,0.0,352.7111,MIR-04CC0-37FF1-512,0,script,-1,complete,Not capability,0% <= x < 16.7%,0% <= x < 16.7%,0,0,0,1,1,1,0,0,0,0,0,0,0,1,0,0,0.0,0
585895.mira,585895,mira,2015-09-02 20:47:37,20150902,2015-09-02 20:49:58,20150902,2015-09-02 20:53:04,20150902,34871601655553,97534845395728,backfill,300.0,186.0,512.0,432.0,8192.0,6912.0,MIR-04C00-37F31-512,0,142,0,142,0,355.2,420.9778,0.0,423.2533,0.0,0.0,423.2533,MIR-04C00-37F31-512,0,script,-1,complete,Not capability,0% <= x < 16.7%,0% <= x < 16.7%,0,0,0,1,1,1,0,0,0,0,0,0,0,1,0,0,0.0,0
583002.mira,583002,mira,2015-09-01 04:36:27,20150901,2015-09-02 20:51:21,20150902,2015-09-02 23:47:58,20150902,96189774897037,73414259670960,prod-short,10800.0,10597.0,512.0,512.0,8192.0,8192.0,MIR-40800-73B31-512,0,51900,4,144894,13,24116.3378,24116.3378,0.0,24114.0622,0.0,0.0,24114.0622,MIR-40800-73B31-512,0,script,-1,complete,Not capability,0% <= x < 16.7%,0% <= x < 16.7%,8,0,0,0,8,0,0,0,1,1,0,0,0,0,0,0,0.0,0
585896.mira,585896,mira,2015-09-02 20:47:38,20150902,2015-09-02 20:51:51,20150902,2015-09-02 20:55:13,20150902,34871601655553,97534845395728,backfill,300.0,202.0,512.0,432.0,8192.0,6912.0,MIR-048C0-37BF1-512,0,253,0,253,0,385.92,457.3867,0.0,459.6622,0.0,0.0,459.6622,MIR-048C0-37BF1-512,0,script,-1,complete,Not capability,0% <= x < 16.7%,0% <= x < 16.7%,0,0,0,1,1,1,0,0,0,0,0,0,0,1,0,0,0.0,0
585893.mira,585893,mira,2015-09-02 20:47:31,20150902,2015-09-02 20:52:25,20150902,2015-09-02 20:56:01,20150902,34871601655553,97534845395728,backfill,300.0,216.0,512.0,432.0,8192.0,6912.0,MIR-040C0-373F1-512,0,294,0,294,0,416.64,493.7956,0.0,491.52,0.0,0.0,491.52,MIR-040C0-373F1-512,0,script,-1,complete,Not capability,0% <= x < 16.7%,0% <= x < 16.7%,0,0,0,1,1,1,0,0,0,0,0,0,0,1,0,0,0.0,0
584204.mira,584204,mira,2015-09-02 02:54:12,20150902,2015-09-02 20:52:54,20150902,2015-09-03 01:52:33,20150903,50394197576862,38970600412679,prod-short,21600.0,17979.0,2048.0,2048.0,32768.0,32768.0,MIR-04400-377F1-2048,0,64721,2,64721,2,163657.9556,163657.9556,0.0,163648.8533,0.0,0.0,163648.8533,MIR-04400-377F1-2048,0,script,-1,complete,Not capability,0% <= x < 16.7%,0% <= x < 16.7%,0,84,0,0,84,0,1,0,0,0,0,0,1,0,0,0,0.0,0
583937.mira,583937,mira,2015-09-01 19:54:36,20150901,2015-09-02 20:53:23,20150902,2015-09-03 02:54:08,20150903,18521055867206,96053935958097,prod-short,21600.0,21645.0,1024.0,1024.0,16384.0,16384.0,MIR-04000-37371-1-1024,143,89927,4,89927,4,98504.2489,98504.2489,0.0,98508.8,0.0,0.0,98508.8,MIR-04000-37371-1-1024,143,script,-1,complete,Not capability,0% <= x < 16.7%,0% <= x < 16.7%,0,0,0,1,1,1,0,0,0,0,0,0,0,1,0,0,0.0,0
583881.mira,583881,mira,2015-09-01 19:12:39,20150901,2015-09-02 20:53:54,20150902,2015-09-03 02:17:00,20150903,71567357551105,17493214559505,prod-capability,21600.0,19386.0,16384.0,16384.0,262144.0,262144.0,MIR-44000-7BFF1-16384,1,9939,0,92475,4,1411572.6222,1411572.6222,1411645.44,0.0,1411645.44,0.0,0.0,MIR-44000-7BFF1-16384,1,c2,-1,complete,Capability,33.3% <= x <= 100%,33.3% <= x < 50.0%,0,0,0,1,1,1,0,0,0,0,0,0,0,1,0,0,1411645.44,1
583942.mira,583942,mira,2015-09-01 19:59:29,20150901,2015-09-02 20:54:14,20150902,2015-09-03 02:55:14,20150903,18521055867206,96053935958097,prod-short,21600.0,21660.0,1024.0,1024.0,16384.0,16384.0,MIR-04C00-37F71-1-1024,143,89686,4,89686,4,98572.5156,98572.5156,0.0,98577.0666,0.0,0.0,98577.0666,MIR-04C00-37F71-1-1024,143,script,-1,complete,Not capability,0% <= x < 16.7%,0% <= x < 16.7%,0,0,0,1,1,1,0,0,0,0,0,0,0,1,0,0,0.0,0
584203.mira,584203,mira,2015-09-02 02:53:42,20150902,2015-09-02 20:54:49,20150902,2015-09-03 00:50:48,20150903,50394197576862,38970600412679,prod-short,21600.0,14159.0,1024.0,1024.0,16384.0,16384.0,MIR-04800-37B71-1-1024,0,64868,3,64868,3,64439.1822,64439.1822,0.0,64439.1822,0.0,0.0,64439.1822,MIR-04800-37B71-1-1024,0,script,-1,complete,Not capability,0% <= x < 16.7%,0% <= x < 16.7%,0,112,0,0,112,0,1,0,0,0,0,0,1,0,0,0,0.0,0
585907.mira,585907,mira,2015-09-02 20:52:56,20150902,2015-09-02 20:55:47,20150902,2015-09-02 20:58:36,20150902,34871601655553,97534845395728,backfill,300.0,169.0,512.0,432.0,8192.0,6912.0,MIR-04CC0-37FF1-512,0,171,0,171,0,322.56,382.2933,0.0,384.5688,0.0,0.0,384.5688,MIR-04CC0-37FF1-512,0,script,-1,complete,Not capability,0% <= x < 16.7%,0% <= x < 16.7%,0,0,0,1,1,1,0,0,0,0,0,0,0,1,0,0,0.0,0
583957.mira,583957,mira,2015-09-01 20:08:02,20150901,2015-09-02 20:56:19,20150902,2015-09-02 22:30:25,20150902,65494466463799,32787699174502,prod-short,10800.0,5646.0,512.0,512.0,8192.0,8192.0,MIR-04880-37BB1-512,0,89298,8,89298,8,12845.5111,12845.5111,0.0,12847.7866,0.0,0.0,12847.7866,MIR-04880-37BB1-512,0,c1,-1,complete,Not capability,0% <= x < 16.7%,0% <= x < 16.7%,0,0,0,1,1,1,0,0,0,0,0,0,0,1,0,0,0.0,0
583958.mira,583958,mira,2015-09-01 20:08:12,20150901,2015-09-02 20:56:52,20150902,2015-09-02 20:58:49,20150902,65494466463799,32787699174502,prod-short,10800.0,117.0,512.0,512.0,8192.0,8192.0,MIR-04080-373B1-512,1,89321,8,89321,8,266.24,266.24,0.0,266.24,0.0,0.0,266.24,MIR-04080-373B1-512,1,c1,-1,complete,Not capability,0% <= x < 16.7%,0% <= x < 16.7%,0,0,0,1,1,1,0,0,0,0,0,0,0,1,0,0,0.0,0
585654.mira,585654,mira,2015-09-02 18:30:42,20150902,2015-09-02 20:57:32,20150902,2015-09-02 21:49:18,20150902,35396746795343,64663463907625,prod-short,5400.0,3106.0,512.0,512.0,8192.0,8192.0,MIR-040C0-373F1-512,0,8810,1,8810,1,7067.8756,7067.8756,0.0,7067.8755,0.0,0.0,7067.8755,MIR-040C0-373F1-512,0,script,-1,complete,Not capability,0% <= x < 16.7%,0% <= x < 16.7%,19,19,0,0,19,0,1,0,1,0,0,0,0,0,0,1,0.0,0
585690.mira,585690,mira,2015-09-02 18:51:10,20150902,2015-09-02 20:58:04,20150902,2015-09-02 21:43:51,20150902,35396746795343,64663463907625,prod-short,5400.0,2747.0,512.0,512.0,8192.0,8192.0,MIR-048C0-37BF1-512,0,7615,1,7615,1,6248.6756,6248.6756,0.0,6250.9511,0.0,0.0,6250.9511,MIR-048C0-37BF1-512,0,script,-1,complete,Not capability,0% <= x < 16.7%,0% <= x < 16.7%,32,32,0,0,32,0,1,0,1,0,0,0,0,0,0,1,0.0,0
585912.mira,585912,mira,2015-09-02 20:58:06,20150902,2015-09-02 20:58:56,20150902,2015-09-02 21:01:31,20150902,34871601655553,97534845395728,backfill,300.0,155.0,512.0,432.0,8192.0,6912.0,MIR-04CC0-37FF1-512,0,49,0,49,0,299.52,354.9867,0.0,352.7111,0.0,0.0,352.7111,MIR-04CC0-37FF1-512,0,script,-1,complete,Not capability,0% <= x < 16.7%,0% <= x < 16.7%,0,0,0,1,1,1,0,0,0,0,0,0,0,1,0,0,0.0,0
585914.mira,585914,mira,2015-09-02 20:58:10,20150902,2015-09-02 20:59:16,20150902,2015-09-02 21:01:43,20150902,34871601655553,97534845395728,backfill,300.0,147.0,512.0,432.0,8192.0,6912.0,MIR-04080-373B1-512,0,67,0,67,0,282.24,334.5067,0.0,334.5066,0.0,0.0,334.5066,MIR-04080-373B1-512,0,script,-1,complete,Not capability,0% <= x < 16.7%,0% <= x < 16.7%,0,0,0,1,1,1,0,0,0,0,0,0,0,1,0,0,0.0,0
585913.mira,585913,mira,2015-09-02 20:58:08,20150902,2015-09-02 21:02:10,20150902,2015-09-02 21:04:32,20150902,34871601655553,97534845395728,backfill,300.0,142.0,512.0,432.0,8192.0,6912.0,MIR-04CC0-37FF1-512,0,241,0,241,0,274.56,325.4044,0.0,323.1288,0.0,0.0,323.1288,MIR-04CC0-37FF1-512,0,script,-1,complete,Not capability,0% <= x < 16.7%,0% <= x < 16.7%,0,0,0,1,1,1,0,0,0,0,0,0,0,1,0,0,0.0,0
585906.mira,585906,mira,2015-09-02 20:52:55,20150902,2015-09-02 21:02:41,20150902,2015-09-02 21:06:01,20150902,34871601655553,97534845395728,backfill,300.0,200.0,512.0,432.0,8192.0,6912.0,MIR-04080-373B1-512,0,586,1,586,1,385.92,457.3867,0.0,455.1111,0.0,0.0,455.1111,MIR-04080-373B1-512,0,script,-1,complete,Not capability,0% <= x < 16.7%,0% <= x < 16.7%,0,0,0,1,1,1,0,0,0,0,0,0,0,1,0,0,0.0,0
583784.mira,583784,mira,2015-09-01 17:07:37,20150901,2015-09-02 21:03:37,20150902,2015-09-02 22:17:47,20150902,19538777423807,64663463907625,prod-short,7200.0,4450.0,512.0,512.0,8192.0,8192.0,MIR-40840-73B71-512,0,5019,0,100559,13,10128.4978,10128.4978,0.0,10126.2222,0.0,0.0,10126.2222,MIR-40840-73B71-512,0,c8,-1,complete,Not capability,0% <= x < 16.7%,0% <= x < 16.7%,0,0,0,1,1,1,0,0,0,0,0,0,0,1,0,0,0.0,0
585917.mira,585917,mira,2015-09-02 21:03:13,20150902,2015-09-02 21:06:54,20150902,2015-09-02 21:09:59,20150902,34871601655553,97534845395728,backfill,300.0,185.0,512.0,432.0,8192.0,6912.0,MIR-04080-373B1-512,0,222,0,222,0,355.2,420.9778,0.0,420.9777,0.0,0.0,420.9777,MIR-04080-373B1-512,0,script,-1,complete,Not capability,0% <= x < 16.7%,0% <= x < 16.7%,0,0,0,1,1,1,0,0,0,0,0,0,0,1,0,0,0.0,0
583959.mira,583959,mira,2015-09-01 20:08:22,20150901,2015-09-02 21:08:18,20150902,2015-09-02 21:10:27,20150902,65494466463799,32787699174502,prod-short,10800.0,129.0,512.0,512.0,8192.0,8192.0,MIR-04C80-37FB1-512,1,89996,8,89996,8,293.5467,293.5467,0.0,293.5466,0.0,0.0,293.5466,MIR-04C80-37FB1-512,1,c1,-1,complete,Not capability,0% <= x < 16.7%,0% <= x < 16.7%,0,0,0,1,1,1,0,0,0,0,0,0,0,1,0,0,0.0,0
583772.mira,583772,mira,2015-09-01 17:06:25,20150901,2015-09-02 21:08:47,20150902,2015-09-02 22:59:54,20150902,19538777423807,64663463907625,prod-short,7200.0,6667.0,512.0,512.0,8192.0,8192.0,MIR-04CC0-37FF1-512,0,4258,0,100943,14,15171.1289,15171.1289,0.0,15171.1288,0.0,0.0,15171.1288,MIR-04CC0-37FF1-512,0,c8,-1,complete,Not capability,0% <= x < 16.7%,0% <= x < 16.7%,0,0,0,1,1,1,0,0,0,0,0,0,0,1,0,0,0.0,0
585925.mira,585925,mira,2015-09-02 21:08:19,20150902,2015-09-02 21:10:41,20150902,2015-09-02 21:13:30,20150902,34871601655553,97534845395728,backfill,300.0,169.0,512.0,432.0,8192.0,6912.0,MIR-04080-373B1-512,0,142,0,142,0,322.56,382.2933,0.0,384.5688,0.0,0.0,384.5688,MIR-04080-373B1-512,0,script,-1,complete,Not capability,0% <= x < 16.7%,0% <= x < 16.7%,0,0,0,1,1,1,0,0,0,0,0,0,0,1,0,0,0.0,0
585926.mira,585926,mira,2015-09-02 21:08:21,20150902,2015-09-02 21:11:12,20150902,2015-09-02 21:13:42,20150902,34871601655553,97534845395728,backfill,300.0,150.0,512.0,432.0,8192.0,6912.0,MIR-04C80-37FB1-512,0,171,0,171,0,289.92,343.6089,0.0,341.3333,0.0,0.0,341.3333,MIR-04C80-37FB1-512,0,script,-1,complete,Not capability,0% <= x < 16.7%,0% <= x < 16.7%,0,0,0,1,1,1,0,0,0,0,0,0,0,1,0,0,0.0,0
585929.mira,585929,mira,2015-09-02 21:13:33,20150902,2015-09-02 21:14:08,20150902,2015-09-02 21:16:55,20150902,34871601655553,97534845395728,backfill,300.0,167.0,512.0,432.0,8192.0,6912.0,MIR-04080-373B1-512,0,35,0,35,0,320.64,380.0178,0.0,380.0177,0.0,0.0,380.0177,MIR-04080-373B1-512,0,script,-1,complete,Not capability,0% <= x < 16.7%,0% <= x < 16.7%,0,0,0,1,1,1,0,0,0,0,0,0,0,1,0,0,0.0,0
585928.mira,585928,mira,2015-09-02 21:13:30,20150902,2015-09-02 21:14:37,20150902,2015-09-02 21:17:19,20150902,34871601655553,97534845395728,backfill,300.0,162.0,512.0,432.0,8192.0,6912.0,MIR-04C80-37FB1-512,0,67,0,67,0,312.96,370.9156,0.0,368.64,0.0,0.0,368.64,MIR-04C80-37FB1-512,0,script,-1,complete,Not capability,0% <= x < 16.7%,0% <= x < 16.7%,0,0,0,1,1,1,0,0,0,0,0,0,0,1,0,0,0.0,0
585918.mira,585918,mira,2015-09-02 21:03:14,20150902,2015-09-02 21:17:58,20150902,2015-09-02 21:21:42,20150902,34871601655553,97534845395728,backfill,300.0,224.0,512.0,432.0,8192.0,6912.0,MIR-04080-373B1-512,0,883,2,883,2,430.08,509.7244,0.0,509.7244,0.0,0.0,509.7244,MIR-04080-373B1-512,0,script,-1,complete,Not capability,0% <= x < 16.7%,0% <= x < 16.7%,0,0,0,1,1,1,0,0,0,0,0,0,0,1,0,0,0.0,0
585919.mira,585919,mira,2015-09-02 21:03:16,20150902,2015-09-02 21:18:28,20150902,2015-09-02 21:20:38,20150902,34871601655553,97534845395728,backfill,300.0,130.0,512.0,432.0,8192.0,6912.0,MIR-04C80-37FB1-512,0,912,3,912,3,249.6,295.8222,0.0,295.8222,0.0,0.0,295.8222,MIR-04C80-37FB1-512,0,script,-1,complete,Not capability,0% <= x < 16.7%,0% <= x < 16.7%,0,0,0,1,1,1,0,0,0,0,0,0,0,1,0,0,0.0,0
585933.mira,585933,mira,2015-09-02 21:18:35,20150902,2015-09-02 21:21:44,20150902,2015-09-02 21:24:23,20150902,34871601655553,97534845395728,backfill,300.0,159.0,512.0,432.0,8192.0,6912.0,MIR-04C80-37FB1-512,0,188,0,188,0,307.2,364.0889,0.0,361.8133,0.0,0.0,361.8133,MIR-04C80-37FB1-512,0,script,-1,complete,Not capability,0% <= x < 16.7%,0% <= x < 16.7%,0,0,0,1,1,1,0,0,0,0,0,0,0,1,0,0,0.0,0
585934.mira,585934,mira,2015-09-02 21:18:37,20150902,2015-09-02 21:22:45,20150902,2015-09-02 21:25:30,20150902,34871601655553,97534845395728,backfill,300.0,165.0,512.0,432.0,8192.0,6912.0,MIR-04080-373B1-512,0,247,0,247,0,316.8,375.4667,0.0,375.4666,0.0,0.0,375.4666,MIR-04080-373B1-512,0,script,-1,complete,Not capability,0% <= x < 16.7%,0% <= x < 16.7%,0,0,0,1,1,1,0,0,0,0,0,0,0,1,0,0,0.0,0
585942.mira,585942,mira,2015-09-02 21:23:44,20150902,2015-09-02 21:25:04,20150902,2015-09-02 21:27:38,20150902,34871601655553,97534845395728,backfill,300.0,154.0,512.0,432.0,8192.0,6912.0,MIR-04C80-37FB1-512,0,80,0,80,0,297.6,352.7111,0.0,350.4355,0.0,0.0,350.4355,MIR-04C80-37FB1-512,0,script,-1,complete,Not capability,0% <= x < 16.7%,0% <= x < 16.7%,0,0,0,1,1,1,0,0,0,0,0,0,0,1,0,0,0.0,0
585943.mira,585943,mira,2015-09-02 21:23:46,20150902,2015-09-02 21:26:23,20150902,2015-09-02 21:28:27,20150902,34871601655553,97534845395728,backfill,300.0,124.0,512.0,432.0,8192.0,6912.0,MIR-04080-373B1-512,0,158,0,158,0,238.08,282.1689,0.0,282.1688,0.0,0.0,282.1688,MIR-04080-373B1-512,0,script,-1,complete,Not capability,0% <= x < 16.7%,0% <= x < 16.7%,0,0,0,1,1,1,0,0,0,0,0,0,0,1,0,0,0.0,0
585935.mira,585935,mira,2015-09-02 21:18:39,20150902,2015-09-02 21:28:41,20150902,2015-09-02 21:31:52,20150902,34871601655553,97534845395728,backfill,300.0,191.0,512.0,432.0,8192.0,6912.0,MIR-04C80-37FB1-512,0,601,2,601,2,366.72,434.6311,0.0,434.6311,0.0,0.0,434.6311,MIR-04C80-37FB1-512,0,script,-1,complete,Not capability,0% <= x < 16.7%,0% <= x < 16.7%,0,0,0,1,1,1,0,0,0,0,0,0,0,1,0,0,0.0,0
585949.mira,585949,mira,2015-09-02 21:28:52,20150902,2015-09-02 21:29:35,20150902,2015-09-02 21:34:19,20150902,34871601655553,97534845395728,backfill,300.0,284.0,512.0,432.0,8192.0,6912.0,MIR-04080-373B1-512,0,42,0,42,0,545.28,646.2578,0.0,646.2577,0.0,0.0,646.2577,MIR-04080-373B1-512,0,script,-1,complete,Not capability,0% <= x < 16.7%,0% <= x < 16.7%,0,0,0,1,1,1,0,0,0,0,0,0,0,1,0,0,0.0,0
583946.mira,583946,mira,2015-09-01 20:02:04,20150901,2015-09-02 21:30:59,20150902,2015-09-03 03:31:26,20150903,18521055867206,96053935958097,prod-short,21600.0,21627.0,1024.0,1024.0,16384.0,16384.0,MIR-40880-73BF1-1-1024,143,89584,4,91734,4,98431.4311,98431.4311,0.0,98426.88,0.0,0.0,98426.88,MIR-40880-73BF1-1-1024,143,script,-1,complete,Not capability,0% <= x < 16.7%,0% <= x < 16.7%,0,0,0,1,1,1,0,0,0,0,0,0,0,1,0,0,0.0,0
585950.mira,585950,mira,2015-09-02 21:28:56,20150902,2015-09-02 21:32:53,20150902,2015-09-02 21:37:10,20150902,34871601655553,97534845395728,backfill,300.0,257.0,512.0,432.0,8192.0,6912.0,MIR-04C80-37FB1-512,0,237,0,237,0,491.52,582.5422,0.0,584.8177,0.0,0.0,584.8177,MIR-04C80-37FB1-512,0,script,-1,complete,Not capability,0% <= x < 16.7%,0% <= x < 16.7%,0,0,0,1,1,1,0,0,0,0,0,0,0,1,0,0,0.0,0
585956.mira,585956,mira,2015-09-02 21:33:58,20150902,2015-09-02 21:35:14,20150902,2015-09-02 21:40:07,20150902,34871601655553,97534845395728,backfill,300.0,293.0,512.0,432.0,8192.0,6912.0,MIR-04080-373B1-512,0,76,0,76,0,562.56,666.7378,0.0,666.7377,0.0,0.0,666.7377,MIR-04080-373B1-512,0,script,-1,complete,Not capability,0% <= x < 16.7%,0% <= x < 16.7%,0,0,0,1,1,1,0,0,0,0,0,0,0,1,0,0,0.0,0
585947.mira,585947,mira,2015-09-02 21:28:48,20150902,2015-09-02 21:38:01,20150902,2015-09-02 21:42:00,20150902,34871601655553,97534845395728,backfill,300.0,239.0,512.0,432.0,8192.0,6912.0,MIR-04C80-37FB1-512,0,554,1,554,1,458.88,543.8578,0.0,543.8577,0.0,0.0,543.8577,MIR-04C80-37FB1-512,0,script,-1,complete,Not capability,0% <= x < 16.7%,0% <= x < 16.7%,0,0,0,1,1,1,0,0,0,0,0,0,0,1,0,0,0.0,0
585960.mira,585960,mira,2015-09-02 21:39:02,20150902,2015-09-02 21:40:50,20150902,2015-09-02 21:44:51,20150902,34871601655553,97534845395728,backfill,300.0,241.0,512.0,432.0,8192.0,6912.0,MIR-04080-373B1-512,0,107,0,107,0,462.72,548.4089,0.0,548.4088,0.0,0.0,548.4088,MIR-04080-373B1-512,0,script,-1,complete,Not capability,0% <= x < 16.7%,0% <= x < 16.7%,0,0,0,1,1,1,0,0,0,0,0,0,0,1,0,0,0.0,0
585959.mira,585959,mira,2015-09-02 21:39:01,20150902,2015-09-02 21:42:42,20150902,2015-09-02 21:47:20,20150902,34871601655553,97534845395728,backfill,300.0,278.0,512.0,432.0,8192.0,6912.0,MIR-04C80-37FB1-512,0,222,0,222,0,533.76,632.6044,0.0,632.6044,0.0,0.0,632.6044,MIR-04C80-37FB1-512,0,script,-1,complete,Not capability,0% <= x < 16.7%,0% <= x < 16.7%,0,0,0,1,1,1,0,0,0,0,0,0,0,1,0,0,0.0,0
585967.mira,585967,mira,2015-09-02 21:44:09,20150902,2015-09-02 21:44:40,20150902,2015-09-02 21:49:05,20150902,34871601655553,97534845395728,backfill,300.0,265.0,512.0,432.0,8192.0,6912.0,MIR-048C0-37BF1-512,0,31,0,31,0,508.8,603.0222,0.0,603.0222,0.0,0.0,603.0222,MIR-048C0-37BF1-512,0,script,-1,complete,Not capability,0% <= x < 16.7%,0% <= x < 16.7%,0,0,0,1,1,1,0,0,0,0,0,0,0,1,0,0,0.0,0
585968.mira,585968,mira,2015-09-02 21:44:11,20150902,2015-09-02 21:46:05,20150902,2015-09-02 21:50:40,20150902,34871601655553,97534845395728,backfill,300.0,275.0,512.0,432.0,8192.0,6912.0,MIR-04080-373B1-512,0,115,0,115,0,526.08,623.5022,0.0,625.7777,0.0,0.0,625.7777,MIR-04080-373B1-512,0,script,-1,complete,Not capability,0% <= x < 16.7%,0% <= x < 16.7%,0,0,0,1,1,1,0,0,0,0,0,0,0,1,0,0,0.0,0
585948.mira,585948,mira,2015-09-02 21:28:49,20150902,2015-09-02 21:48:23,20150902,2015-09-02 21:52:24,20150902,34871601655553,97534845395728,backfill,300.0,241.0,512.0,432.0,8192.0,6912.0,MIR-04C80-37FB1-512,0,1173,3,1173,3,464.64,550.6844,0.0,548.4088,0.0,0.0,548.4088,MIR-04C80-37FB1-512,0,script,-1,complete,Not capability,0% <= x < 16.7%,0% <= x < 16.7%,0,0,0,1,1,1,0,0,0,0,0,0,0,1,0,0,0.0,0
585971.mira,585971,mira,2015-09-02 21:49:21,20150902,2015-09-02 21:49:45,20150902,2015-09-02 21:54:27,20150902,34871601655553,97534845395728,backfill,300.0,282.0,512.0,432.0,8192.0,6912.0,MIR-048C0-37BF1-512,0,23,0,23,0,541.44,641.7067,0.0,641.7066,0.0,0.0,641.7066,MIR-048C0-37BF1-512,0,script,-1,complete,Not capability,0% <= x < 16.7%,0% <= x < 16.7%,0,0,0,1,1,1,0,0,0,0,0,0,0,1,0,0,0.0,0
583960.mira,583960,mira,2015-09-01 20:08:31,20150901,2015-09-02 21:51:39,20150902,2015-09-02 21:53:51,20150902,65494466463799,32787699174502,prod-short,10800.0,132.0,512.0,512.0,8192.0,8192.0,MIR-04080-373B1-512,1,92588,8,92588,8,298.0978,298.0978,0.0,300.3733,0.0,0.0,300.3733,MIR-04080-373B1-512,1,c1,-1,complete,Not capability,0% <= x < 16.7%,0% <= x < 16.7%,0,0,0,1,1,1,0,0,0,0,0,0,0,1,0,0,0.0,0
585972.mira,585972,mira,2015-09-02 21:49:23,20150902,2015-09-02 21:52:09,20150902,2015-09-02 21:56:35,20150902,34871601655553,97534845395728,backfill,300.0,266.0,512.0,432.0,8192.0,6912.0,MIR-040C0-373F1-512,0,167,0,167,0,510.72,605.2978,0.0,605.2977,0.0,0.0,605.2977,MIR-040C0-373F1-512,0,script,-1,complete,Not capability,0% <= x < 16.7%,0% <= x < 16.7%,0,0,0,1,1,1,0,0,0,0,0,0,0,1,0,0,0.0,0
585970.mira,585970,mira,2015-09-02 21:49:18,20150902,2015-09-02 21:53:03,20150902,2015-09-02 21:57:18,20150902,34871601655553,97534845395728,backfill,300.0,255.0,512.0,432.0,8192.0,6912.0,MIR-04C80-37FB1-512,0,226,0,226,0,489.6,580.2667,0.0,580.2666,0.0,0.0,580.2666,MIR-04C80-37FB1-512,0,script,-1,complete,Not capability,0% <= x < 16.7%,0% <= x < 16.7%,0,0,0,1,1,1,0,0,0,0,0,0,0,1,0,0,0.0,0
585977.mira,585977,mira,2015-09-02 21:54:30,20150902,2015-09-02 21:55:18,20150902,2015-09-02 21:59:48,20150902,34871601655553,97534845395728,backfill,300.0,270.0,512.0,432.0,8192.0,6912.0,MIR-048C0-37BF1-512,0,49,0,49,0,516.48,612.1244,0.0,614.4,0.0,0.0,614.4,MIR-048C0-37BF1-512,0,script,-1,complete,Not capability,0% <= x < 16.7%,0% <= x < 16.7%,0,0,0,1,1,1,0,0,0,0,0,0,0,1,0,0,0.0,0
583961.mira,583961,mira,2015-09-01 20:08:43,20150901,2015-09-02 21:57:31,20150902,2015-09-02 21:59:21,20150902,65494466463799,32787699174502,prod-short,10800.0,110.0,512.0,512.0,8192.0,8192.0,MIR-04080-373B1-512,1,92927,8,92927,8,252.5867,252.5867,0.0,250.3111,0.0,0.0,250.3111,MIR-04080-373B1-512,1,c1,-1,complete,Not capability,0% <= x < 16.7%,0% <= x < 16.7%,0,0,0,1,1,1,0,0,0,0,0,0,0,1,0,0,0.0,0
585976.mira,585976,mira,2015-09-02 21:54:28,20150902,2015-09-02 21:58:00,20150902,2015-09-02 22:02:29,20150902,34871601655553,97534845395728,backfill,300.0,269.0,512.0,432.0,8192.0,6912.0,MIR-040C0-373F1-512,0,212,0,212,0,518.4,614.4,0.0,612.1244,0.0,0.0,612.1244,MIR-040C0-373F1-512,0,script,-1,complete,Not capability,0% <= x < 16.7%,0% <= x < 16.7%,0,0,0,1,1,1,0,0,0,0,0,0,0,1,0,0,0.0,0
585978.mira,585978,mira,2015-09-02 21:54:31,20150902,2015-09-02 21:58:28,20150902,2015-09-02 22:03:08,20150902,34871601655553,97534845395728,backfill,300.0,280.0,512.0,432.0,8192.0,6912.0,MIR-04C80-37FB1-512,0,237,0,237,0,535.68,634.88,0.0,637.1555,0.0,0.0,637.1555,MIR-04C80-37FB1-512,0,script,-1,complete,Not capability,0% <= x < 16.7%,0% <= x < 16.7%,0,0,0,1,1,1,0,0,0,0,0,0,0,1,0,0,0.0,0
585982.mira,585982,mira,2015-09-02 21:59:36,20150902,2015-09-02 22:00:22,20150902,2015-09-02 22:04:17,20150902,34871601655553,97534845395728,backfill,300.0,235.0,512.0,432.0,8192.0,6912.0,MIR-048C0-37BF1-512,0,45,0,45,0,453.12,537.0311,0.0,534.7555,0.0,0.0,534.7555,MIR-048C0-37BF1-512,0,script,-1,complete,Not capability,0% <= x < 16.7%,0% <= x < 16.7%,0,0,0,1,1,1,0,0,0,0,0,0,0,1,0,0,0.0,0
583962.mira,583962,mira,2015-09-01 20:08:53,20150901,2015-09-02 22:03:08,20150902,2015-09-02 23:10:13,20150902,65494466463799,32787699174502,prod-short,10800.0,4025.0,512.0,512.0,8192.0,8192.0,MIR-04080-373B1-512,0,93256,8,93256,8,9156.8356,9156.8356,0.0,9159.1111,0.0,0.0,9159.1111,MIR-04080-373B1-512,0,c1,-1,complete,Not capability,0% <= x < 16.7%,0% <= x < 16.7%,0,0,0,1,1,1,0,0,0,0,0,0,0,1,0,0,0.0,0
585981.mira,585981,mira,2015-09-02 21:59:34,20150902,2015-09-02 22:03:37,20150902,2015-09-02 22:07:57,20150902,34871601655553,97534845395728,backfill,300.0,260.0,512.0,432.0,8192.0,6912.0,MIR-040C0-373F1-512,0,243,0,243,0,499.2,591.6444,0.0,591.6444,0.0,0.0,591.6444,MIR-040C0-373F1-512,0,script,-1,complete,Not capability,0% <= x < 16.7%,0% <= x < 16.7%,0,0,0,1,1,1,0,0,0,0,0,0,0,1,0,0,0.0,0
585910.mira,585910,mira,2015-09-02 20:53:01,20150902,2015-09-02 22:04:07,20150902,2015-09-02 22:06:55,20150902,34871601655553,97534845395728,backfill,300.0,168.0,512.0,432.0,8192.0,6912.0,MIR-04C80-37FB1-512,0,4265,14,4265,14,322.56,382.2933,0.0,382.2933,0.0,0.0,382.2933,MIR-04C80-37FB1-512,0,script,-1,complete,Not capability,0% <= x < 16.7%,0% <= x < 16.7%,0,0,0,1,1,1,0,0,0,0,0,0,0,1,0,0,0.0,0
585989.mira,585989,mira,2015-09-02 22:04:40,20150902,2015-09-02 22:05:04,20150902,2015-09-02 22:09:27,20150902,34871601655553,97534845395728,backfill,300.0,263.0,512.0,432.0,8192.0,6912.0,MIR-048C0-37BF1-512,0,24,0,24,0,504.96,598.4711,0.0,598.4711,0.0,0.0,598.4711,MIR-048C0-37BF1-512,0,script,-1,complete,Not capability,0% <= x < 16.7%,0% <= x < 16.7%,0,0,0,1,1,1,0,0,0,0,0,0,0,1,0,0,0.0,0
585990.mira,585990,mira,2015-09-02 22:04:42,20150902,2015-09-02 22:07:52,20150902,2015-09-02 22:11:54,20150902,34871601655553,97534845395728,backfill,300.0,242.0,512.0,432.0,8192.0,6912.0,MIR-04C80-37FB1-512,0,191,0,191,0,464.64,550.6844,0.0,550.6844,0.0,0.0,550.6844,MIR-04C80-37FB1-512,0,script,-1,complete,Not capability,0% <= x < 16.7%,0% <= x < 16.7%,0,0,0,1,1,1,0,0,0,0,0,0,0,1,0,0,0.0,0
585991.mira,585991,mira,2015-09-02 22:04:44,20150902,2015-09-02 22:08:46,20150902,2015-09-02 22:13:39,20150902,34871601655553,97534845395728,backfill,300.0,293.0,512.0,432.0,8192.0,6912.0,MIR-040C0-373F1-512,0,243,0,243,0,562.56,666.7378,0.0,666.7377,0.0,0.0,666.7377,MIR-040C0-373F1-512,0,script,-1,complete,Not capability,0% <= x < 16.7%,0% <= x < 16.7%,0,0,0,1,1,1,0,0,0,0,0,0,0,1,0,0,0.0,0
586001.mira,586001,mira,2015-09-02 22:09:51,20150902,2015-09-02 22:10:10,20150902,2015-09-02 22:14:40,20150902,34871601655553,97534845395728,backfill,300.0,270.0,512.0,432.0,8192.0,6912.0,MIR-048C0-37BF1-512,0,20,0,20,0,518.4,614.4,0.0,614.4,0.0,0.0,614.4,MIR-048C0-37BF1-512,0,script,-1,complete,Not capability,0% <= x < 16.7%,0% <= x < 16.7%,0,0,0,1,1,1,0,0,0,0,0,0,0,1,0,0,0.0,0
585999.mira,585999,mira,2015-09-02 22:09:47,20150902,2015-09-02 22:12:49,20150902,2015-09-02 22:16:59,20150902,34871601655553,97534845395728,backfill,300.0,250.0,512.0,432.0,8192.0,6912.0,MIR-04C80-37FB1-512,0,181,0,181,0,481.92,571.1644,0.0,568.8888,0.0,0.0,568.8888,MIR-04C80-37FB1-512,0,script,-1,complete,Not capability,0% <= x < 16.7%,0% <= x < 16.7%,0,0,0,1,1,1,0,0,0,0,0,0,0,1,0,0,0.0,0
586000.mira,586000,mira,2015-09-02 22:09:49,20150902,2015-09-02 22:14:40,20150902,2015-09-02 22:18:43,20150902,34871601655553,97534845395728,backfill,300.0,243.0,512.0,432.0,8192.0,6912.0,MIR-040C0-373F1-512,0,290,0,290,0,468.48,555.2356,0.0,552.96,0.0,0.0,552.96,MIR-040C0-373F1-512,0,script,-1,complete,Not capability,0% <= x < 16.7%,0% <= x < 16.7%,0,0,0,1,1,1,0,0,0,0,0,0,0,1,0,0,0.0,0
586008.mira,586008,mira,2015-09-02 22:15:09,20150902,2015-09-02 22:15:37,20150902,2015-09-02 22:19:34,20150902,34871601655553,97534845395728,backfill,300.0,237.0,512.0,432.0,8192.0,6912.0,MIR-048C0-37BF1-512,0,28,0,28,0,456.96,541.5822,0.0,539.3066,0.0,0.0,539.3066,MIR-048C0-37BF1-512,0,script,-1,complete,Not capability,0% <= x < 16.7%,0% <= x < 16.7%,0,0,0,1,1,1,0,0,0,0,0,0,0,1,0,0,0.0,0
586007.mira,586007,mira,2015-09-02 22:15:07,20150902,2015-09-02 22:17:55,20150902,2015-09-02 22:21:39,20150902,34871601655553,97534845395728,backfill,300.0,224.0,512.0,432.0,8192.0,6912.0,MIR-04C80-37FB1-512,0,168,0,168,0,428.16,507.4489,0.0,509.7244,0.0,0.0,509.7244,MIR-04C80-37FB1-512,0,script,-1,complete,Not capability,0% <= x < 16.7%,0% <= x < 16.7%,0,0,0,1,1,1,0,0,0,0,0,0,0,1,0,0,0.0,0
586006.mira,586006,mira,2015-09-02 22:14:58,20150902,2015-09-02 22:18:50,20150902,2015-09-02 22:21:52,20150902,34871601655553,97534845395728,backfill,300.0,182.0,512.0,432.0,8192.0,6912.0,MIR-40840-73B71-512,0,232,0,232,0,347.52,411.8756,0.0,414.1511,0.0,0.0,414.1511,MIR-40840-73B71-512,0,script,-1,complete,Not capability,0% <= x < 16.7%,0% <= x < 16.7%,0,0,0,1,1,1,0,0,0,0,0,0,0,1,0,0,0.0,0
583785.mira,583785,mira,2015-09-01 17:07:39,20150901,2015-09-02 22:19:50,20150902,2015-09-02 23:30:45,20150902,19538777423807,64663463907625,prod-short,7200.0,4255.0,512.0,512.0,8192.0,8192.0,MIR-040C0-373F1-512,0,122,0,105131,14,9684.7644,9684.7644,0.0,9682.4888,0.0,0.0,9682.4888,MIR-040C0-373F1-512,0,c8,-1,complete,Not capability,0% <= x < 16.7%,0% <= x < 16.7%,0,0,0,1,1,1,0,0,0,0,0,0,0,1,0,0,0.0,0
585992.mira,585992,mira,2015-09-02 22:04:45,20150902,2015-09-02 22:20:17,20150902,2015-09-02 22:24:10,20150902,34871601655553,97534845395728,backfill,300.0,233.0,512.0,432.0,8192.0,6912.0,MIR-048C0-37BF1-512,0,931,3,931,3,449.28,532.48,0.0,530.2044,0.0,0.0,530.2044,MIR-048C0-37BF1-512,0,script,-1,complete,Not capability,0% <= x < 16.7%,0% <= x < 16.7%,0,0,0,1,1,1,0,0,0,0,0,0,0,1,0,0,0.0,0
586015.mira,586015,mira,2015-09-02 22:20:20,20150902,2015-09-02 22:22:41,20150902,2015-09-02 22:26:57,20150902,34871601655553,97534845395728,backfill,300.0,256.0,512.0,432.0,8192.0,6912.0,MIR-04C80-37FB1-512,0,141,0,141,0,491.52,582.5422,0.0,582.5422,0.0,0.0,582.5422,MIR-04C80-37FB1-512,0,script,-1,complete,Not capability,0% <= x < 16.7%,0% <= x < 16.7%,0,0,0,1,1,1,0,0,0,0,0,0,0,1,0,0,0.0,0
586016.mira,586016,mira,2015-09-02 22:20:22,20150902,2015-09-02 22:23:12,20150902,2015-09-02 22:27:34,20150902,34871601655553,97534845395728,backfill,300.0,262.0,512.0,432.0,8192.0,6912.0,MIR-40840-73B71-512,0,170,0,170,0,503.04,596.1956,0.0,596.1955,0.0,0.0,596.1955,MIR-40840-73B71-512,0,script,-1,complete,Not capability,0% <= x < 16.7%,0% <= x < 16.7%,0,0,0,1,1,1,0,0,0,0,0,0,0,1,0,0,0.0,0
586014.mira,586014,mira,2015-09-02 22:20:18,20150902,2015-09-02 22:24:38,20150902,2015-09-02 22:27:57,20150902,34871601655553,97534845395728,backfill,300.0,199.0,512.0,432.0,8192.0,6912.0,MIR-048C0-37BF1-512,0,259,0,259,0,384.0,455.1111,0.0,452.8355,0.0,0.0,452.8355,MIR-048C0-37BF1-512,0,script,-1,complete,Not capability,0% <= x < 16.7%,0% <= x < 16.7%,0,0,0,1,1,1,0,0,0,0,0,0,0,1,0,0,0.0,0
586023.mira,586023,mira,2015-09-02 22:25:35,20150902,2015-09-02 22:27:49,20150902,2015-09-02 22:31:15,20150902,34871601655553,97534845395728,backfill,300.0,206.0,512.0,432.0,8192.0,6912.0,MIR-04C80-37FB1-512,0,133,0,133,0,397.44,471.04,0.0,468.7644,0.0,0.0,468.7644,MIR-04C80-37FB1-512,0,script,-1,complete,Not capability,0% <= x < 16.7%,0% <= x < 16.7%,0,0,0,1,1,1,0,0,0,0,0,0,0,1,0,0,0.0,0
586022.mira,586022,mira,2015-09-02 22:25:34,20150902,2015-09-02 22:28:16,20150902,2015-09-02 22:31:39,20150902,34871601655553,97534845395728,backfill,300.0,203.0,512.0,432.0,8192.0,6912.0,MIR-40840-73B71-512,0,163,0,163,0,389.76,461.9378,0.0,461.9377,0.0,0.0,461.9377,MIR-40840-73B71-512,0,script,-1,complete,Not capability,0% <= x < 16.7%,0% <= x < 16.7%,0,0,0,1,1,1,0,0,0,0,0,0,0,1,0,0,0.0,0
586021.mira,586021,mira,2015-09-02 22:25:25,20150902,2015-09-02 22:29:12,20150902,2015-09-02 22:33:04,20150902,34871601655553,97534845395728,backfill,300.0,232.0,512.0,432.0,8192.0,6912.0,MIR-048C0-37BF1-512,0,227,0,227,0,445.44,527.9289,0.0,527.9288,0.0,0.0,527.9288,MIR-048C0-37BF1-512,0,script,-1,complete,Not capability,0% <= x < 16.7%,0% <= x < 16.7%,0,0,0,1,1,1,0,0,0,0,0,0,0,1,0,0,0.0,0
586027.mira,586027,mira,2015-09-02 22:30:43,20150902,2015-09-02 22:32:02,20150902,2015-09-02 22:36:40,20150902,34871601655553,97534845395728,backfill,300.0,278.0,512.0,432.0,8192.0,6912.0,MIR-04C80-37FB1-512,0,78,0,78,0,535.68,634.88,0.0,632.6044,0.0,0.0,632.6044,MIR-04C80-37FB1-512,0,script,-1,complete,Not capability,0% <= x < 16.7%,0% <= x < 16.7%,0,0,0,1,1,1,0,0,0,0,0,0,0,1,0,0,0.0,0
586026.mira,586026,mira,2015-09-02 22:30:41,20150902,2015-09-02 22:32:32,20150902,2015-09-02 22:36:28,20150902,34871601655553,97534845395728,backfill,300.0,236.0,512.0,432.0,8192.0,6912.0,MIR-40840-73B71-512,0,110,0,110,0,455.04,539.3067,0.0,537.0311,0.0,0.0,537.0311,MIR-40840-73B71-512,0,script,-1,complete,Not capability,0% <= x < 16.7%,0% <= x < 16.7%,0,0,0,1,1,1,0,0,0,0,0,0,0,1,0,0,0.0,0
583964.mira,583964,mira,2015-09-01 20:09:03,20150901,2015-09-02 22:34:00,20150902,2015-09-02 22:36:28,20150902,65494466463799,32787699174502,prod-short,10800.0,148.0,512.0,512.0,8192.0,8192.0,MIR-048C0-37BF1-512,1,95097,8,95097,8,334.5067,334.5067,0.0,336.7822,0.0,0.0,336.7822,MIR-048C0-37BF1-512,1,c1,-1,complete,Not capability,0% <= x < 16.7%,0% <= x < 16.7%,0,0,0,1,1,1,0,0,0,0,0,0,0,1,0,0,0.0,0
586028.mira,586028,mira,2015-09-02 22:30:45,20150902,2015-09-02 22:34:32,20150902,2015-09-02 22:38:36,20150902,34871601655553,97534845395728,backfill,300.0,244.0,512.0,432.0,8192.0,6912.0,MIR-04880-37BB1-512,0,227,0,227,0,470.4,557.5111,0.0,555.2355,0.0,0.0,555.2355,MIR-04880-37BB1-512,0,script,-1,complete,Not capability,0% <= x < 16.7%,0% <= x < 16.7%,0,0,0,1,1,1,0,0,0,0,0,0,0,1,0,0,0.0,0
517717.mira,517717,mira,2015-07-22 15:21:23,20150722,2015-09-02 22:34:59,20150902,2015-09-03 04:22:32,20150903,9137045922287,73414259670960,prod-short,21600.0,19639.923453896063,2048.0,2048.0,32768.0,32768.0,MIR-00C00-33FF1-2048,0,73206,3,3654815,169,189817.7422,189817.7422,0.0,189808.64,0.0,0.0,189808.64,MIR-00C00-33FF1-2048,0,script,-1,complete,Not capability,0% <= x < 16.7%,0% <= x < 16.7%,8,0,8,0,8,0,0,1,1,0,0,1,0,0,0,0,0.0,0
586032.mira,586032,mira,2015-09-02 22:35:51,20150902,2015-09-02 22:37:10,20150902,2015-09-02 22:40:31,20150902,34871601655553,97534845395728,backfill,300.0,201.0,512.0,432.0,8192.0,6912.0,MIR-04C80-37FB1-512,0,80,0,80,0,385.92,457.3867,0.0,457.3866,0.0,0.0,457.3866,MIR-04C80-37FB1-512,0,script,-1,complete,Not capability,0% <= x < 16.7%,0% <= x < 16.7%,0,0,0,1,1,1,0,0,0,0,0,0,0,1,0,0,0.0,0
586033.mira,586033,mira,2015-09-02 22:35:52,20150902,2015-09-02 22:37:40,20150902,2015-09-02 22:41:03,20150902,34871601655553,97534845395728,backfill,300.0,203.0,512.0,432.0,8192.0,6912.0,MIR-40840-73B71-512,0,108,0,108,0,387.84,459.6622,0.0,461.9377,0.0,0.0,461.9377,MIR-40840-73B71-512,0,script,-1,complete,Not capability,0% <= x < 16.7%,0% <= x < 16.7%,0,0,0,1,1,1,0,0,0,0,0,0,0,1,0,0,0.0,0
585547.mira,585547,mira,2015-09-02 16:21:06,20150902,2015-09-02 22:39:32,20150902,2015-09-03 01:40:44,20150903,96189774897037,73414259670960,prod-short,10800.0,10872.0,512.0,512.0,8192.0,8192.0,MIR-048C0-37BF1-512,143,22705,2,22705,2,24739.84,24739.84,0.0,24739.84,0.0,0.0,24739.84,MIR-048C0-37BF1-512,143,script,-1,complete,Not capability,0% <= x < 16.7%,0% <= x < 16.7%,8,0,0,0,8,0,0,0,1,1,0,0,0,0,0,0,0.0,0
586031.mira,586031,mira,2015-09-02 22:35:49,20150902,2015-09-02 22:40:03,20150902,2015-09-02 22:43:35,20150902,34871601655553,97534845395728,backfill,300.0,212.0,512.0,432.0,8192.0,6912.0,MIR-04880-37BB1-512,0,254,0,254,0,408.96,484.6933,0.0,482.4177,0.0,0.0,482.4177,MIR-04880-37BB1-512,0,script,-1,complete,Not capability,0% <= x < 16.7%,0% <= x < 16.7%,0,0,0,1,1,1,0,0,0,0,0,0,0,1,0,0,0.0,0
585908.mira,585908,mira,2015-09-02 20:52:58,20150902,2015-09-02 22:41:02,20150902,2015-09-02 22:43:21,20150902,34871601655553,97534845395728,backfill,300.0,139.0,512.0,432.0,8192.0,6912.0,MIR-04C80-37FB1-512,0,6483,21,6483,21,266.88,316.3022,0.0,316.3022,0.0,0.0,316.3022,MIR-04C80-37FB1-512,0,script,-1,complete,Not capability,0% <= x < 16.7%,0% <= x < 16.7%,0,0,0,1,1,1,0,0,0,0,0,0,0,1,0,0,0.0,0
586037.mira,586037,mira,2015-09-02 22:41:08,20150902,2015-09-02 22:41:58,20150902,2015-09-02 22:45:40,20150902,34871601655553,97534845395728,backfill,300.0,222.0,512.0,432.0,8192.0,6912.0,MIR-40840-73B71-512,0,51,0,51,0,426.24,505.1733,0.0,505.1733,0.0,0.0,505.1733,MIR-40840-73B71-512,0,script,-1,complete,Not capability,0% <= x < 16.7%,0% <= x < 16.7%,0,0,0,1,1,1,0,0,0,0,0,0,0,1,0,0,0.0,0
586038.mira,586038,mira,2015-09-02 22:41:09,20150902,2015-09-02 22:44:02,20150902,2015-09-02 22:48:00,20150902,34871601655553,97534845395728,backfill,300.0,238.0,512.0,432.0,8192.0,6912.0,MIR-04C80-37FB1-512,0,172,0,172,0,456.96,541.5822,0.0,541.5822,0.0,0.0,541.5822,MIR-04C80-37FB1-512,0,script,-1,complete,Not capability,0% <= x < 16.7%,0% <= x < 16.7%,0,0,0,1,1,1,0,0,0,0,0,0,0,1,0,0,0.0,0
586039.mira,586039,mira,2015-09-02 22:41:11,20150902,2015-09-02 22:44:31,20150902,2015-09-02 22:48:11,20150902,34871601655553,97534845395728,backfill,300.0,220.0,512.0,432.0,8192.0,6912.0,MIR-04880-37BB1-512,0,201,0,201,0,422.4,500.6222,0.0,500.6222,0.0,0.0,500.6222,MIR-04880-37BB1-512,0,script,-1,complete,Not capability,0% <= x < 16.7%,0% <= x < 16.7%,0,0,0,1,1,1,0,0,0,0,0,0,0,1,0,0,0.0,0
586036.mira,586036,mira,2015-09-02 22:41:06,20150902,2015-09-02 22:46:23,20150902,2015-09-02 22:50:18,20150902,34871601655553,97534845395728,backfill,300.0,235.0,512.0,432.0,8192.0,6912.0,MIR-40840-73B71-512,0,317,1,317,1,453.12,537.0311,0.0,534.7555,0.0,0.0,534.7555,MIR-40840-73B71-512,0,script,-1,complete,Not capability,0% <= x < 16.7%,0% <= x < 16.7%,0,0,0,1,1,1,0,0,0,0,0,0,0,1,0,0,0.0,0
586044.mira,586044,mira,2015-09-02 22:46:25,20150902,2015-09-02 22:48:42,20150902,2015-09-02 22:51:54,20150902,34871601655553,97534845395728,backfill,300.0,192.0,512.0,432.0,8192.0,6912.0,MIR-04880-37BB1-512,0,137,0,137,0,370.56,439.1822,0.0,436.9066,0.0,0.0,436.9066,MIR-04880-37BB1-512,0,script,-1,complete,Not capability,0% <= x < 16.7%,0% <= x < 16.7%,0,0,0,1,1,1,0,0,0,0,0,0,0,1,0,0,0.0,0
586043.mira,586043,mira,2015-09-02 22:46:23,20150902,2015-09-02 22:49:11,20150902,2015-09-02 22:52:06,20150902,34871601655553,97534845395728,backfill,300.0,175.0,512.0,432.0,8192.0,6912.0,MIR-04C80-37FB1-512,0,168,0,168,0,336.0,398.2222,0.0,398.2222,0.0,0.0,398.2222,MIR-04C80-37FB1-512,0,script,-1,complete,Not capability,0% <= x < 16.7%,0% <= x < 16.7%,0,0,0,1,1,1,0,0,0,0,0,0,0,1,0,0,0.0,0
586042.mira,586042,mira,2015-09-02 22:46:13,20150902,2015-09-02 22:51:01,20150902,2015-09-02 22:54:48,20150902,34871601655553,97534845395728,backfill,300.0,227.0,512.0,432.0,8192.0,6912.0,MIR-40840-73B71-512,0,287,0,287,0,435.84,516.5511,0.0,516.5511,0.0,0.0,516.5511,MIR-40840-73B71-512,0,script,-1,complete,Not capability,0% <= x < 16.7%,0% <= x < 16.7%,0,0,0,1,1,1,0,0,0,0,0,0,0,1,0,0,0.0,0
586045.mira,586045,mira,2015-09-02 22:51:33,20150902,2015-09-02 22:52:50,20150902,2015-09-02 22:56:35,20150902,34871601655553,97534845395728,backfill,300.0,225.0,512.0,432.0,8192.0,6912.0,MIR-04880-37BB1-512,0,77,0,77,0,432.0,512.0,0.0,512.0,0.0,0.0,512.0,MIR-04880-37BB1-512,0,script,-1,complete,Not capability,0% <= x < 16.7%,0% <= x < 16.7%,0,0,0,1,1,1,0,0,0,0,0,0,0,1,0,0,0.0,0
586047.mira,586047,mira,2015-09-02 22:51:36,20150902,2015-09-02 22:53:19,20150902,2015-09-02 22:57:06,20150902,34871601655553,97534845395728,backfill,300.0,227.0,512.0,432.0,8192.0,6912.0,MIR-04C80-37FB1-512,0,102,0,102,0,435.84,516.5511,0.0,516.5511,0.0,0.0,516.5511,MIR-04C80-37FB1-512,0,script,-1,complete,Not capability,0% <= x < 16.7%,0% <= x < 16.7%,0,0,0,1,1,1,0,0,0,0,0,0,0,1,0,0,0.0,0
586046.mira,586046,mira,2015-09-02 22:51:35,20150902,2015-09-02 22:55:28,20150902,2015-09-02 22:58:32,20150902,34871601655553,97534845395728,backfill,300.0,184.0,512.0,432.0,8192.0,6912.0,MIR-40840-73B71-512,0,233,0,233,0,353.28,418.7022,0.0,418.7022,0.0,0.0,418.7022,MIR-40840-73B71-512,0,script,-1,complete,Not capability,0% <= x < 16.7%,0% <= x < 16.7%,0,0,0,1,1,1,0,0,0,0,0,0,0,1,0,0,0.0,0
586054.mira,586054,mira,2015-09-02 22:56:56,20150902,2015-09-02 22:57:21,20150902,2015-09-02 23:00:21,20150902,34871601655553,97534845395728,backfill,300.0,180.0,512.0,432.0,8192.0,6912.0,MIR-04880-37BB1-512,0,24,0,24,0,347.52,411.8756,0.0,409.6,0.0,0.0,409.6,MIR-04880-37BB1-512,0,script,-1,complete,Not capability,0% <= x < 16.7%,0% <= x < 16.7%,0,0,0,1,1,1,0,0,0,0,0,0,0,1,0,0,0.0,0
586053.mira,586053,mira,2015-09-02 22:56:54,20150902,2015-09-02 22:57:51,20150902,2015-09-02 23:00:49,20150902,34871601655553,97534845395728,backfill,300.0,178.0,512.0,432.0,8192.0,6912.0,MIR-04C80-37FB1-512,0,56,0,56,0,343.68,407.3244,0.0,405.0488,0.0,0.0,405.0488,MIR-04C80-37FB1-512,0,script,-1,complete,Not capability,0% <= x < 16.7%,0% <= x < 16.7%,0,0,0,1,1,1,0,0,0,0,0,0,0,1,0,0,0.0,0
586050.mira,586050,mira,2015-09-02 22:56:39,20150902,2015-09-02 22:59:13,20150902,2015-09-02 23:02:38,20150902,34871601655553,97534845395728,backfill,300.0,205.0,512.0,432.0,8192.0,6912.0,MIR-40840-73B71-512,0,154,0,154,0,391.68,464.2133,0.0,466.4888,0.0,0.0,466.4888,MIR-40840-73B71-512,0,script,-1,complete,Not capability,0% <= x < 16.7%,0% <= x < 16.7%,0,0,0,1,1,1,0,0,0,0,0,0,0,1,0,0,0.0,0
583773.mira,583773,mira,2015-09-01 17:06:27,20150901,2015-09-02 23:01:05,20150902,2015-09-03 00:35:03,20150903,19538777423807,64663463907625,prod-short,7200.0,5638.0,512.0,512.0,8192.0,8192.0,MIR-04880-37BB1-512,0,70,0,107678,14,12831.8578,12831.8578,0.0,12829.5822,0.0,0.0,12829.5822,MIR-04880-37BB1-512,0,c8,-1,complete,Not capability,0% <= x < 16.7%,0% <= x < 16.7%,0,0,0,1,1,1,0,0,0,0,0,0,0,1,0,0,0.0,0
585572.mira,585572,mira,2015-09-02 16:34:47,20150902,2015-09-02 23:01:33,20150902,2015-09-02 23:06:13,20150902,30423018443595,20043369531651,prod-short,10800.0,280.0,512.0,512.0,8192.0,8192.0,MIR-04CC0-37FF1-512,255,23207,2,23207,2,634.88,634.88,0.0,637.1555,0.0,0.0,637.1555,MIR-04CC0-37FF1-512,255,script,-1,complete,Not capability,0% <= x < 16.7%,0% <= x < 16.7%,0,0,0,1,1,1,0,0,0,0,0,0,0,1,0,0,0.0,0
586051.mira,586051,mira,2015-09-02 22:56:41,20150902,2015-09-02 23:02:03,20150902,2015-09-02 23:05:13,20150902,34871601655553,97534845395728,backfill,300.0,190.0,512.0,432.0,8192.0,6912.0,MIR-04C80-37FB1-512,0,322,1,322,1,364.8,432.3556,0.0,432.3555,0.0,0.0,432.3555,MIR-04C80-37FB1-512,0,script,-1,complete,Not capability,0% <= x < 16.7%,0% <= x < 16.7%,0,0,0,1,1,1,0,0,0,0,0,0,0,1,0,0,0.0,0
586063.mira,586063,mira,2015-09-02 23:02:09,20150902,2015-09-02 23:03:31,20150902,2015-09-02 23:07:05,20150902,34871601655553,97534845395728,backfill,300.0,214.0,512.0,432.0,8192.0,6912.0,MIR-40840-73B71-512,0,83,0,83,0,410.88,486.9689,0.0,486.9688,0.0,0.0,486.9688,MIR-40840-73B71-512,0,script,-1,complete,Not capability,0% <= x < 16.7%,0% <= x < 16.7%,0,0,0,1,1,1,0,0,0,0,0,0,0,1,0,0,0.0,0
586061.mira,586061,mira,2015-09-02 23:02:05,20150902,2015-09-02 23:05:55,20150902,2015-09-02 23:08:25,20150902,34871601655553,97534845395728,backfill,300.0,150.0,512.0,432.0,8192.0,6912.0,MIR-04C80-37FB1-512,0,229,0,229,0,289.92,343.6089,0.0,341.3333,0.0,0.0,341.3333,MIR-04C80-37FB1-512,0,script,-1,complete,Not capability,0% <= x < 16.7%,0% <= x < 16.7%,0,0,0,1,1,1,0,0,0,0,0,0,0,1,0,0,0.0,0
586067.mira,586067,mira,2015-09-02 23:07:21,20150902,2015-09-02 23:07:43,20150902,2015-09-02 23:10:49,20150902,34871601655553,97534845395728,backfill,300.0,186.0,512.0,432.0,8192.0,6912.0,MIR-40840-73B71-512,0,23,0,23,0,357.12,423.2533,0.0,423.2533,0.0,0.0,423.2533,MIR-40840-73B71-512,0,script,-1,complete,Not capability,0% <= x < 16.7%,0% <= x < 16.7%,0,0,0,1,1,1,0,0,0,0,0,0,0,1,0,0,0.0,0
584076.mira,584076,mira,2015-09-01 21:52:22,20150901,2015-09-02 23:09:05,20150902,2015-09-03 02:05:59,20150903,96189774897037,73414259670960,prod-short,10800.0,10614.0,512.0,512.0,8192.0,8192.0,MIR-04CC0-37FF1-512,0,18351,1,91003,8,24152.7467,24152.7467,0.0,24152.7466,0.0,0.0,24152.7466,MIR-04CC0-37FF1-512,0,script,-1,complete,Not capability,0% <= x < 16.7%,0% <= x < 16.7%,8,0,0,0,8,0,0,0,1,1,0,0,0,0,0,0,0.0,0
586066.mira,586066,mira,2015-09-02 23:07:19,20150902,2015-09-02 23:09:39,20150902,2015-09-02 23:13:22,20150902,34871601655553,97534845395728,backfill,300.0,223.0,512.0,432.0,8192.0,6912.0,MIR-04C80-37FB1-512,0,141,0,141,0,428.16,507.4489,0.0,507.4488,0.0,0.0,507.4488,MIR-04C80-37FB1-512,0,script,-1,complete,Not capability,0% <= x < 16.7%,0% <= x < 16.7%,0,0,0,1,1,1,0,0,0,0,0,0,0,1,0,0,0.0,0
586068.mira,586068,mira,2015-09-02 23:07:22,20150902,2015-09-02 23:11:05,20150902,2015-09-02 23:14:46,20150902,34871601655553,97534845395728,backfill,300.0,221.0,512.0,432.0,8192.0,6912.0,MIR-04080-373B1-512,0,223,0,223,0,422.4,500.6222,0.0,502.8977,0.0,0.0,502.8977,MIR-04080-373B1-512,0,script,-1,complete,Not capability,0% <= x < 16.7%,0% <= x < 16.7%,0,0,0,1,1,1,0,0,0,0,0,0,0,1,0,0,0.0,0
586062.mira,586062,mira,2015-09-02 23:02:07,20150902,2015-09-02 23:11:36,20150902,2015-09-02 23:14:25,20150902,34871601655553,97534845395728,backfill,300.0,169.0,512.0,432.0,8192.0,6912.0,MIR-40840-73B71-512,0,569,1,569,1,322.56,382.2933,0.0,384.5688,0.0,0.0,384.5688,MIR-40840-73B71-512,0,script,-1,complete,Not capability,0% <= x < 16.7%,0% <= x < 16.7%,0,0,0,1,1,1,0,0,0,0,0,0,0,1,0,0,0.0,0
586071.mira,586071,mira,2015-09-02 23:12:30,20150902,2015-09-02 23:14:04,20150902,2015-09-02 23:16:53,20150902,34871601655553,97534845395728,backfill,300.0,169.0,512.0,432.0,8192.0,6912.0,MIR-04C80-37FB1-512,0,95,0,95,0,324.48,384.5689,0.0,384.5688,0.0,0.0,384.5688,MIR-04C80-37FB1-512,0,script,-1,complete,Not capability,0% <= x < 16.7%,0% <= x < 16.7%,0,0,0,1,1,1,0,0,0,0,0,0,0,1,0,0,0.0,0
586070.mira,586070,mira,2015-09-02 23:12:26,20150902,2015-09-02 23:15:29,20150902,2015-09-02 23:19:12,20150902,34871601655553,97534845395728,backfill,300.0,223.0,512.0,432.0,8192.0,6912.0,MIR-04080-373B1-512,0,184,0,184,0,426.24,505.1733,0.0,507.4488,0.0,0.0,507.4488,MIR-04080-373B1-512,0,script,-1,complete,Not capability,0% <= x < 16.7%,0% <= x < 16.7%,0,0,0,1,1,1,0,0,0,0,0,0,0,1,0,0,0.0,0
586060.mira,586060,mira,2015-09-02 23:02:04,20150902,2015-09-02 23:15:59,20150902,2015-09-02 23:18:59,20150902,34871601655553,97534845395728,backfill,300.0,180.0,512.0,432.0,8192.0,6912.0,MIR-40840-73B71-512,0,836,2,836,2,345.6,409.6,0.0,409.6,0.0,0.0,409.6,MIR-40840-73B71-512,0,script,-1,complete,Not capability,0% <= x < 16.7%,0% <= x < 16.7%,0,0,0,1,1,1,0,0,0,0,0,0,0,1,0,0,0.0,0
586076.mira,586076,mira,2015-09-02 23:17:34,20150902,2015-09-02 23:17:51,20150902,2015-09-02 23:20:50,20150902,34871601655553,97534845395728,backfill,300.0,179.0,512.0,432.0,8192.0,6912.0,MIR-04C80-37FB1-512,0,17,0,17,0,343.68,407.3244,0.0,407.3244,0.0,0.0,407.3244,MIR-04C80-37FB1-512,0,script,-1,complete,Not capability,0% <= x < 16.7%,0% <= x < 16.7%,0,0,0,1,1,1,0,0,0,0,0,0,0,1,0,0,0.0,0
586078.mira,586078,mira,2015-09-02 23:17:39,20150902,2015-09-02 23:19:39,20150902,2015-09-02 23:22:40,20150902,34871601655553,97534845395728,backfill,300.0,181.0,512.0,432.0,8192.0,6912.0,MIR-40840-73B71-512,0,120,0,120,0,347.52,411.8756,0.0,411.8755,0.0,0.0,411.8755,MIR-40840-73B71-512,0,script,-1,complete,Not capability,0% <= x < 16.7%,0% <= x < 16.7%,0,0,0,1,1,1,0,0,0,0,0,0,0,1,0,0,0.0,0
586075.mira,586075,mira,2015-09-02 23:17:32,20150902,2015-09-02 23:20:08,20150902,2015-09-02 23:22:51,20150902,34871601655553,97534845395728,backfill,300.0,163.0,512.0,432.0,8192.0,6912.0,MIR-04080-373B1-512,0,157,0,157,0,312.96,370.9156,0.0,370.9155,0.0,0.0,370.9155,MIR-04080-373B1-512,0,script,-1,complete,Not capability,0% <= x < 16.7%,0% <= x < 16.7%,0,0,0,1,1,1,0,0,0,0,0,0,0,1,0,0,0.0,0
586077.mira,586077,mira,2015-09-02 23:17:36,20150902,2015-09-02 23:21:33,20150902,2015-09-02 23:24:21,20150902,34871601655553,97534845395728,backfill,300.0,168.0,512.0,432.0,8192.0,6912.0,MIR-04C80-37FB1-512,0,236,0,236,0,324.48,384.5689,0.0,382.2933,0.0,0.0,382.2933,MIR-04C80-37FB1-512,0,script,-1,complete,Not capability,0% <= x < 16.7%,0% <= x < 16.7%,0,0,0,1,1,1,0,0,0,0,0,0,0,1,0,0,0.0,0
586084.mira,586084,mira,2015-09-02 23:22:46,20150902,2015-09-02 23:23:20,20150902,2015-09-02 23:26:18,20150902,34871601655553,97534845395728,backfill,300.0,178.0,512.0,432.0,8192.0,6912.0,MIR-40840-73B71-512,0,34,0,34,0,339.84,402.7733,0.0,405.0488,0.0,0.0,405.0488,MIR-40840-73B71-512,0,script,-1,complete,Not capability,0% <= x < 16.7%,0% <= x < 16.7%,0,0,0,1,1,1,0,0,0,0,0,0,0,1,0,0,0.0,0
586085.mira,586085,mira,2015-09-02 23:22:48,20150902,2015-09-02 23:23:50,20150902,2015-09-02 23:26:32,20150902,34871601655553,97534845395728,backfill,300.0,162.0,512.0,432.0,8192.0,6912.0,MIR-04080-373B1-512,0,62,0,62,0,311.04,368.64,0.0,368.64,0.0,0.0,368.64,MIR-04080-373B1-512,0,script,-1,complete,Not capability,0% <= x < 16.7%,0% <= x < 16.7%,0,0,0,1,1,1,0,0,0,0,0,0,0,1,0,0,0.0,0
586082.mira,586082,mira,2015-09-02 23:22:43,20150902,2015-09-02 23:25:14,20150902,2015-09-02 23:28:14,20150902,34871601655553,97534845395728,backfill,300.0,180.0,512.0,432.0,8192.0,6912.0,MIR-04C80-37FB1-512,0,151,0,151,0,347.52,411.8756,0.0,409.6,0.0,0.0,409.6,MIR-04C80-37FB1-512,0,script,-1,complete,Not capability,0% <= x < 16.7%,0% <= x < 16.7%,0,0,0,1,1,1,0,0,0,0,0,0,0,1,0,0,0.0,0
586083.mira,586083,mira,2015-09-02 23:22:45,20150902,2015-09-02 23:27:09,20150902,2015-09-02 23:30:16,20150902,34871601655553,97534845395728,backfill,300.0,187.0,512.0,432.0,8192.0,6912.0,MIR-40840-73B71-512,0,264,0,264,0,359.04,425.5289,0.0,425.5288,0.0,0.0,425.5288,MIR-40840-73B71-512,0,script,-1,complete,Not capability,0% <= x < 16.7%,0% <= x < 16.7%,0,0,0,1,1,1,0,0,0,0,0,0,0,1,0,0,0.0,0
586035.mira,586035,mira,2015-09-02 22:41:03,20150902,2015-09-02 23:27:42,20150902,2015-09-02 23:31:34,20150902,34871601655553,97534845395728,backfill,300.0,232.0,512.0,432.0,8192.0,6912.0,MIR-04080-373B1-512,0,2798,9,2798,9,445.44,527.9289,0.0,527.9288,0.0,0.0,527.9288,MIR-04080-373B1-512,0,script,-1,complete,Not capability,0% <= x < 16.7%,0% <= x < 16.7%,0,0,0,1,1,1,0,0,0,0,0,0,0,1,0,0,0.0,0
586091.mira,586091,mira,2015-09-02 23:28:05,20150902,2015-09-02 23:29:18,20150902,2015-09-02 23:32:51,20150902,34871601655553,97534845395728,backfill,300.0,213.0,512.0,432.0,8192.0,6912.0,MIR-04C80-37FB1-512,0,73,0,73,0,407.04,482.4178,0.0,484.6933,0.0,0.0,484.6933,MIR-04C80-37FB1-512,0,script,-1,complete,Not capability,0% <= x < 16.7%,0% <= x < 16.7%,0,0,0,1,1,1,0,0,0,0,0,0,0,1,0,0,0.0,0
586090.mira,586090,mira,2015-09-02 23:28:02,20150902,2015-09-02 23:30:48,20150902,2015-09-02 23:34:26,20150902,34871601655553,97534845395728,backfill,300.0,218.0,512.0,432.0,8192.0,6912.0,MIR-40840-73B71-512,0,166,0,166,0,418.56,496.0711,0.0,496.0711,0.0,0.0,496.0711,MIR-40840-73B71-512,0,script,-1,complete,Not capability,0% <= x < 16.7%,0% <= x < 16.7%,0,0,0,1,1,1,0,0,0,0,0,0,0,1,0,0,0.0,0
585655.mira,585655,mira,2015-09-02 18:30:45,20150902,2015-09-02 23:32:52,20150902,2015-09-03 02:33:36,20150903,35396746795343,64663463907625,prod-short,10800.0,10844.0,512.0,512.0,8192.0,8192.0,MIR-040C0-373F1-512,143,18126,1,18126,1,24676.1244,24676.1244,0.0,24676.1244,0.0,0.0,24676.1244,MIR-040C0-373F1-512,143,script,-1,complete,Not capability,0% <= x < 16.7%,0% <= x < 16.7%,32,32,0,0,32,0,1,0,1,0,0,0,0,0,0,1,0.0,0
586093.mira,586093,mira,2015-09-02 23:29:47,20150902,2015-09-02 23:33:23,20150902,2015-09-03 00:34:17,20150903,47972554363297,57356241325548,prod-short,3600.0,3654.0,512.0,512.0,8192.0,8192.0,MIR-04080-373B1-512,143,216,0,216,0,8312.6044,8312.6044,0.0,8314.88,0.0,0.0,8314.88,MIR-04080-373B1-512,143,script,-1,complete,Not capability,0% <= x < 16.7%,0% <= x < 16.7%,8,0,0,0,8,0,0,0,1,1,0,0,0,0,0,0,0.0,0
586094.mira,586094,mira,2015-09-02 23:29:49,20150902,2015-09-02 23:33:59,20150902,2015-09-03 00:01:24,20150903,47972554363297,57356241325548,prod-short,3600.0,1645.0,512.0,512.0,8192.0,8192.0,MIR-04C80-37FB1-512,0,249,0,249,0,3743.2889,3743.2889,0.0,3743.2888,0.0,0.0,3743.2888,MIR-04C80-37FB1-512,0,script,-1,complete,Not capability,0% <= x < 16.7%,0% <= x < 16.7%,8,0,0,0,8,0,0,0,1,1,0,0,0,0,0,0,0.0,0
586115.mira,586115,mira,2015-09-02 23:33:22,20150902,2015-09-02 23:34:27,20150902,2015-09-02 23:37:14,20150902,34871601655553,97534845395728,backfill,300.0,167.0,512.0,432.0,8192.0,6912.0,MIR-400C0-733F1-512,0,66,0,66,0,320.64,380.0178,0.0,380.0177,0.0,0.0,380.0177,MIR-400C0-733F1-512,0,script,-1,complete,Not capability,0% <= x < 16.7%,0% <= x < 16.7%,0,0,0,1,1,1,0,0,0,0,0,0,0,1,0,0,0.0,0
586112.mira,586112,mira,2015-09-02 23:33:15,20150902,2015-09-02 23:34:57,20150902,2015-09-02 23:37:44,20150902,34871601655553,97534845395728,backfill,300.0,167.0,512.0,432.0,8192.0,6912.0,MIR-40840-73B71-512,0,101,0,101,0,320.64,380.0178,0.0,380.0177,0.0,0.0,380.0177,MIR-40840-73B71-512,0,script,-1,complete,Not capability,0% <= x < 16.7%,0% <= x < 16.7%,0,0,0,1,1,1,0,0,0,0,0,0,0,1,0,0,0.0,0
586113.mira,586113,mira,2015-09-02 23:33:18,20150902,2015-09-02 23:37:44,20150902,2015-09-02 23:40:23,20150902,34871601655553,97534845395728,backfill,300.0,159.0,512.0,432.0,8192.0,6912.0,MIR-40000-73331-512,0,267,0,267,0,305.28,361.8133,0.0,361.8133,0.0,0.0,361.8133,MIR-40000-73331-512,0,script,-1,complete,Not capability,0% <= x < 16.7%,0% <= x < 16.7%,0,0,0,1,1,1,0,0,0,0,0,0,0,1,0,0,0.0,0
586114.mira,586114,mira,2015-09-02 23:33:20,20150902,2015-09-02 23:38:43,20150902,2015-09-02 23:41:48,20150902,34871601655553,97534845395728,backfill,300.0,185.0,512.0,432.0,8192.0,6912.0,MIR-40840-73B71-512,0,324,1,324,1,353.28,418.7022,0.0,420.9777,0.0,0.0,420.9777,MIR-40840-73B71-512,0,script,-1,complete,Not capability,0% <= x < 16.7%,0% <= x < 16.7%,0,0,0,1,1,1,0,0,0,0,0,0,0,1,0,0,0.0,0
586120.mira,586120,mira,2015-09-02 23:38:30,20150902,2015-09-02 23:41:08,20150902,2015-09-02 23:43:40,20150902,34871601655553,97534845395728,backfill,300.0,152.0,512.0,432.0,8192.0,6912.0,MIR-400C0-733F1-512,0,157,0,157,0,291.84,345.8844,0.0,345.8844,0.0,0.0,345.8844,MIR-400C0-733F1-512,0,script,-1,complete,Not capability,0% <= x < 16.7%,0% <= x < 16.7%,0,0,0,1,1,1,0,0,0,0,0,0,0,1,0,0,0.0,0
586119.mira,586119,mira,2015-09-02 23:38:27,20150902,2015-09-02 23:42:31,20150902,2015-09-02 23:45:01,20150902,34871601655553,97534845395728,backfill,300.0,150.0,512.0,432.0,8192.0,6912.0,MIR-40840-73B71-512,0,245,0,245,0,286.08,339.0578,0.0,341.3333,0.0,0.0,341.3333,MIR-40840-73B71-512,0,script,-1,complete,Not capability,0% <= x < 16.7%,0% <= x < 16.7%,0,0,0,1,1,1,0,0,0,0,0,0,0,1,0,0,0.0,0
586123.mira,586123,mira,2015-09-02 23:43:33,20150902,2015-09-02 23:45:43,20150902,2015-09-02 23:48:59,20150902,34871601655553,97534845395728,backfill,300.0,196.0,512.0,432.0,8192.0,6912.0,MIR-40840-73B71-512,0,130,0,130,0,376.32,446.0089,0.0,446.0088,0.0,0.0,446.0088,MIR-40840-73B71-512,0,script,-1,complete,Not capability,0% <= x < 16.7%,0% <= x < 16.7%,0,0,0,1,1,1,0,0,0,0,0,0,0,1,0,0,0.0,0
584080.mira,584080,mira,2015-09-01 21:53:19,20150901,2015-09-02 23:50:02,20150902,2015-09-03 02:50:53,20150903,96189774897037,73414259670960,prod-short,10800.0,10851.0,512.0,512.0,8192.0,8192.0,MIR-40840-73B71-512,143,10043,0,93403,8,24694.3289,24694.3289,0.0,24692.0533,0.0,0.0,24692.0533,MIR-40840-73B71-512,143,script,-1,complete,Not capability,0% <= x < 16.7%,0% <= x < 16.7%,8,0,0,0,8,0,0,0,1,1,0,0,0,0,0,0,0.0,0
584077.mira,584077,mira,2015-09-01 21:52:48,20150901,2015-09-02 23:50:32,20150902,2015-09-03 02:51:19,20150903,96189774897037,73414259670960,prod-short,10800.0,10847.0,512.0,512.0,8192.0,8192.0,MIR-400C0-733F1-512,143,9773,0,93464,8,24685.2267,24685.2267,0.0,24682.9511,0.0,0.0,24682.9511,MIR-400C0-733F1-512,143,script,-1,complete,Not capability,0% <= x < 16.7%,0% <= x < 16.7%,8,0,0,0,8,0,0,0,1,1,0,0,0,0,0,0,0.0,0
586096.mira,586096,mira,2015-09-02 23:29:52,20150902,2015-09-02 23:51:00,20150902,2015-09-03 00:51:37,20150903,47972554363297,57356241325548,prod-short,3600.0,3637.0,512.0,512.0,8192.0,8192.0,MIR-40800-73B31-512,143,1268,0,1268,0,8278.4711,8278.4711,0.0,8276.1955,0.0,0.0,8276.1955,MIR-40800-73B31-512,143,script,-1,complete,Not capability,0% <= x < 16.7%,0% <= x < 16.7%,8,0,0,0,8,0,0,0,1,1,0,0,0,0,0,0,0.0,0
586097.mira,586097,mira,2015-09-02 23:29:53,20150902,2015-09-02 23:51:23,20150902,2015-09-03 00:44:45,20150903,47972554363297,57356241325548,prod-short,3600.0,3202.0,512.0,512.0,8192.0,8192.0,MIR-40080-733B1-512,0,1290,0,1290,0,7286.3289,7286.3289,0.0,7286.3288,0.0,0.0,7286.3288,MIR-40080-733B1-512,0,script,-1,complete,Not capability,0% <= x < 16.7%,0% <= x < 16.7%,8,0,0,0,8,0,0,0,1,1,0,0,0,0,0,0,0.0,0
586099.mira,586099,mira,2015-09-02 23:29:56,20150902,2015-09-02 23:51:50,20150902,2015-09-03 00:53:22,20150903,47972554363297,57356241325548,prod-short,3600.0,3692.0,512.0,512.0,8192.0,8192.0,MIR-40000-73331-512,143,1315,0,1315,0,8399.0756,8399.0756,0.0,8401.3511,0.0,0.0,8401.3511,MIR-40000-73331-512,143,script,-1,complete,Not capability,0% <= x < 16.7%,0% <= x < 16.7%,8,0,0,0,8,0,0,0,1,1,0,0,0,0,0,0,0.0,0
585565.mira,585565,mira,2015-09-02 16:32:30,20150902,2015-09-02 23:52:13,20150902,2015-09-03 01:18:32,20150903,19538777423807,64663463907625,prod-short,7200.0,5179.0,512.0,512.0,8192.0,8192.0,MIR-404C0-737F1-512,0,1287,0,26382,3,11787.3778,11787.3778,0.0,11785.1022,0.0,0.0,11785.1022,MIR-404C0-737F1-512,0,c8,-1,complete,Not capability,0% <= x < 16.7%,0% <= x < 16.7%,0,0,0,1,1,1,0,0,0,0,0,0,0,1,0,0,0.0,0
586126.mira,586126,mira,2015-09-02 23:48:36,20150902,2015-09-02 23:52:43,20150902,2015-09-02 23:55:47,20150902,34871601655553,97534845395728,backfill,300.0,184.0,512.0,432.0,8192.0,6912.0,MIR-40040-73371-512,0,246,0,246,0,353.28,418.7022,0.0,418.7022,0.0,0.0,418.7022,MIR-40040-73371-512,0,script,-1,complete,Not capability,0% <= x < 16.7%,0% <= x < 16.7%,0,0,0,1,1,1,0,0,0,0,0,0,0,1,0,0,0.0,0
586127.mira,586127,mira,2015-09-02 23:48:38,20150902,2015-09-02 23:53:14,20150902,2015-09-02 23:56:35,20150902,34871601655553,97534845395728,backfill,300.0,201.0,512.0,432.0,8192.0,6912.0,MIR-40480-737B1-512,0,275,0,275,0,385.92,457.3867,0.0,457.3866,0.0,0.0,457.3866,MIR-40480-737B1-512,0,script,-1,complete,Not capability,0% <= x < 16.7%,0% <= x < 16.7%,0,0,0,1,1,1,0,0,0,0,0,0,0,1,0,0,0.0,0
586124.mira,586124,mira,2015-09-02 23:43:34,20150902,2015-09-02 23:53:44,20150902,2015-09-02 23:56:48,20150902,34871601655553,97534845395728,backfill,300.0,184.0,512.0,432.0,8192.0,6912.0,MIR-40440-73771-512,0,610,2,610,2,351.36,416.4267,0.0,418.7022,0.0,0.0,418.7022,MIR-40440-73771-512,0,script,-1,complete,Not capability,0% <= x < 16.7%,0% <= x < 16.7%,0,0,0,1,1,1,0,0,0,0,0,0,0,1,0,0,0.0,0
586128.mira,586128,mira,2015-09-02 23:53:45,20150902,2015-09-02 23:56:34,20150902,2015-09-02 23:59:24,20150902,34871601655553,97534845395728,backfill,300.0,170.0,512.0,432.0,8192.0,6912.0,MIR-40040-73371-512,0,169,0,169,0,328.32,389.12,0.0,386.8444,0.0,0.0,386.8444,MIR-40040-73371-512,0,script,-1,complete,Not capability,0% <= x < 16.7%,0% <= x < 16.7%,0,0,0,1,1,1,0,0,0,0,0,0,0,1,0,0,0.0,0
586118.mira,586118,mira,2015-09-02 23:38:24,20150902,2015-09-02 23:57:29,20150902,2015-09-02 23:59:58,20150902,34871601655553,97534845395728,backfill,300.0,149.0,512.0,432.0,8192.0,6912.0,MIR-40480-737B1-512,0,1145,3,1145,3,288.0,341.3333,0.0,339.0577,0.0,0.0,339.0577,MIR-40480-737B1-512,0,script,-1,complete,Not capability,0% <= x < 16.7%,0% <= x < 16.7%,0,0,0,1,1,1,0,0,0,0,0,0,0,1,0,0,0.0,0
586088.mira,586088,mira,2015-09-02 23:27:51,20150902,2015-09-02 23:57:57,20150902,2015-09-03 00:00:36,20150903,34871601655553,97534845395728,backfill,300.0,159.0,512.0,432.0,8192.0,6912.0,MIR-40400-73731-512,0,1806,6,1806,6,307.2,364.0889,0.0,361.8133,0.0,0.0,361.8133,MIR-40400-73731-512,0,script,-1,complete,Not capability,0% <= x < 16.7%,0% <= x < 16.7%,0,0,0,1,1,1,0,0,0,0,0,0,0,1,0,0,0.0,0
586133.mira,586133,mira,2015-09-02 23:58:51,20150902,2015-09-03 00:00:21,20150903,2015-09-03 00:05:05,20150903,34871601655553,97534845395728,backfill,300.0,284.0,512.0,432.0,8192.0,6912.0,MIR-40040-73371-512,0,90,0,90,0,543.36,643.9822,0.0,646.2577,0.0,0.0,646.2577,MIR-40040-73371-512,0,script,-1,complete,Not capability,0% <= x < 16.7%,0% <= x < 16.7%,0,0,0,1,1,1,0,0,0,0,0,0,0,1,0,0,0.0,0
586132.mira,586132,mira,2015-09-02 23:58:50,20150902,2015-09-03 00:00:51,20150903,2015-09-03 00:05:17,20150903,34871601655553,97534845395728,backfill,300.0,266.0,512.0,432.0,8192.0,6912.0,MIR-40480-737B1-512,0,122,0,122,0,508.8,603.0222,0.0,605.2977,0.0,0.0,605.2977,MIR-40480-737B1-512,0,script,-1,complete,Not capability,0% <= x < 16.7%,0% <= x < 16.7%,0,0,0,1,1,1,0,0,0,0,0,0,0,1,0,0,0.0,0
586131.mira,586131,mira,2015-09-02 23:58:47,20150902,2015-09-03 00:01:20,20150903,2015-09-03 00:03:29,20150903,34871601655553,97534845395728,backfill,300.0,129.0,512.0,432.0,8192.0,6912.0,MIR-40400-73731-512,0,154,0,154,0,247.68,293.5467,0.0,293.5466,0.0,0.0,293.5466,MIR-40400-73731-512,0,script,-1,complete,Not capability,0% <= x < 16.7%,0% <= x < 16.7%,0,0,0,1,1,1,0,0,0,0,0,0,0,1,0,0,0.0,0
586100.mira,586100,mira,2015-09-02 23:29:57,20150902,2015-09-03 00:01:44,20150903,2015-09-03 00:50:49,20150903,47972554363297,57356241325548,prod-short,3600.0,2945.0,512.0,512.0,8192.0,8192.0,MIR-04C80-37FB1-512,0,1348,0,1908,0,6699.2356,6699.2356,0.0,6701.5111,0.0,0.0,6701.5111,MIR-04C80-37FB1-512,0,script,-1,complete,Not capability,0% <= x < 16.7%,0% <= x < 16.7%,8,0,0,0,8,0,0,0,1,1,0,0,0,0,0,0,0.0,0
586135.mira,586135,mira,2015-09-03 00:03:56,20150903,2015-09-03 00:04:21,20150903,2015-09-03 00:09:09,20150903,34871601655553,97534845395728,backfill,300.0,288.0,512.0,432.0,8192.0,6912.0,MIR-40440-73771-512,0,25,0,25,0,554.88,657.6356,0.0,655.36,0.0,0.0,655.36,MIR-40440-73771-512,0,script,-1,complete,Not capability,0% <= x < 16.7%,0% <= x < 16.7%,0,0,0,1,1,1,0,0,0,0,0,0,0,1,0,0,0.0,0
586137.mira,586137,mira,2015-09-03 00:04:00,20150903,2015-09-03 00:05:53,20150903,2015-09-03 00:10:38,20150903,34871601655553,97534845395728,backfill,300.0,285.0,512.0,432.0,8192.0,6912.0,MIR-40040-73371-512,0,114,0,114,0,547.2,648.5333,0.0,648.5333,0.0,0.0,648.5333,MIR-40040-73371-512,0,script,-1,complete,Not capability,0% <= x < 16.7%,0% <= x < 16.7%,0,0,0,1,1,1,0,0,0,0,0,0,0,1,0,0,0.0,0
586134.mira,586134,mira,2015-09-03 00:03:54,20150903,2015-09-03 00:06:28,20150903,2015-09-03 00:10:52,20150903,34871601655553,97534845395728,backfill,300.0,264.0,512.0,432.0,8192.0,6912.0,MIR-40480-737B1-512,0,154,0,154,0,506.88,600.7467,0.0,600.7466,0.0,0.0,600.7466,MIR-40480-737B1-512,0,script,-1,complete,Not capability,0% <= x < 16.7%,0% <= x < 16.7%,0,0,0,1,1,1,0,0,0,0,0,0,0,1,0,0,0.0,0
586142.mira,586142,mira,2015-09-03 00:09:04,20150903,2015-09-03 00:09:50,20150903,2015-09-03 00:14:26,20150903,34871601655553,97534845395728,backfill,300.0,276.0,512.0,432.0,8192.0,6912.0,MIR-40400-73731-512,0,46,0,46,0,531.84,630.3289,0.0,628.0533,0.0,0.0,628.0533,MIR-40400-73731-512,0,script,-1,complete,Not capability,0% <= x < 16.7%,0% <= x < 16.7%,0,0,0,1,1,1,0,0,0,0,0,0,0,1,0,0,0.0,0
586141.mira,586141,mira,2015-09-03 00:09:02,20150903,2015-09-03 00:11:25,20150903,2015-09-03 00:15:30,20150903,34871601655553,97534845395728,backfill,300.0,245.0,512.0,432.0,8192.0,6912.0,MIR-40040-73371-512,0,143,0,143,0,470.4,557.5111,0.0,557.5111,0.0,0.0,557.5111,MIR-40040-73371-512,0,script,-1,complete,Not capability,0% <= x < 16.7%,0% <= x < 16.7%,0,0,0,1,1,1,0,0,0,0,0,0,0,1,0,0,0.0,0
583904.mira,583904,mira,2015-09-01 19:31:04,20150901,2015-09-03 00:11:54,20150903,2015-09-03 23:38:23,20150903,96152463646676,51982695261008,prod-capability,86400.0,84389.0,8192.0,8192.0,131072.0,131072.0,MIR-08000-3BFF1-8192,0,103249,1,103249,1,3072546.1333,3072546.1333,3072509.7244,0.0,0.0,3072509.7244,0.0,MIR-08000-3BFF1-8192,0,c16,-1,complete,Capability,16.7% <= x < 33.3%,16.7% <= x < 33.3%,0,0,0,1,1,1,0,0,0,0,0,0,0,1,0,0,0.0,0
586136.mira,586136,mira,2015-09-03 00:03:58,20150903,2015-09-03 00:12:22,20150903,2015-09-03 00:16:43,20150903,34871601655553,97534845395728,backfill,300.0,261.0,512.0,432.0,8192.0,6912.0,MIR-40480-737B1-512,0,505,1,505,1,501.12,593.92,0.0,593.92,0.0,0.0,593.92,MIR-40480-737B1-512,0,script,-1,complete,Not capability,0% <= x < 16.7%,0% <= x < 16.7%,0,0,0,1,1,1,0,0,0,0,0,0,0,1,0,0,0.0,0
586145.mira,586145,mira,2015-09-03 00:14:06,20150903,2015-09-03 00:15:40,20150903,2015-09-03 00:19:43,20150903,34871601655553,97534845395728,backfill,300.0,243.0,512.0,432.0,8192.0,6912.0,MIR-40400-73731-512,0,94,0,94,0,466.56,552.96,0.0,552.96,0.0,0.0,552.96,MIR-40400-73731-512,0,script,-1,complete,Not capability,0% <= x < 16.7%,0% <= x < 16.7%,0,0,0,1,1,1,0,0,0,0,0,0,0,1,0,0,0.0,0
586147.mira,586147,mira,2015-09-03 00:14:10,20150903,2015-09-03 00:16:44,20150903,2015-09-03 00:20:48,20150903,34871601655553,97534845395728,backfill,300.0,244.0,512.0,432.0,8192.0,6912.0,MIR-40040-73371-512,0,154,0,154,0,468.48,555.2356,0.0,555.2355,0.0,0.0,555.2355,MIR-40040-73371-512,0,script,-1,complete,Not capability,0% <= x < 16.7%,0% <= x < 16.7%,0,0,0,1,1,1,0,0,0,0,0,0,0,1,0,0,0.0,0
586146.mira,586146,mira,2015-09-03 00:14:08,20150903,2015-09-03 00:17:20,20150903,2015-09-03 00:22:08,20150903,34871601655553,97534845395728,backfill,300.0,288.0,512.0,432.0,8192.0,6912.0,MIR-40480-737B1-512,0,191,0,191,0,554.88,657.6356,0.0,655.36,0.0,0.0,655.36,MIR-40480-737B1-512,0,script,-1,complete,Not capability,0% <= x < 16.7%,0% <= x < 16.7%,0,0,0,1,1,1,0,0,0,0,0,0,0,1,0,0,0.0,0
586152.mira,586152,mira,2015-09-03 00:19:19,20150903,2015-09-03 00:20:27,20150903,2015-09-03 00:24:41,20150903,34871601655553,97534845395728,backfill,300.0,254.0,512.0,432.0,8192.0,6912.0,MIR-40440-73771-512,0,69,0,69,0,487.68,577.9911,0.0,577.9911,0.0,0.0,577.9911,MIR-40440-73771-512,0,script,-1,complete,Not capability,0% <= x < 16.7%,0% <= x < 16.7%,0,0,0,1,1,1,0,0,0,0,0,0,0,1,0,0,0.0,0
586153.mira,586153,mira,2015-09-03 00:19:21,20150903,2015-09-03 00:21:55,20150903,2015-09-03 00:26:26,20150903,34871601655553,97534845395728,backfill,300.0,271.0,512.0,432.0,8192.0,6912.0,MIR-40040-73371-512,0,155,0,155,0,518.4,614.4,0.0,616.6755,0.0,0.0,616.6755,MIR-40040-73371-512,0,script,-1,complete,Not capability,0% <= x < 16.7%,0% <= x < 16.7%,0,0,0,1,1,1,0,0,0,0,0,0,0,1,0,0,0.0,0
586151.mira,586151,mira,2015-09-03 00:19:15,20150903,2015-09-03 00:22:55,20150903,2015-09-03 00:27:37,20150903,34871601655553,97534845395728,backfill,300.0,282.0,512.0,432.0,8192.0,6912.0,MIR-40480-737B1-512,0,220,0,220,0,541.44,641.7067,0.0,641.7066,0.0,0.0,641.7066,MIR-40480-737B1-512,0,script,-1,complete,Not capability,0% <= x < 16.7%,0% <= x < 16.7%,0,0,0,1,1,1,0,0,0,0,0,0,0,1,0,0,0.0,0
586158.mira,586158,mira,2015-09-03 00:24:27,20150903,2015-09-03 00:25:53,20150903,2015-09-03 00:30:12,20150903,34871601655553,97534845395728,backfill,300.0,259.0,512.0,432.0,8192.0,6912.0,MIR-40440-73771-512,0,85,0,85,0,499.2,591.6444,0.0,589.3688,0.0,0.0,589.3688,MIR-40440-73771-512,0,script,-1,complete,Not capability,0% <= x < 16.7%,0% <= x < 16.7%,0,0,0,1,1,1,0,0,0,0,0,0,0,1,0,0,0.0,0
586156.mira,586156,mira,2015-09-03 00:24:23,20150903,2015-09-03 00:26:49,20150903,2015-09-03 00:31:22,20150903,34871601655553,97534845395728,backfill,300.0,273.0,512.0,432.0,8192.0,6912.0,MIR-40040-73371-512,0,146,0,146,0,524.16,621.2267,0.0,621.2266,0.0,0.0,621.2266,MIR-40040-73371-512,0,script,-1,complete,Not capability,0% <= x < 16.7%,0% <= x < 16.7%,0,0,0,1,1,1,0,0,0,0,0,0,0,1,0,0,0.0,0
586157.mira,586157,mira,2015-09-03 00:24:25,20150903,2015-09-03 00:28:21,20150903,2015-09-03 00:32:50,20150903,34871601655553,97534845395728,backfill,300.0,269.0,512.0,432.0,8192.0,6912.0,MIR-40480-737B1-512,0,236,0,236,0,516.48,612.1244,0.0,612.1244,0.0,0.0,612.1244,MIR-40480-737B1-512,0,script,-1,complete,Not capability,0% <= x < 16.7%,0% <= x < 16.7%,0,0,0,1,1,1,0,0,0,0,0,0,0,1,0,0,0.0,0
586162.mira,586162,mira,2015-09-03 00:29:37,20150903,2015-09-03 00:31:10,20150903,2015-09-03 00:34:47,20150903,34871601655553,97534845395728,backfill,300.0,217.0,512.0,432.0,8192.0,6912.0,MIR-40440-73771-512,0,93,0,93,0,418.56,496.0711,0.0,493.7955,0.0,0.0,493.7955,MIR-40440-73771-512,0,script,-1,complete,Not capability,0% <= x < 16.7%,0% <= x < 16.7%,0,0,0,1,1,1,0,0,0,0,0,0,0,1,0,0,0.0,0
586163.mira,586163,mira,2015-09-03 00:29:39,20150903,2015-09-03 00:32:08,20150903,2015-09-03 00:37:07,20150903,34871601655553,97534845395728,backfill,300.0,299.0,512.0,432.0,8192.0,6912.0,MIR-40040-73371-512,0,149,0,149,0,576.0,682.6667,0.0,680.3911,0.0,0.0,680.3911,MIR-40040-73371-512,0,script,-1,complete,Not capability,0% <= x < 16.7%,0% <= x < 16.7%,0,0,0,1,1,1,0,0,0,0,0,0,0,1,0,0,0.0,0
586161.mira,586161,mira,2015-09-03 00:29:32,20150903,2015-09-03 00:34:03,20150903,2015-09-03 00:38:21,20150903,34871601655553,97534845395728,backfill,300.0,258.0,512.0,432.0,8192.0,6912.0,MIR-40480-737B1-512,0,270,0,270,0,497.28,589.3689,0.0,587.0933,0.0,0.0,587.0933,MIR-40480-737B1-512,0,script,-1,complete,Not capability,0% <= x < 16.7%,0% <= x < 16.7%,0,0,0,1,1,1,0,0,0,0,0,0,0,1,0,0,0.0,0
586102.mira,586102,mira,2015-09-02 23:30:00,20150902,2015-09-03 00:35:05,20150903,2015-09-03 01:35:56,20150903,47972554363297,57356241325548,prod-short,3600.0,3651.0,512.0,512.0,8192.0,8192.0,MIR-04080-373B1-512,143,1407,0,3906,1,8308.0533,8308.0533,0.0,8308.0533,0.0,0.0,8308.0533,MIR-04080-373B1-512,143,script,-1,complete,Not capability,0% <= x < 16.7%,0% <= x < 16.7%,8,0,0,0,8,0,0,0,1,1,0,0,0,0,0,0,0.0,0
586170.mira,586170,mira,2015-09-03 00:34:52,20150903,2015-09-03 00:36:04,20150903,2015-09-03 00:40:43,20150903,34871601655553,97534845395728,backfill,300.0,279.0,512.0,432.0,8192.0,6912.0,MIR-04880-37BB1-512,0,72,0,72,0,537.6,637.1556,0.0,634.88,0.0,0.0,634.88,MIR-04880-37BB1-512,0,script,-1,complete,Not capability,0% <= x < 16.7%,0% <= x < 16.7%,0,0,0,1,1,1,0,0,0,0,0,0,0,1,0,0,0.0,0
586168.mira,586168,mira,2015-09-03 00:34:43,20150903,2015-09-03 00:36:35,20150903,2015-09-03 00:40:30,20150903,34871601655553,97534845395728,backfill,300.0,235.0,512.0,432.0,8192.0,6912.0,MIR-40400-73731-512,0,112,0,112,0,451.2,534.7556,0.0,534.7555,0.0,0.0,534.7555,MIR-40400-73731-512,0,script,-1,complete,Not capability,0% <= x < 16.7%,0% <= x < 16.7%,0,0,0,1,1,1,0,0,0,0,0,0,0,1,0,0,0.0,0
586167.mira,586167,mira,2015-09-03 00:34:41,20150903,2015-09-03 00:37:32,20150903,2015-09-03 00:41:47,20150903,34871601655553,97534845395728,backfill,300.0,255.0,512.0,432.0,8192.0,6912.0,MIR-40040-73371-512,0,171,0,171,0,489.6,580.2667,0.0,580.2666,0.0,0.0,580.2666,MIR-40040-73371-512,0,script,-1,complete,Not capability,0% <= x < 16.7%,0% <= x < 16.7%,0,0,0,1,1,1,0,0,0,0,0,0,0,1,0,0,0.0,0
586169.mira,586169,mira,2015-09-03 00:34:46,20150903,2015-09-03 00:39:24,20150903,2015-09-03 00:44:04,20150903,34871601655553,97534845395728,backfill,300.0,280.0,512.0,432.0,8192.0,6912.0,MIR-40480-737B1-512,0,279,0,279,0,537.6,637.1556,0.0,637.1555,0.0,0.0,637.1555,MIR-40480-737B1-512,0,script,-1,complete,Not capability,0% <= x < 16.7%,0% <= x < 16.7%,0,0,0,1,1,1,0,0,0,0,0,0,0,1,0,0,0.0,0
586172.mira,586172,mira,2015-09-03 00:39:56,20150903,2015-09-03 00:41:28,20150903,2015-09-03 00:46:38,20150903,34871601655553,97534845395728,backfill,300.0,310.0,512.0,432.0,8192.0,6912.0,MIR-04880-37BB1-512,0,91,0,91,0,597.12,707.6978,0.0,705.4222,0.0,0.0,705.4222,MIR-04880-37BB1-512,0,script,-1,complete,Not capability,0% <= x < 16.7%,0% <= x < 16.7%,0,0,0,1,1,1,0,0,0,0,0,0,0,1,0,0,0.0,0
586173.mira,586173,mira,2015-09-03 00:39:58,20150903,2015-09-03 00:41:58,20150903,2015-09-03 00:46:10,20150903,34871601655553,97534845395728,backfill,300.0,252.0,512.0,432.0,8192.0,6912.0,MIR-40400-73731-512,0,119,0,119,0,483.84,573.44,0.0,573.44,0.0,0.0,573.44,MIR-40400-73731-512,0,script,-1,complete,Not capability,0% <= x < 16.7%,0% <= x < 16.7%,0,0,0,1,1,1,0,0,0,0,0,0,0,1,0,0,0.0,0
586089.mira,586089,mira,2015-09-02 23:27:52,20150902,2015-09-03 00:42:26,20150903,2015-09-03 00:45:43,20150903,34871601655553,97534845395728,backfill,300.0,197.0,512.0,432.0,8192.0,6912.0,MIR-40040-73371-512,0,4473,14,4473,14,380.16,450.56,0.0,448.2844,0.0,0.0,448.2844,MIR-40040-73371-512,0,script,-1,complete,Not capability,0% <= x < 16.7%,0% <= x < 16.7%,0,0,0,1,1,1,0,0,0,0,0,0,0,1,0,0,0.0,0
585909.mira,585909,mira,2015-09-02 20:53:00,20150902,2015-09-03 00:44:44,20150903,2015-09-03 00:47:50,20150903,34871601655553,97534845395728,backfill,300.0,186.0,512.0,432.0,8192.0,6912.0,MIR-40480-737B1-512,0,13904,46,13904,46,359.04,425.5289,0.0,423.2533,0.0,0.0,423.2533,MIR-40480-737B1-512,0,script,-1,complete,Not capability,0% <= x < 16.7%,0% <= x < 16.7%,0,0,0,1,1,1,0,0,0,0,0,0,0,1,0,0,0.0,0
586103.mira,586103,mira,2015-09-02 23:30:04,20150902,2015-09-03 00:45:42,20150903,2015-09-03 01:46:39,20150903,47972554363297,57356241325548,prod-short,3600.0,3657.0,512.0,512.0,8192.0,8192.0,MIR-40080-733B1-512,143,1472,0,4538,1,8319.4311,8319.4311,0.0,8321.7066,0.0,0.0,8321.7066,MIR-40080-733B1-512,143,script,-1,complete,Not capability,0% <= x < 16.7%,0% <= x < 16.7%,8,0,0,0,8,0,0,0,1,1,0,0,0,0,0,0,0.0,0
586176.mira,586176,mira,2015-09-03 00:45:18,20150903,2015-09-03 00:46:40,20150903,2015-09-03 00:50:49,20150903,34871601655553,97534845395728,backfill,300.0,249.0,512.0,432.0,8192.0,6912.0,MIR-40040-73371-512,0,82,0,82,0,480.0,568.8889,0.0,566.6133,0.0,0.0,566.6133,MIR-40040-73371-512,0,script,-1,complete,Not capability,0% <= x < 16.7%,0% <= x < 16.7%,0,0,0,1,1,1,0,0,0,0,0,0,0,1,0,0,0.0,0
586177.mira,586177,mira,2015-09-03 00:45:20,20150903,2015-09-03 00:47:09,20150903,2015-09-03 00:53:23,20150903,34871601655553,97534845395728,backfill,300.0,374.0,512.0,432.0,8192.0,6912.0,MIR-40440-73771-512,0,109,0,109,0,718.08,851.0578,0.0,851.0577,0.0,0.0,851.0577,MIR-40440-73771-512,0,script,-1,complete,Not capability,0% <= x < 16.7%,0% <= x < 16.7%,0,0,0,1,1,1,0,0,0,0,0,0,0,1,0,0,0.0,0
586175.mira,586175,mira,2015-09-03 00:45:16,20150903,2015-09-03 00:47:40,20150903,2015-09-03 00:52:51,20150903,34871601655553,97534845395728,backfill,300.0,311.0,512.0,432.0,8192.0,6912.0,MIR-04880-37BB1-512,0,144,0,144,0,597.12,707.6978,0.0,707.6977,0.0,0.0,707.6977,MIR-04880-37BB1-512,0,script,-1,complete,Not capability,0% <= x < 16.7%,0% <= x < 16.7%,0,0,0,1,1,1,0,0,0,0,0,0,0,1,0,0,0.0,0
586174.mira,586174,mira,2015-09-03 00:45:14,20150903,2015-09-03 00:48:09,20150903,2015-09-03 00:53:52,20150903,34871601655553,97534845395728,backfill,300.0,343.0,512.0,432.0,8192.0,6912.0,MIR-40480-737B1-512,0,176,0,176,0,658.56,780.5156,0.0,780.5155,0.0,0.0,780.5155,MIR-40480-737B1-512,0,script,-1,complete,Not capability,0% <= x < 16.7%,0% <= x < 16.7%,0,0,0,1,1,1,0,0,0,0,0,0,0,1,0,0,0.0,0
586105.mira,586105,mira,2015-09-02 23:30:08,20150902,2015-09-03 00:51:51,20150903,2015-09-03 01:53:01,20150903,47972554363297,57356241325548,prod-short,3600.0,3670.0,512.0,512.0,8192.0,8192.0,MIR-04C80-37FB1-512,143,1547,0,4904,1,8351.2889,8351.2889,0.0,8351.2888,0.0,0.0,8351.2888,MIR-04C80-37FB1-512,143,script,-1,complete,Not capability,0% <= x < 16.7%,0% <= x < 16.7%,8,0,0,0,8,0,0,0,1,1,0,0,0,0,0,0,0.0,0
586106.mira,586106,mira,2015-09-02 23:30:09,20150902,2015-09-03 00:52:22,20150903,2015-09-03 01:53:15,20150903,47972554363297,57356241325548,prod-short,3600.0,3653.0,512.0,512.0,8192.0,8192.0,MIR-40800-73B31-512,143,1577,0,4933,1,8314.88,8314.88,0.0,8312.6044,0.0,0.0,8312.6044,MIR-40800-73B31-512,143,script,-1,complete,Not capability,0% <= x < 16.7%,0% <= x < 16.7%,8,0,0,0,8,0,0,0,1,1,0,0,0,0,0,0,0.0,0
586183.mira,586183,mira,2015-09-03 00:50:27,20150903,2015-09-03 00:52:53,20150903,2015-09-03 00:55:59,20150903,34871601655553,97534845395728,backfill,300.0,186.0,512.0,432.0,8192.0,6912.0,MIR-04840-37B71-512,0,146,0,146,0,357.12,423.2533,0.0,423.2533,0.0,0.0,423.2533,MIR-04840-37B71-512,0,script,-1,complete,Not capability,0% <= x < 16.7%,0% <= x < 16.7%,0,0,0,1,1,1,0,0,0,0,0,0,0,1,0,0,0.0,0
586108.mira,586108,mira,2015-09-02 23:30:19,20150902,2015-09-03 00:53:21,20150903,2015-09-03 01:53:54,20150903,47972554363297,57356241325548,prod-short,3600.0,3633.0,512.0,512.0,8192.0,8192.0,MIR-40000-73331-512,143,1596,0,4983,1,8264.8178,8264.8178,0.0,8267.0933,0.0,0.0,8267.0933,MIR-40000-73331-512,143,script,-1,complete,Not capability,0% <= x < 16.7%,0% <= x < 16.7%,8,0,0,0,8,0,0,0,1,1,0,0,0,0,0,0,0.0,0
586184.mira,586184,mira,2015-09-03 00:50:29,20150903,2015-09-03 00:53:54,20150903,2015-09-03 00:57:57,20150903,34871601655553,97534845395728,backfill,300.0,243.0,512.0,432.0,8192.0,6912.0,MIR-04880-37BB1-512,0,205,0,205,0,468.48,555.2356,0.0,552.96,0.0,0.0,552.96,MIR-04880-37BB1-512,0,script,-1,complete,Not capability,0% <= x < 16.7%,0% <= x < 16.7%,0,0,0,1,1,1,0,0,0,0,0,0,0,1,0,0,0.0,0
586182.mira,586182,mira,2015-09-03 00:50:25,20150903,2015-09-03 00:54:25,20150903,2015-09-03 00:58:36,20150903,34871601655553,97534845395728,backfill,300.0,251.0,512.0,432.0,8192.0,6912.0,MIR-40040-73371-512,0,240,0,240,0,483.84,573.44,0.0,571.1644,0.0,0.0,571.1644,MIR-40040-73371-512,0,script,-1,complete,Not capability,0% <= x < 16.7%,0% <= x < 16.7%,0,0,0,1,1,1,0,0,0,0,0,0,0,1,0,0,0.0,0
586181.mira,586181,mira,2015-09-03 00:50:22,20150903,2015-09-03 00:54:46,20150903,2015-09-03 00:59:05,20150903,34871601655553,97534845395728,backfill,300.0,259.0,512.0,432.0,8192.0,6912.0,MIR-40480-737B1-512,0,264,0,264,0,497.28,589.3689,0.0,589.3688,0.0,0.0,589.3688,MIR-40480-737B1-512,0,script,-1,complete,Not capability,0% <= x < 16.7%,0% <= x < 16.7%,0,0,0,1,1,1,0,0,0,0,0,0,0,1,0,0,0.0,0
585891.mira,585891,mira,2015-09-02 20:47:17,20150902,2015-09-03 00:55:15,20150903,2015-09-03 00:58:10,20150903,34871601655553,97534845395728,backfill,300.0,175.0,512.0,432.0,8192.0,6912.0,MIR-40440-73771-512,0,14879,49,14879,49,334.08,395.9467,0.0,398.2222,0.0,0.0,398.2222,MIR-40440-73771-512,0,script,-1,complete,Not capability,0% <= x < 16.7%,0% <= x < 16.7%,0,0,0,1,1,1,0,0,0,0,0,0,0,1,0,0,0.0,0
586191.mira,586191,mira,2015-09-03 00:55:50,20150903,2015-09-03 00:57:09,20150903,2015-09-03 01:01:41,20150903,34871601655553,97534845395728,backfill,300.0,272.0,512.0,432.0,8192.0,6912.0,MIR-04800-37B31-512,0,79,0,79,0,520.32,616.6756,0.0,618.9511,0.0,0.0,618.9511,MIR-04800-37B31-512,0,script,-1,complete,Not capability,0% <= x < 16.7%,0% <= x < 16.7%,0,0,0,1,1,1,0,0,0,0,0,0,0,1,0,0,0.0,0
586193.mira,586193,mira,2015-09-03 00:55:54,20150903,2015-09-03 00:58:32,20150903,2015-09-03 01:01:53,20150903,34871601655553,97534845395728,backfill,300.0,201.0,512.0,432.0,8192.0,6912.0,MIR-04880-37BB1-512,0,127,0,158,0,384.0,455.1111,0.0,457.3866,0.0,0.0,457.3866,MIR-04880-37BB1-512,0,script,-1,complete,Not capability,0% <= x < 16.7%,0% <= x < 16.7%,0,0,0,1,1,1,0,0,0,0,0,0,0,1,0,0,0.0,0
586192.mira,586192,mira,2015-09-03 00:55:52,20150903,2015-09-03 00:59:01,20150903,2015-09-03 01:02:29,20150903,34871601655553,97534845395728,backfill,300.0,208.0,512.0,432.0,8192.0,6912.0,MIR-40440-73771-512,0,158,0,189,0,397.44,471.04,0.0,473.3155,0.0,0.0,473.3155,MIR-40440-73771-512,0,script,-1,complete,Not capability,0% <= x < 16.7%,0% <= x < 16.7%,0,0,0,1,1,1,0,0,0,0,0,0,0,1,0,0,0.0,0
586190.mira,586190,mira,2015-09-03 00:55:47,20150903,2015-09-03 00:59:30,20150903,2015-09-03 01:04:01,20150903,34871601655553,97534845395728,backfill,300.0,271.0,512.0,432.0,8192.0,6912.0,MIR-40040-73371-512,0,191,0,222,0,522.24,618.9511,0.0,616.6755,0.0,0.0,616.6755,MIR-40040-73371-512,0,script,-1,complete,Not capability,0% <= x < 16.7%,0% <= x < 16.7%,0,0,0,1,1,1,0,0,0,0,0,0,0,1,0,0,0.0,0
585872.mira,585872,mira,2015-09-02 20:36:16,20150902,2015-09-03 00:59:59,20150903,2015-09-03 01:03:49,20150903,34871601655553,97534845395728,backfill,300.0,230.0,512.0,432.0,8192.0,6912.0,MIR-40480-737B1-512,0,15633,52,15823,52,441.6,523.3778,0.0,523.3777,0.0,0.0,523.3777,MIR-40480-737B1-512,0,script,-1,complete,Not capability,0% <= x < 16.7%,0% <= x < 16.7%,0,0,0,1,1,1,0,0,0,0,0,0,0,1,0,0,0.0,0
586201.mira,586201,mira,2015-09-03 01:01:03,20150903,2015-09-03 01:02:18,20150903,2015-09-03 01:06:34,20150903,34871601655553,97534845395728,backfill,300.0,256.0,512.0,432.0,8192.0,6912.0,MIR-04840-37B71-512,0,51,0,75,0,491.52,582.5422,0.0,582.5422,0.0,0.0,582.5422,MIR-04840-37B71-512,0,script,-1,complete,Not capability,0% <= x < 16.7%,0% <= x < 16.7%,0,0,0,1,1,1,0,0,0,0,0,0,0,1,0,0,0.0,0
586202.mira,586202,mira,2015-09-03 01:01:06,20150903,2015-09-03 01:02:49,20150903,2015-09-03 01:07:02,20150903,34871601655553,97534845395728,backfill,300.0,253.0,512.0,432.0,8192.0,6912.0,MIR-04880-37BB1-512,0,81,0,103,0,485.76,575.7156,0.0,575.7155,0.0,0.0,575.7155,MIR-04880-37BB1-512,0,script,-1,complete,Not capability,0% <= x < 16.7%,0% <= x < 16.7%,0,0,0,1,1,1,0,0,0,0,0,0,0,1,0,0,0.0,0
586203.mira,586203,mira,2015-09-03 01:01:08,20150903,2015-09-03 01:03:49,20150903,2015-09-03 01:07:34,20150903,34871601655553,97534845395728,backfill,300.0,225.0,512.0,432.0,8192.0,6912.0,MIR-40440-73771-512,0,141,0,161,0,432.0,512.0,0.0,512.0,0.0,0.0,512.0,MIR-40440-73771-512,0,script,-1,complete,Not capability,0% <= x < 16.7%,0% <= x < 16.7%,0,0,0,1,1,1,0,0,0,0,0,0,0,1,0,0,0.0,0
586200.mira,586200,mira,2015-09-03 01:01:01,20150903,2015-09-03 01:04:50,20150903,2015-09-03 01:09:09,20150903,34871601655553,97534845395728,backfill,300.0,259.0,512.0,432.0,8192.0,6912.0,MIR-40040-73371-512,0,204,0,229,0,497.28,589.3689,0.0,589.3688,0.0,0.0,589.3688,MIR-40040-73371-512,0,script,-1,complete,Not capability,0% <= x < 16.7%,0% <= x < 16.7%,0,0,0,1,1,1,0,0,0,0,0,0,0,1,0,0,0.0,0
586199.mira,586199,mira,2015-09-03 01:00:59,20150903,2015-09-03 01:05:19,20150903,2015-09-03 01:08:42,20150903,34871601655553,97534845395728,backfill,300.0,203.0,512.0,432.0,8192.0,6912.0,MIR-40480-737B1-512,0,233,0,260,0,387.84,459.6622,0.0,461.9377,0.0,0.0,461.9377,MIR-40480-737B1-512,0,script,-1,complete,Not capability,0% <= x < 16.7%,0% <= x < 16.7%,0,0,0,1,1,1,0,0,0,0,0,0,0,1,0,0,0.0,0
586209.mira,586209,mira,2015-09-03 01:06:21,20150903,2015-09-03 01:07:31,20150903,2015-09-03 01:10:21,20150903,34871601655553,97534845395728,backfill,300.0,170.0,512.0,432.0,8192.0,6912.0,MIR-04840-37B71-512,0,70,0,70,0,326.4,386.8444,0.0,386.8444,0.0,0.0,386.8444,MIR-04840-37B71-512,0,script,-1,complete,Not capability,0% <= x < 16.7%,0% <= x < 16.7%,0,0,0,1,1,1,0,0,0,0,0,0,0,1,0,0,0.0,0
586206.mira,586206,mira,2015-09-03 01:06:13,20150903,2015-09-03 01:07:59,20150903,2015-09-03 01:12:08,20150903,34871601655553,97534845395728,backfill,300.0,249.0,512.0,432.0,8192.0,6912.0,MIR-04880-37BB1-512,0,98,0,106,0,478.08,566.6133,0.0,566.6133,0.0,0.0,566.6133,MIR-04880-37BB1-512,0,script,-1,complete,Not capability,0% <= x < 16.7%,0% <= x < 16.7%,0,0,0,1,1,1,0,0,0,0,0,0,0,1,0,0,0.0,0
586207.mira,586207,mira,2015-09-03 01:06:14,20150903,2015-09-03 01:08:51,20150903,2015-09-03 01:12:21,20150903,34871601655553,97534845395728,backfill,300.0,210.0,512.0,432.0,8192.0,6912.0,MIR-40400-73731-512,0,150,0,156,0,403.2,477.8667,0.0,477.8666,0.0,0.0,477.8666,MIR-40400-73731-512,0,script,-1,complete,Not capability,0% <= x < 16.7%,0% <= x < 16.7%,0,0,0,1,1,1,0,0,0,0,0,0,0,1,0,0,0.0,0
586205.mira,586205,mira,2015-09-03 01:06:10,20150903,2015-09-03 01:09:20,20150903,2015-09-03 01:12:58,20150903,34871601655553,97534845395728,backfill,300.0,218.0,512.0,432.0,8192.0,6912.0,MIR-40480-737B1-512,0,179,0,189,0,418.56,496.0711,0.0,496.0711,0.0,0.0,496.0711,MIR-40480-737B1-512,0,script,-1,complete,Not capability,0% <= x < 16.7%,0% <= x < 16.7%,0,0,0,1,1,1,0,0,0,0,0,0,0,1,0,0,0.0,0
586208.mira,586208,mira,2015-09-03 01:06:16,20150903,2015-09-03 01:09:53,20150903,2015-09-03 01:13:30,20150903,34871601655553,97534845395728,backfill,300.0,217.0,512.0,432.0,8192.0,6912.0,MIR-40040-73371-512,0,211,0,216,0,418.56,496.0711,0.0,493.7955,0.0,0.0,493.7955,MIR-40040-73371-512,0,script,-1,complete,Not capability,0% <= x < 16.7%,0% <= x < 16.7%,0,0,0,1,1,1,0,0,0,0,0,0,0,1,0,0,0.0,0
585846.mira,585846,mira,2015-09-02 20:20:20,20150902,2015-09-03 01:11:19,20150903,2015-09-03 01:14:39,20150903,34871601655553,97534845395728,backfill,300.0,200.0,512.0,432.0,8192.0,6912.0,MIR-04800-37B31-512,0,16839,56,17458,58,385.92,457.3867,0.0,455.1111,0.0,0.0,455.1111,MIR-04800-37B31-512,0,script,-1,complete,Not capability,0% <= x < 16.7%,0% <= x < 16.7%,0,0,0,1,1,1,0,0,0,0,0,0,0,1,0,0,0.0,0
586216.mira,586216,mira,2015-09-03 01:11:56,20150903,2015-09-03 01:12:46,20150903,2015-09-03 01:16:34,20150903,34871601655553,97534845395728,backfill,300.0,228.0,512.0,432.0,8192.0,6912.0,MIR-04880-37BB1-512,0,50,0,50,0,439.68,521.1022,0.0,518.8266,0.0,0.0,518.8266,MIR-04880-37BB1-512,0,script,-1,complete,Not capability,0% <= x < 16.7%,0% <= x < 16.7%,0,0,0,1,1,1,0,0,0,0,0,0,0,1,0,0,0.0,0
586215.mira,586215,mira,2015-09-03 01:11:52,20150903,2015-09-03 01:13:16,20150903,2015-09-03 01:17:19,20150903,34871601655553,97534845395728,backfill,300.0,243.0,512.0,432.0,8192.0,6912.0,MIR-40480-737B1-512,0,84,0,84,0,466.56,552.96,0.0,552.96,0.0,0.0,552.96,MIR-40480-737B1-512,0,script,-1,complete,Not capability,0% <= x < 16.7%,0% <= x < 16.7%,0,0,0,1,1,1,0,0,0,0,0,0,0,1,0,0,0.0,0
586213.mira,586213,mira,2015-09-03 01:11:29,20150903,2015-09-03 01:13:40,20150903,2015-09-03 01:17:06,20150903,34871601655553,97534845395728,backfill,300.0,206.0,512.0,432.0,8192.0,6912.0,MIR-40400-73731-512,0,108,0,131,0,395.52,468.7644,0.0,468.7644,0.0,0.0,468.7644,MIR-40400-73731-512,0,script,-1,complete,Not capability,0% <= x < 16.7%,0% <= x < 16.7%,0,0,0,1,1,1,0,0,0,0,0,0,0,1,0,0,0.0,0
586211.mira,586211,mira,2015-09-03 01:11:24,20150903,2015-09-03 01:14:08,20150903,2015-09-03 01:17:05,20150903,34871601655553,97534845395728,backfill,300.0,177.0,512.0,432.0,8192.0,6912.0,MIR-40040-73371-512,0,137,0,164,0,339.84,402.7733,0.0,402.7733,0.0,0.0,402.7733,MIR-40040-73371-512,0,script,-1,complete,Not capability,0% <= x < 16.7%,0% <= x < 16.7%,0,0,0,1,1,1,0,0,0,0,0,0,0,1,0,0,0.0,0
586212.mira,586212,mira,2015-09-03 01:11:27,20150903,2015-09-03 01:15:35,20150903,2015-09-03 01:19:54,20150903,34871601655553,97534845395728,backfill,300.0,259.0,512.0,432.0,8192.0,6912.0,MIR-04800-37B31-512,0,206,0,249,0,497.28,589.3689,0.0,589.3688,0.0,0.0,589.3688,MIR-04800-37B31-512,0,script,-1,complete,Not capability,0% <= x < 16.7%,0% <= x < 16.7%,0,0,0,1,1,1,0,0,0,0,0,0,0,1,0,0,0.0,0
586219.mira,586219,mira,2015-09-03 01:17:09,20150903,2015-09-03 01:17:30,20150903,2015-09-03 01:21:48,20150903,34871601655553,97534845395728,backfill,300.0,258.0,512.0,432.0,8192.0,6912.0,MIR-04880-37BB1-512,0,20,0,20,0,497.28,589.3689,0.0,587.0933,0.0,0.0,587.0933,MIR-04880-37BB1-512,0,script,-1,complete,Not capability,0% <= x < 16.7%,0% <= x < 16.7%,0,0,0,1,1,1,0,0,0,0,0,0,0,1,0,0,0.0,0
586225.mira,586225,mira,2015-09-03 01:17:24,20150903,2015-09-03 01:18:01,20150903,2015-09-03 01:21:09,20150903,34871601655553,97534845395728,backfill,300.0,188.0,512.0,432.0,8192.0,6912.0,MIR-40480-737B1-512,0,38,0,38,0,360.96,427.8044,0.0,427.8044,0.0,0.0,427.8044,MIR-40480-737B1-512,0,script,-1,complete,Not capability,0% <= x < 16.7%,0% <= x < 16.7%,0,0,0,1,1,1,0,0,0,0,0,0,0,1,0,0,0.0,0
586224.mira,586224,mira,2015-09-03 01:17:21,20150903,2015-09-03 01:18:31,20150903,2015-09-03 01:21:36,20150903,34871601655553,97534845395728,backfill,300.0,185.0,512.0,432.0,8192.0,6912.0,MIR-40040-73371-512,0,71,0,71,0,353.28,418.7022,0.0,420.9777,0.0,0.0,420.9777,MIR-40040-73371-512,0,script,-1,complete,Not capability,0% <= x < 16.7%,0% <= x < 16.7%,0,0,0,1,1,1,0,0,0,0,0,0,0,1,0,0,0.0,0
586222.mira,586222,mira,2015-09-03 01:17:15,20150903,2015-09-03 01:20:49,20150903,2015-09-03 01:24:08,20150903,34871601655553,97534845395728,backfill,300.0,199.0,512.0,432.0,8192.0,6912.0,MIR-04800-37B31-512,0,215,0,215,0,382.08,452.8356,0.0,452.8355,0.0,0.0,452.8355,MIR-04800-37B31-512,0,script,-1,complete,Not capability,0% <= x < 16.7%,0% <= x < 16.7%,0,0,0,1,1,1,0,0,0,0,0,0,0,1,0,0,0.0,0
586221.mira,586221,mira,2015-09-03 01:17:13,20150903,2015-09-03 01:21:46,20150903,2015-09-03 01:25:20,20150903,34871601655553,97534845395728,backfill,300.0,214.0,512.0,432.0,8192.0,6912.0,MIR-40480-737B1-512,0,274,0,274,0,408.96,484.6933,0.0,486.9688,0.0,0.0,486.9688,MIR-40480-737B1-512,0,script,-1,complete,Not capability,0% <= x < 16.7%,0% <= x < 16.7%,0,0,0,1,1,1,0,0,0,0,0,0,0,1,0,0,0.0,0
586220.mira,586220,mira,2015-09-03 01:17:11,20150903,2015-09-03 01:22:15,20150903,2015-09-03 01:26:20,20150903,34871601655553,97534845395728,backfill,300.0,245.0,512.0,432.0,8192.0,6912.0,MIR-40040-73371-512,0,304,1,304,1,470.4,557.5111,0.0,557.5111,0.0,0.0,557.5111,MIR-40040-73371-512,0,script,-1,complete,Not capability,0% <= x < 16.7%,0% <= x < 16.7%,0,0,0,1,1,1,0,0,0,0,0,0,0,1,0,0,0.0,0
586223.mira,586223,mira,2015-09-03 01:17:17,20150903,2015-09-03 01:22:44,20150903,2015-09-03 01:26:08,20150903,34871601655553,97534845395728,backfill,300.0,204.0,512.0,432.0,8192.0,6912.0,MIR-04880-37BB1-512,0,328,1,328,1,389.76,461.9378,0.0,464.2133,0.0,0.0,464.2133,MIR-04880-37BB1-512,0,script,-1,complete,Not capability,0% <= x < 16.7%,0% <= x < 16.7%,0,0,0,1,1,1,0,0,0,0,0,0,0,1,0,0,0.0,0
586228.mira,586228,mira,2015-09-03 01:22:44,20150903,2015-09-03 01:25:05,20150903,2015-09-03 01:29:15,20150903,34871601655553,97534845395728,backfill,300.0,250.0,512.0,432.0,8192.0,6912.0,MIR-04800-37B31-512,0,140,0,140,0,480.0,568.8889,0.0,568.8888,0.0,0.0,568.8888,MIR-04800-37B31-512,0,script,-1,complete,Not capability,0% <= x < 16.7%,0% <= x < 16.7%,0,0,0,1,1,1,0,0,0,0,0,0,0,1,0,0,0.0,0
586229.mira,586229,mira,2015-09-03 01:22:46,20150903,2015-09-03 01:26:07,20150903,2015-09-03 01:29:02,20150903,34871601655553,97534845395728,backfill,300.0,175.0,512.0,432.0,8192.0,6912.0,MIR-40480-737B1-512,0,200,0,200,0,337.92,400.4978,0.0,398.2222,0.0,0.0,398.2222,MIR-40480-737B1-512,0,script,-1,complete,Not capability,0% <= x < 16.7%,0% <= x < 16.7%,0,0,0,1,1,1,0,0,0,0,0,0,0,1,0,0,0.0,0
586227.mira,586227,mira,2015-09-03 01:22:28,20150903,2015-09-03 01:27:07,20150903,2015-09-03 01:31:18,20150903,34871601655553,97534845395728,backfill,300.0,251.0,512.0,432.0,8192.0,6912.0,MIR-40040-73371-512,0,279,0,279,0,480.0,568.8889,0.0,571.1644,0.0,0.0,571.1644,MIR-40040-73371-512,0,script,-1,complete,Not capability,0% <= x < 16.7%,0% <= x < 16.7%,0,0,0,1,1,1,0,0,0,0,0,0,0,1,0,0,0.0,0
586226.mira,586226,mira,2015-09-03 01:22:26,20150903,2015-09-03 01:27:37,20150903,2015-09-03 01:30:15,20150903,34871601655553,97534845395728,backfill,300.0,158.0,512.0,432.0,8192.0,6912.0,MIR-04880-37BB1-512,0,310,1,310,1,303.36,359.5378,0.0,359.5377,0.0,0.0,359.5377,MIR-04880-37BB1-512,0,script,-1,complete,Not capability,0% <= x < 16.7%,0% <= x < 16.7%,0,0,0,1,1,1,0,0,0,0,0,0,0,1,0,0,0.0,0
583774.mira,583774,mira,2015-09-01 17:06:28,20150901,2015-09-03 01:29:14,20150903,2015-09-03 03:11:02,20150903,19538777423807,64663463907625,prod-short,7200.0,6108.0,512.0,512.0,8192.0,8192.0,MIR-00880-33BB1-512,0,3250,0,116566,16,13901.3689,13901.3689,0.0,13899.0933,0.0,0.0,13899.0933,MIR-00880-33BB1-512,0,c8,-1,complete,Not capability,0% <= x < 16.7%,0% <= x < 16.7%,0,0,0,1,1,1,0,0,0,0,0,0,0,1,0,0,0.0,0
586234.mira,586234,mira,2015-09-03 01:28:02,20150903,2015-09-03 01:29:44,20150903,2015-09-03 01:32:44,20150903,34871601655553,97534845395728,backfill,300.0,180.0,512.0,432.0,8192.0,6912.0,MIR-008C0-33BF1-512,0,101,0,101,0,347.52,411.8756,0.0,409.6,0.0,0.0,409.6,MIR-008C0-33BF1-512,0,script,-1,complete,Not capability,0% <= x < 16.7%,0% <= x < 16.7%,0,0,0,1,1,1,0,0,0,0,0,0,0,1,0,0,0.0,0
586235.mira,586235,mira,2015-09-03 01:28:04,20150903,2015-09-03 01:30:14,20150903,2015-09-03 01:32:32,20150903,34871601655553,97534845395728,backfill,300.0,138.0,512.0,432.0,8192.0,6912.0,MIR-04800-37B31-512,0,130,0,130,0,264.96,314.0267,0.0,314.0266,0.0,0.0,314.0266,MIR-04800-37B31-512,0,script,-1,complete,Not capability,0% <= x < 16.7%,0% <= x < 16.7%,0,0,0,1,1,1,0,0,0,0,0,0,0,1,0,0,0.0,0
586232.mira,586232,mira,2015-09-03 01:27:49,20150903,2015-09-03 01:30:44,20150903,2015-09-03 01:34:18,20150903,34871601655553,97534845395728,backfill,300.0,214.0,512.0,432.0,8192.0,6912.0,MIR-00800-33B31-512,0,175,0,175,0,408.96,484.6933,0.0,486.9688,0.0,0.0,486.9688,MIR-00800-33B31-512,0,script,-1,complete,Not capability,0% <= x < 16.7%,0% <= x < 16.7%,0,0,0,1,1,1,0,0,0,0,0,0,0,1,0,0,0.0,0
586233.mira,586233,mira,2015-09-03 01:27:58,20150903,2015-09-03 01:31:17,20150903,2015-09-03 01:34:33,20150903,34871601655553,97534845395728,backfill,300.0,196.0,512.0,432.0,8192.0,6912.0,MIR-04880-37BB1-512,0,200,0,200,0,374.4,443.7333,0.0,446.0088,0.0,0.0,446.0088,MIR-04880-37BB1-512,0,script,-1,complete,Not capability,0% <= x < 16.7%,0% <= x < 16.7%,0,0,0,1,1,1,0,0,0,0,0,0,0,1,0,0,0.0,0
586218.mira,586218,mira,2015-09-03 01:17:05,20150903,2015-09-03 01:31:45,20150903,2015-09-03 01:35:18,20150903,34871601655553,97534845395728,backfill,300.0,213.0,512.0,432.0,8192.0,6912.0,MIR-40480-737B1-512,0,880,2,880,2,410.88,486.9689,0.0,484.6933,0.0,0.0,484.6933,MIR-40480-737B1-512,0,script,-1,complete,Not capability,0% <= x < 16.7%,0% <= x < 16.7%,0,0,0,1,1,1,0,0,0,0,0,0,0,1,0,0,0.0,0
586217.mira,586217,mira,2015-09-03 01:16:58,20150903,2015-09-03 01:32:37,20150903,2015-09-03 01:35:06,20150903,34871601655553,97534845395728,backfill,300.0,149.0,512.0,432.0,8192.0,6912.0,MIR-40040-73371-512,0,906,3,939,3,284.16,336.7822,0.0,339.0577,0.0,0.0,339.0577,MIR-40040-73371-512,0,script,-1,complete,Not capability,0% <= x < 16.7%,0% <= x < 16.7%,0,0,0,1,1,1,0,0,0,0,0,0,0,1,0,0,0.0,0
586240.mira,586240,mira,2015-09-03 01:33:14,20150903,2015-09-03 01:33:32,20150903,2015-09-03 01:36:08,20150903,34871601655553,97534845395728,backfill,300.0,156.0,512.0,432.0,8192.0,6912.0,MIR-008C0-33BF1-512,0,19,0,19,0,299.52,354.9867,0.0,354.9866,0.0,0.0,354.9866,MIR-008C0-33BF1-512,0,script,-1,complete,Not capability,0% <= x < 16.7%,0% <= x < 16.7%,0,0,0,1,1,1,0,0,0,0,0,0,0,1,0,0,0.0,0
586241.mira,586241,mira,2015-09-03 01:33:16,20150903,2015-09-03 01:34:33,20150903,2015-09-03 01:38:10,20150903,34871601655553,97534845395728,backfill,300.0,217.0,512.0,432.0,8192.0,6912.0,MIR-04800-37B31-512,0,49,0,78,0,418.56,496.0711,0.0,493.7955,0.0,0.0,493.7955,MIR-04800-37B31-512,0,script,-1,complete,Not capability,0% <= x < 16.7%,0% <= x < 16.7%,0,0,0,1,1,1,0,0,0,0,0,0,0,1,0,0,0.0,0
586242.mira,586242,mira,2015-09-03 01:33:18,20150903,2015-09-03 01:35:06,20150903,2015-09-03 01:39:19,20150903,34871601655553,97534845395728,backfill,300.0,253.0,512.0,432.0,8192.0,6912.0,MIR-00840-33B71-512,0,79,0,108,0,485.76,575.7156,0.0,575.7155,0.0,0.0,575.7155,MIR-00840-33B71-512,0,script,-1,complete,Not capability,0% <= x < 16.7%,0% <= x < 16.7%,0,0,0,1,1,1,0,0,0,0,0,0,0,1,0,0,0.0,0
586109.mira,586109,mira,2015-09-02 23:30:20,20150902,2015-09-03 01:36:29,20150903,2015-09-03 01:54:08,20150903,47972554363297,57356241325548,prod-short,3600.0,1059.0,512.0,512.0,8192.0,8192.0,MIR-40400-73731-512,0,1640,0,7569,2,2409.8133,2409.8133,0.0,2409.8133,0.0,0.0,2409.8133,MIR-40400-73731-512,0,script,-1,complete,Not capability,0% <= x < 16.7%,0% <= x < 16.7%,8,0,0,0,8,0,0,0,1,1,0,0,0,0,0,0,0.0,0
586239.mira,586239,mira,2015-09-03 01:33:12,20150903,2015-09-03 01:37:01,20150903,2015-09-03 01:39:05,20150903,34871601655553,97534845395728,backfill,300.0,124.0,512.0,432.0,8192.0,6912.0,MIR-40440-73771-512,0,200,0,229,0,241.92,286.72,0.0,282.1688,0.0,0.0,282.1688,MIR-40440-73771-512,0,script,-1,complete,Not capability,0% <= x < 16.7%,0% <= x < 16.7%,0,0,0,1,1,1,0,0,0,0,0,0,0,1,0,0,0.0,0
586237.mira,586237,mira,2015-09-03 01:33:07,20150903,2015-09-03 01:37:29,20150903,2015-09-03 01:40:44,20150903,34871601655553,97534845395728,backfill,300.0,195.0,512.0,432.0,8192.0,6912.0,MIR-04080-373B1-512,0,233,0,263,0,374.4,443.7333,0.0,443.7333,0.0,0.0,443.7333,MIR-04080-373B1-512,0,script,-1,complete,Not capability,0% <= x < 16.7%,0% <= x < 16.7%,0,0,0,1,1,1,0,0,0,0,0,0,0,1,0,0,0.0,0
586238.mira,586238,mira,2015-09-03 01:33:10,20150903,2015-09-03 01:38:01,20150903,2015-09-03 01:40:56,20150903,34871601655553,97534845395728,backfill,300.0,175.0,512.0,432.0,8192.0,6912.0,MIR-008C0-33BF1-512,0,262,0,291,0,336.0,398.2222,0.0,398.2222,0.0,0.0,398.2222,MIR-008C0-33BF1-512,0,script,-1,complete,Not capability,0% <= x < 16.7%,0% <= x < 16.7%,0,0,0,1,1,1,0,0,0,0,0,0,0,1,0,0,0.0,0
586214.mira,586214,mira,2015-09-03 01:11:31,20150903,2015-09-03 01:38:30,20150903,2015-09-03 01:42:41,20150903,34871601655553,97534845395728,backfill,300.0,251.0,512.0,432.0,8192.0,6912.0,MIR-40040-73371-512,0,1463,4,1620,5,480.0,568.8889,0.0,571.1644,0.0,0.0,571.1644,MIR-40040-73371-512,0,script,-1,complete,Not capability,0% <= x < 16.7%,0% <= x < 16.7%,0,0,0,1,1,1,0,0,0,0,0,0,0,1,0,0,0.0,0
586244.mira,586244,mira,2015-09-03 01:38:33,20150903,2015-09-03 01:39:26,20150903,2015-09-03 01:42:26,20150903,34871601655553,97534845395728,backfill,300.0,180.0,512.0,432.0,8192.0,6912.0,MIR-404C0-737F1-512,0,19,0,52,0,349.44,414.1511,0.0,409.6,0.0,0.0,409.6,MIR-404C0-737F1-512,0,script,-1,complete,Not capability,0% <= x < 16.7%,0% <= x < 16.7%,0,0,0,1,1,1,0,0,0,0,0,0,0,1,0,0,0.0,0
586246.mira,586246,mira,2015-09-03 01:38:37,20150903,2015-09-03 01:39:56,20150903,2015-09-03 01:43:32,20150903,34871601655553,97534845395728,backfill,300.0,216.0,512.0,432.0,8192.0,6912.0,MIR-00840-33B71-512,0,50,0,79,0,412.8,489.2444,0.0,491.52,0.0,0.0,491.52,MIR-00840-33B71-512,0,script,-1,complete,Not capability,0% <= x < 16.7%,0% <= x < 16.7%,0,0,0,1,1,1,0,0,0,0,0,0,0,1,0,0,0.0,0
586248.mira,586248,mira,2015-09-03 01:38:51,20150903,2015-09-03 01:40:52,20150903,2015-09-03 01:44:44,20150903,34871601655553,97534845395728,backfill,300.0,232.0,512.0,432.0,8192.0,6912.0,MIR-40440-73771-512,0,77,0,121,0,443.52,525.6533,0.0,527.9288,0.0,0.0,527.9288,MIR-40440-73771-512,0,script,-1,complete,Not capability,0% <= x < 16.7%,0% <= x < 16.7%,0,0,0,1,1,1,0,0,0,0,0,0,0,1,0,0,0.0,0
586247.mira,586247,mira,2015-09-03 01:38:40,20150903,2015-09-03 01:41:21,20150903,2015-09-03 01:45:38,20150903,34871601655553,97534845395728,backfill,300.0,257.0,512.0,432.0,8192.0,6912.0,MIR-008C0-33BF1-512,0,106,0,161,0,493.44,584.8178,0.0,584.8177,0.0,0.0,584.8177,MIR-008C0-33BF1-512,0,script,-1,complete,Not capability,0% <= x < 16.7%,0% <= x < 16.7%,0,0,0,1,1,1,0,0,0,0,0,0,0,1,0,0,0.0,0
586243.mira,586243,mira,2015-09-03 01:38:31,20150903,2015-09-03 01:42:57,20150903,2015-09-03 01:46:09,20150903,34871601655553,97534845395728,backfill,300.0,192.0,512.0,432.0,8192.0,6912.0,MIR-04080-373B1-512,0,137,0,266,0,366.72,434.6311,0.0,436.9066,0.0,0.0,436.9066,MIR-04080-373B1-512,0,script,-1,complete,Not capability,0% <= x < 16.7%,0% <= x < 16.7%,0,0,0,1,1,1,0,0,0,0,0,0,0,1,0,0,0.0,0
586245.mira,586245,mira,2015-09-03 01:38:35,20150903,2015-09-03 01:43:30,20150903,2015-09-03 01:46:39,20150903,34871601655553,97534845395728,backfill,300.0,189.0,512.0,432.0,8192.0,6912.0,MIR-40040-73371-512,0,168,0,294,0,364.8,432.3556,0.0,430.08,0.0,0.0,430.08,MIR-40040-73371-512,0,script,-1,complete,Not capability,0% <= x < 16.7%,0% <= x < 16.7%,0,0,0,1,1,1,0,0,0,0,0,0,0,1,0,0,0.0,0
585822.mira,585822,mira,2015-09-02 20:09:16,20150902,2015-09-03 01:43:59,20150903,2015-09-03 01:47:06,20150903,34871601655553,97534845395728,backfill,300.0,187.0,512.0,432.0,8192.0,6912.0,MIR-404C0-737F1-512,0,19138,63,20084,66,357.12,423.2533,0.0,425.5288,0.0,0.0,425.5288,MIR-404C0-737F1-512,0,script,-1,complete,Not capability,0% <= x < 16.7%,0% <= x < 16.7%,0,0,0,1,1,1,0,0,0,0,0,0,0,1,0,0,0.0,0
586256.mira,586256,mira,2015-09-03 01:44:07,20150903,2015-09-03 01:44:55,20150903,2015-09-03 01:48:50,20150903,34871601655553,97534845395728,backfill,300.0,235.0,512.0,432.0,8192.0,6912.0,MIR-00800-33B31-512,0,24,0,49,0,451.2,534.7556,0.0,534.7555,0.0,0.0,534.7555,MIR-00800-33B31-512,0,script,-1,complete,Not capability,0% <= x < 16.7%,0% <= x < 16.7%,0,0,0,1,1,1,0,0,0,0,0,0,0,1,0,0,0.0,0
586254.mira,586254,mira,2015-09-03 01:44:03,20150903,2015-09-03 01:45:55,20150903,2015-09-03 01:49:57,20150903,34871601655553,97534845395728,backfill,300.0,242.0,512.0,432.0,8192.0,6912.0,MIR-40440-73771-512,0,55,0,112,0,464.64,550.6844,0.0,550.6844,0.0,0.0,550.6844,MIR-40440-73771-512,0,script,-1,complete,Not capability,0% <= x < 16.7%,0% <= x < 16.7%,0,0,0,1,1,1,0,0,0,0,0,0,0,1,0,0,0.0,0
586255.mira,586255,mira,2015-09-03 01:44:05,20150903,2015-09-03 01:46:26,20150903,2015-09-03 01:50:39,20150903,34871601655553,97534845395728,backfill,300.0,253.0,512.0,432.0,8192.0,6912.0,MIR-008C0-33BF1-512,0,85,0,140,0,485.76,575.7156,0.0,575.7155,0.0,0.0,575.7155,MIR-008C0-33BF1-512,0,script,-1,complete,Not capability,0% <= x < 16.7%,0% <= x < 16.7%,0,0,0,1,1,1,0,0,0,0,0,0,0,1,0,0,0.0,0
586257.mira,586257,mira,2015-09-03 01:44:09,20150903,2015-09-03 01:46:55,20150903,2015-09-03 01:51:02,20150903,34871601655553,97534845395728,backfill,300.0,247.0,512.0,432.0,8192.0,6912.0,MIR-04840-37B71-512,0,114,0,166,0,480.0,568.8889,0.0,562.0622,0.0,0.0,562.0622,MIR-04840-37B71-512,0,script,-1,complete,Not capability,0% <= x < 16.7%,0% <= x < 16.7%,0,0,0,1,1,1,0,0,0,0,0,0,0,1,0,0,0.0,0
586253.mira,586253,mira,2015-09-03 01:44:02,20150903,2015-09-03 01:47:39,20150903,2015-09-03 01:52:22,20150903,34871601655553,97534845395728,backfill,300.0,283.0,512.0,432.0,8192.0,6912.0,MIR-40080-733B1-512,0,158,0,217,0,543.36,643.9822,0.0,643.9822,0.0,0.0,643.9822,MIR-40080-733B1-512,0,script,-1,complete,Not capability,0% <= x < 16.7%,0% <= x < 16.7%,0,0,0,1,1,1,0,0,0,0,0,0,0,1,0,0,0.0,0
586252.mira,586252,mira,2015-09-03 01:44:00,20150903,2015-09-03 01:49:05,20150903,2015-09-03 01:53:15,20150903,34871601655553,97534845395728,backfill,300.0,250.0,512.0,432.0,8192.0,6912.0,MIR-04080-373B1-512,0,185,0,305,1,481.92,571.1644,0.0,568.8888,0.0,0.0,568.8888,MIR-04080-373B1-512,0,script,-1,complete,Not capability,0% <= x < 16.7%,0% <= x < 16.7%,0,0,0,1,1,1,0,0,0,0,0,0,0,1,0,0,0.0,0
586262.mira,586262,mira,2015-09-03 01:49:37,20150903,2015-09-03 01:50:25,20150903,2015-09-03 01:54:21,20150903,34871601655553,97534845395728,backfill,300.0,236.0,512.0,432.0,8192.0,6912.0,MIR-404C0-737F1-512,0,39,0,47,0,453.12,537.0311,0.0,537.0311,0.0,0.0,537.0311,MIR-404C0-737F1-512,0,script,-1,complete,Not capability,0% <= x < 16.7%,0% <= x < 16.7%,0,0,0,1,1,1,0,0,0,0,0,0,0,1,0,0,0.0,0
586259.mira,586259,mira,2015-09-03 01:49:31,20150903,2015-09-03 01:50:53,20150903,2015-09-03 01:55:00,20150903,34871601655553,97534845395728,backfill,300.0,247.0,512.0,432.0,8192.0,6912.0,MIR-40440-73771-512,0,68,0,82,0,476.16,564.3378,0.0,562.0622,0.0,0.0,562.0622,MIR-40440-73771-512,0,script,-1,complete,Not capability,0% <= x < 16.7%,0% <= x < 16.7%,0,0,0,1,1,1,0,0,0,0,0,0,0,1,0,0,0.0,0
586261.mira,586261,mira,2015-09-03 01:49:35,20150903,2015-09-03 01:51:34,20150903,2015-09-03 01:55:26,20150903,34871601655553,97534845395728,backfill,300.0,232.0,512.0,432.0,8192.0,6912.0,MIR-008C0-33BF1-512,0,99,0,119,0,449.28,532.48,0.0,527.9288,0.0,0.0,527.9288,MIR-008C0-33BF1-512,0,script,-1,complete,Not capability,0% <= x < 16.7%,0% <= x < 16.7%,0,0,0,1,1,1,0,0,0,0,0,0,0,1,0,0,0.0,0
586263.mira,586263,mira,2015-09-03 01:49:39,20150903,2015-09-03 01:52:29,20150903,2015-09-03 01:56:15,20150903,34871601655553,97534845395728,backfill,300.0,226.0,512.0,432.0,8192.0,6912.0,MIR-04800-37B31-512,0,125,0,170,0,435.84,516.5511,0.0,514.2755,0.0,0.0,514.2755,MIR-04800-37B31-512,0,script,-1,complete,Not capability,0% <= x < 16.7%,0% <= x < 16.7%,0,0,0,1,1,1,0,0,0,0,0,0,0,1,0,0,0.0,0
586260.mira,586260,mira,2015-09-03 01:49:34,20150903,2015-09-03 01:53:24,20150903,2015-09-03 01:57:11,20150903,34871601655553,97534845395728,backfill,300.0,227.0,512.0,432.0,8192.0,6912.0,MIR-40080-733B1-512,0,147,0,230,0,437.76,518.8267,0.0,516.5511,0.0,0.0,516.5511,MIR-40080-733B1-512,0,script,-1,complete,Not capability,0% <= x < 16.7%,0% <= x < 16.7%,0,0,0,1,1,1,0,0,0,0,0,0,0,1,0,0,0.0,0
586264.mira,586264,mira,2015-09-03 01:49:40,20150903,2015-09-03 01:54:45,20150903,2015-09-03 01:58:58,20150903,34871601655553,97534845395728,backfill,300.0,253.0,512.0,432.0,8192.0,6912.0,MIR-04C80-37FB1-512,0,183,0,304,1,487.68,577.9911,0.0,575.7155,0.0,0.0,575.7155,MIR-04C80-37FB1-512,0,script,-1,complete,Not capability,0% <= x < 16.7%,0% <= x < 16.7%,0,0,0,1,1,1,0,0,0,0,0,0,0,1,0,0,0.0,0
586272.mira,586272,mira,2015-09-03 01:54:50,20150903,2015-09-03 01:55:16,20150903,2015-09-03 01:59:36,20150903,34871601655553,97534845395728,backfill,300.0,260.0,512.0,432.0,8192.0,6912.0,MIR-04080-373B1-512,0,27,0,27,0,497.28,589.3689,0.0,591.6444,0.0,0.0,591.6444,MIR-04080-373B1-512,0,script,-1,complete,Not capability,0% <= x < 16.7%,0% <= x < 16.7%,0,0,0,1,1,1,0,0,0,0,0,0,0,1,0,0,0.0,0
586273.mira,586273,mira,2015-09-03 01:54:52,20150903,2015-09-03 01:55:51,20150903,2015-09-03 01:59:11,20150903,34871601655553,97534845395728,backfill,300.0,200.0,512.0,432.0,8192.0,6912.0,MIR-40800-73B31-512,0,48,0,59,0,385.92,457.3867,0.0,455.1111,0.0,0.0,455.1111,MIR-40800-73B31-512,0,script,-1,complete,Not capability,0% <= x < 16.7%,0% <= x < 16.7%,0,0,0,1,1,1,0,0,0,0,0,0,0,1,0,0,0.0,0
586274.mira,586274,mira,2015-09-03 01:54:53,20150903,2015-09-03 01:56:16,20150903,2015-09-03 02:00:38,20150903,34871601655553,97534845395728,backfill,300.0,262.0,512.0,432.0,8192.0,6912.0,MIR-40000-73331-512,0,69,0,82,0,506.88,600.7467,0.0,596.1955,0.0,0.0,596.1955,MIR-40000-73331-512,0,script,-1,complete,Not capability,0% <= x < 16.7%,0% <= x < 16.7%,0,0,0,1,1,1,0,0,0,0,0,0,0,1,0,0,0.0,0
586276.mira,586276,mira,2015-09-03 01:54:57,20150903,2015-09-03 01:57:44,20150903,2015-09-03 02:01:53,20150903,34871601655553,97534845395728,backfill,300.0,249.0,512.0,432.0,8192.0,6912.0,MIR-008C0-33BF1-512,0,112,0,167,0,480.0,568.8889,0.0,566.6133,0.0,0.0,566.6133,MIR-008C0-33BF1-512,0,script,-1,complete,Not capability,0% <= x < 16.7%,0% <= x < 16.7%,0,0,0,1,1,1,0,0,0,0,0,0,0,1,0,0,0.0,0
586275.mira,586275,mira,2015-09-03 01:54:55,20150903,2015-09-03 01:59:06,20150903,2015-09-03 02:02:44,20150903,34871601655553,97534845395728,backfill,300.0,218.0,512.0,432.0,8192.0,6912.0,MIR-40080-733B1-512,0,140,0,252,0,416.64,493.7956,0.0,496.0711,0.0,0.0,496.0711,MIR-40080-733B1-512,0,script,-1,complete,Not capability,0% <= x < 16.7%,0% <= x < 16.7%,0,0,0,1,1,1,0,0,0,0,0,0,0,1,0,0,0.0,0
586271.mira,586271,mira,2015-09-03 01:54:46,20150903,2015-09-03 01:59:41,20150903,2015-09-03 02:04:12,20150903,34871601655553,97534845395728,backfill,300.0,271.0,512.0,432.0,8192.0,6912.0,MIR-04C80-37FB1-512,0,182,0,296,0,520.32,616.6756,0.0,616.6755,0.0,0.0,616.6755,MIR-04C80-37FB1-512,0,script,-1,complete,Not capability,0% <= x < 16.7%,0% <= x < 16.7%,0,0,0,1,1,1,0,0,0,0,0,0,0,1,0,0,0.0,0
586258.mira,586258,mira,2015-09-03 01:44:18,20150903,2015-09-03 02:00:10,20150903,2015-09-03 02:03:58,20150903,34871601655553,97534845395728,backfill,300.0,228.0,512.0,432.0,8192.0,6912.0,MIR-40800-73B31-512,0,583,1,952,3,435.84,516.5511,0.0,518.8266,0.0,0.0,518.8266,MIR-40800-73B31-512,0,script,-1,complete,Not capability,0% <= x < 16.7%,0% <= x < 16.7%,0,0,0,1,1,1,0,0,0,0,0,0,0,1,0,0,0.0,0
586294.mira,586294,mira,2015-09-03 02:00:21,20150903,2015-09-03 02:01:08,20150903,2015-09-03 02:04:25,20150903,34871601655553,97534845395728,backfill,300.0,197.0,512.0,432.0,8192.0,6912.0,MIR-04080-373B1-512,0,28,0,46,0,378.24,448.2844,0.0,448.2844,0.0,0.0,448.2844,MIR-04080-373B1-512,0,script,-1,complete,Not capability,0% <= x < 16.7%,0% <= x < 16.7%,0,0,0,1,1,1,0,0,0,0,0,0,0,1,0,0,0.0,0
586292.mira,586292,mira,2015-09-03 02:00:18,20150903,2015-09-03 02:01:58,20150903,2015-09-03 02:05:01,20150903,34871601655553,97534845395728,backfill,300.0,183.0,512.0,432.0,8192.0,6912.0,MIR-008C0-33BF1-512,0,47,0,99,0,353.28,418.7022,0.0,416.4266,0.0,0.0,416.4266,MIR-008C0-33BF1-512,0,script,-1,complete,Not capability,0% <= x < 16.7%,0% <= x < 16.7%,0,0,0,1,1,1,0,0,0,0,0,0,0,1,0,0,0.0,0
586289.mira,586289,mira,2015-09-03 02:00:13,20150903,2015-09-03 02:03:04,20150903,2015-09-03 02:07:02,20150903,34871601655553,97534845395728,backfill,300.0,238.0,512.0,432.0,8192.0,6912.0,MIR-00840-33B71-512,0,83,0,172,0,456.96,541.5822,0.0,541.5822,0.0,0.0,541.5822,MIR-00840-33B71-512,0,script,-1,complete,Not capability,0% <= x < 16.7%,0% <= x < 16.7%,0,0,0,1,1,1,0,0,0,0,0,0,0,1,0,0,0.0,0
586291.mira,586291,mira,2015-09-03 02:00:16,20150903,2015-09-03 02:04:23,20150903,2015-09-03 02:08:24,20150903,34871601655553,97534845395728,backfill,300.0,241.0,512.0,432.0,8192.0,6912.0,MIR-40080-733B1-512,0,120,0,247,0,460.8,546.1333,0.0,548.4088,0.0,0.0,548.4088,MIR-40080-733B1-512,0,script,-1,complete,Not capability,0% <= x < 16.7%,0% <= x < 16.7%,0,0,0,1,1,1,0,0,0,0,0,0,0,1,0,0,0.0,0
586293.mira,586293,mira,2015-09-03 02:00:20,20150903,2015-09-03 02:04:53,20150903,2015-09-03 02:08:35,20150903,34871601655553,97534845395728,backfill,300.0,222.0,512.0,432.0,8192.0,6912.0,MIR-40800-73B31-512,0,148,0,273,0,428.16,507.4489,0.0,505.1733,0.0,0.0,505.1733,MIR-40800-73B31-512,0,script,-1,complete,Not capability,0% <= x < 16.7%,0% <= x < 16.7%,0,0,0,1,1,1,0,0,0,0,0,0,0,1,0,0,0.0,0
586288.mira,586288,mira,2015-09-03 02:00:07,20150903,2015-09-03 02:05:22,20150903,2015-09-03 02:09:17,20150903,34871601655553,97534845395728,backfill,300.0,235.0,512.0,432.0,8192.0,6912.0,MIR-04080-373B1-512,0,185,0,314,1,453.12,537.0311,0.0,534.7555,0.0,0.0,534.7555,MIR-04080-373B1-512,0,script,-1,complete,Not capability,0% <= x < 16.7%,0% <= x < 16.7%,0,0,0,1,1,1,0,0,0,0,0,0,0,1,0,0,0.0,0
586307.mira,586307,mira,2015-09-03 02:05:24,20150903,2015-09-03 02:05:49,20150903,2015-09-03 02:09:18,20150903,34871601655553,97534845395728,backfill,300.0,209.0,512.0,432.0,8192.0,6912.0,MIR-008C0-33BF1-512,0,24,0,24,0,401.28,475.5911,0.0,475.5911,0.0,0.0,475.5911,MIR-008C0-33BF1-512,0,script,-1,complete,Not capability,0% <= x < 16.7%,0% <= x < 16.7%,0,0,0,1,1,1,0,0,0,0,0,0,0,1,0,0,0.0,0
586315.mira,586315,mira,2015-09-03 02:05:50,20150903,2015-09-03 02:07:14,20150903,2015-09-03 02:10:34,20150903,34871601655553,97534845395728,backfill,300.0,200.0,512.0,432.0,8192.0,6912.0,MIR-04C80-37FB1-512,0,26,0,85,0,382.08,452.8356,0.0,455.1111,0.0,0.0,455.1111,MIR-04C80-37FB1-512,0,script,-1,complete,Not capability,0% <= x < 16.7%,0% <= x < 16.7%,0,0,0,1,1,1,0,0,0,0,0,0,0,1,0,0,0.0,0
586312.mira,586312,mira,2015-09-03 02:05:31,20150903,2015-09-03 02:08:37,20150903,2015-09-03 02:11:47,20150903,34871601655553,97534845395728,backfill,300.0,190.0,512.0,432.0,8192.0,6912.0,MIR-04440-37771-512,0,71,0,186,0,366.72,434.6311,0.0,432.3555,0.0,0.0,432.3555,MIR-04440-37771-512,0,script,-1,complete,Not capability,0% <= x < 16.7%,0% <= x < 16.7%,0,0,0,1,1,1,0,0,0,0,0,0,0,1,0,0,0.0,0
586311.mira,586311,mira,2015-09-03 02:05:29,20150903,2015-09-03 02:09:07,20150903,2015-09-03 02:13:02,20150903,34871601655553,97534845395728,backfill,300.0,235.0,512.0,432.0,8192.0,6912.0,MIR-40080-733B1-512,0,103,0,218,0,449.28,532.48,0.0,534.7555,0.0,0.0,534.7555,MIR-40080-733B1-512,0,script,-1,complete,Not capability,0% <= x < 16.7%,0% <= x < 16.7%,0,0,0,1,1,1,0,0,0,0,0,0,0,1,0,0,0.0,0
586308.mira,586308,mira,2015-09-03 02:05:26,20150903,2015-09-03 02:09:38,20150903,2015-09-03 02:13:27,20150903,34871601655553,97534845395728,backfill,300.0,229.0,512.0,432.0,8192.0,6912.0,MIR-04080-373B1-512,0,138,0,252,0,439.68,521.1022,0.0,521.1022,0.0,0.0,521.1022,MIR-04080-373B1-512,0,script,-1,complete,Not capability,0% <= x < 16.7%,0% <= x < 16.7%,0,0,0,1,1,1,0,0,0,0,0,0,0,1,0,0,0.0,0
586309.mira,586309,mira,2015-09-03 02:05:28,20150903,2015-09-03 02:09:58,20150903,2015-09-03 02:13:48,20150903,34871601655553,97534845395728,backfill,300.0,230.0,512.0,432.0,8192.0,6912.0,MIR-008C0-33BF1-512,0,157,0,271,0,443.52,525.6533,0.0,523.3777,0.0,0.0,523.3777,MIR-008C0-33BF1-512,0,script,-1,complete,Not capability,0% <= x < 16.7%,0% <= x < 16.7%,0,0,0,1,1,1,0,0,0,0,0,0,0,1,0,0,0.0,0
586314.mira,586314,mira,2015-09-03 02:05:33,20150903,2015-09-03 02:10:49,20150903,2015-09-03 02:14:50,20150903,34871601655553,97534845395728,backfill,300.0,241.0,512.0,432.0,8192.0,6912.0,MIR-40800-73B31-512,0,179,0,316,1,462.72,548.4089,0.0,548.4088,0.0,0.0,548.4088,MIR-40800-73B31-512,0,script,-1,complete,Not capability,0% <= x < 16.7%,0% <= x < 16.7%,0,0,0,1,1,1,0,0,0,0,0,0,0,1,0,0,0.0,0
586323.mira,586323,mira,2015-09-03 02:10:57,20150903,2015-09-03 02:12:18,20150903,2015-09-03 02:15:31,20150903,34871601655553,97534845395728,backfill,300.0,193.0,512.0,432.0,8192.0,6912.0,MIR-04CC0-37FF1-512,0,43,0,80,0,372.48,441.4578,0.0,439.1822,0.0,0.0,439.1822,MIR-04CC0-37FF1-512,0,script,-1,complete,Not capability,0% <= x < 16.7%,0% <= x < 16.7%,0,0,0,1,1,1,0,0,0,0,0,0,0,1,0,0,0.0,0
586320.mira,586320,mira,2015-09-03 02:10:52,20150903,2015-09-03 02:13:15,20150903,2015-09-03 02:16:59,20150903,34871601655553,97534845395728,backfill,300.0,224.0,512.0,432.0,8192.0,6912.0,MIR-00800-33B31-512,0,71,0,142,0,432.0,512.0,0.0,509.7244,0.0,0.0,509.7244,MIR-00800-33B31-512,0,script,-1,complete,Not capability,0% <= x < 16.7%,0% <= x < 16.7%,0,0,0,1,1,1,0,0,0,0,0,0,0,1,0,0,0.0,0
586322.mira,586322,mira,2015-09-03 02:10:56,20150903,2015-09-03 02:13:46,20150903,2015-09-03 02:16:23,20150903,34871601655553,97534845395728,backfill,300.0,157.0,512.0,432.0,8192.0,6912.0,MIR-40080-733B1-512,0,103,0,171,0,299.52,354.9867,0.0,357.2622,0.0,0.0,357.2622,MIR-40080-733B1-512,0,script,-1,complete,Not capability,0% <= x < 16.7%,0% <= x < 16.7%,0,0,0,1,1,1,0,0,0,0,0,0,0,1,0,0,0.0,0
586324.mira,586324,mira,2015-09-03 02:11:00,20150903,2015-09-03 02:14:19,20150903,2015-09-03 02:17:47,20150903,34871601655553,97534845395728,backfill,300.0,208.0,512.0,432.0,8192.0,6912.0,MIR-04080-373B1-512,0,133,0,199,0,397.44,471.04,0.0,473.3155,0.0,0.0,473.3155,MIR-04080-373B1-512,0,script,-1,complete,Not capability,0% <= x < 16.7%,0% <= x < 16.7%,0,0,0,1,1,1,0,0,0,0,0,0,0,1,0,0,0.0,0
586325.mira,586325,mira,2015-09-03 02:11:02,20150903,2015-09-03 02:15:21,20150903,2015-09-03 02:18:55,20150903,34871601655553,97534845395728,backfill,300.0,214.0,512.0,432.0,8192.0,6912.0,MIR-008C0-33BF1-512,0,164,0,260,0,408.96,484.6933,0.0,486.9688,0.0,0.0,486.9688,MIR-008C0-33BF1-512,0,script,-1,complete,Not capability,0% <= x < 16.7%,0% <= x < 16.7%,0,0,0,1,1,1,0,0,0,0,0,0,0,1,0,0,0.0,0
586321.mira,586321,mira,2015-09-03 02:10:54,20150903,2015-09-03 02:15:53,20150903,2015-09-03 02:19:56,20150903,34871601655553,97534845395728,backfill,300.0,243.0,512.0,432.0,8192.0,6912.0,MIR-40800-73B31-512,0,196,0,299,0,464.64,550.6844,0.0,552.96,0.0,0.0,552.96,MIR-40800-73B31-512,0,script,-1,complete,Not capability,0% <= x < 16.7%,0% <= x < 16.7%,0,0,0,1,1,1,0,0,0,0,0,0,0,1,0,0,0.0,0
583966.mira,583966,mira,2015-09-01 20:09:33,20150901,2015-09-03 02:16:26,20150903,2015-09-03 08:17:15,20150903,18521055867206,96053935958097,prod-short,21600.0,21649.0,1024.0,1024.0,16384.0,16384.0,MIR-40000-73371-1-1024,143,98120,4,108413,5,98531.5556,98531.5556,0.0,98527.0044,0.0,0.0,98527.0044,MIR-40000-73371-1-1024,143,script,-1,complete,Not capability,0% <= x < 16.7%,0% <= x < 16.7%,0,0,0,1,1,1,0,0,0,0,0,0,0,1,0,0,0.0,0
583968.mira,583968,mira,2015-09-01 20:13:14,20150901,2015-09-03 02:17:02,20150903,2015-09-03 08:18:10,20150903,18521055867206,96053935958097,prod-short,21600.0,21668.0,1024.0,1024.0,16384.0,16384.0,MIR-04C80-37FF1-1-1024,143,97935,4,108229,5,98608.9244,98608.9244,0.0,98613.4755,0.0,0.0,98613.4755,MIR-04C80-37FF1-1-1024,143,script,-1,complete,Not capability,0% <= x < 16.7%,0% <= x < 16.7%,0,0,0,1,1,1,0,0,0,0,0,0,0,1,0,0,0.0,0
585225.mira,585225,mira,2015-09-02 11:10:05,20150902,2015-09-03 02:17:33,20150903,2015-09-03 07:53:13,20150903,22495244966119,55265355648130,prod-short,21600.0,20140.0,2048.0,2048.0,32768.0,32768.0,MIR-04400-377F1-2048,0,51224,2,54448,2,183318.7556,183318.7556,0.0,183318.7555,0.0,0.0,183318.7555,MIR-04400-377F1-2048,0,c16,-1,complete,Not capability,0% <= x < 16.7%,0% <= x < 16.7%,0,0,0,1,1,1,0,0,0,0,0,0,0,1,0,0,0.0,0
583925.mira,583925,mira,2015-09-01 19:48:29,20150901,2015-09-03 02:18:03,20150903,2015-09-04 02:18:50,20150904,33512302177731,34258858083867,prod-capability,86400.0,79562.89329593476,8192.0,8192.0,131072.0,131072.0,MIR-48000-7BFF1-8192,0,109774,1,109774,1,3147439.2178,3147439.2178,3147439.2177,0.0,0.0,3147439.2177,0.0,MIR-48000-7BFF1-8192,0,script,-1,complete,Capability,16.7% <= x < 33.3%,16.7% <= x < 33.3%,0,0,8,0,8,0,0,1,0,0,1,0,0,0,0,0,0.0,0
586140.mira,586140,mira,2015-09-03 00:08:58,20150903,2015-09-03 02:18:33,20150903,2015-09-03 03:48:33,20150903,50394197576862,38970600412679,prod-short,5340.0,5400.0,4096.0,4096.0,65536.0,65536.0,MIR-04800-77BF1-4096,143,7774,1,7774,1,98304.0,98304.0,0.0,98304.0,0.0,0.0,98304.0,MIR-04800-77BF1-4096,143,script,-1,complete,Not capability,0% <= x < 16.7%,0% <= x < 16.7%,0,11,0,0,11,0,1,0,0,0,0,0,1,0,0,0,0.0,0
585832.mira,585832,mira,2015-09-02 20:13:19,20150902,2015-09-03 02:19:26,20150903,2015-09-03 06:20:24,20150903,51865054970544,46849823299259,prod-short,14400.0,14458.0,1024.0,1024.0,16384.0,16384.0,MIR-44400-77771-1-1024,143,21967,1,21967,1,65795.4133,65795.4133,0.0,65799.9644,0.0,0.0,65799.9644,MIR-44400-77771-1-1024,143,c16,-1,complete,Not capability,0% <= x < 16.7%,0% <= x < 16.7%,0,0,0,1,1,1,0,0,0,0,0,0,0,1,0,0,0.0,0
585839.mira,585839,mira,2015-09-02 20:15:07,20150902,2015-09-03 02:19:58,20150903,2015-09-03 06:20:50,20150903,51865054970544,46849823299259,prod-short,14400.0,14452.0,1024.0,1024.0,16384.0,16384.0,MIR-44080-773F1-1-1024,143,21890,1,21890,1,65772.6578,65772.6578,0.0,65772.6577,0.0,0.0,65772.6577,MIR-44080-773F1-1-1024,143,c16,-1,complete,Not capability,0% <= x < 16.7%,0% <= x < 16.7%,0,0,0,1,1,1,0,0,0,0,0,0,0,1,0,0,0.0,0
585842.mira,585842,mira,2015-09-02 20:16:07,20150902,2015-09-03 02:20:26,20150903,2015-09-03 06:21:17,20150903,51865054970544,46849823299259,prod-short,14400.0,14451.0,1024.0,1024.0,16384.0,16384.0,MIR-44000-77371-1-1024,143,21858,1,21858,1,65772.6578,65772.6578,0.0,65768.1066,0.0,0.0,65768.1066,MIR-44000-77371-1-1024,143,c16,-1,complete,Not capability,0% <= x < 16.7%,0% <= x < 16.7%,0,0,0,1,1,1,0,0,0,0,0,0,0,1,0,0,0.0,0
583929.mira,583929,mira,2015-09-01 19:49:14,20150901,2015-09-03 02:20:55,20150903,2015-09-03 08:02:18,20150903,97344970981285,76440159825813,prod-short,21600.0,19585.330618009662,2048.0,2048.0,32768.0,32768.0,MIR-44C00-77FF1-2048,0,20534,0,109900,5,186449.92,186449.92,0.0,186440.8177,0.0,0.0,186440.8177,MIR-44C00-77FF1-2048,0,script,-1,complete,Not capability,0% <= x < 16.7%,0% <= x < 16.7%,0,0,2,0,2,0,0,1,0,0,1,0,0,0,0,0,0.0,0
585443.mira,585443,mira,2015-09-02 14:17:24,20150902,2015-09-03 02:21:19,20150903,2015-09-03 05:22:23,20150903,42927010610200,93975424484338,prod-short,10800.0,10864.0,512.0,128.0,8192.0,2048.0,MIR-04080-373B1-512,143,43435,4,43435,4,6180.9778,24723.9111,0.0,24721.6355,0.0,0.0,24721.6355,MIR-04080-373B1-512,143,c2,-1,complete,Not capability,0% <= x < 16.7%,0% <= x < 16.7%,0,0,0,1,1,1,0,0,0,0,0,0,0,1,0,0,0.0,0
583003.mira,583003,mira,2015-09-01 04:36:28,20150901,2015-09-03 02:21:49,20150903,2015-09-03 05:17:21,20150903,96189774897037,73414259670960,prod-short,10800.0,10532.0,512.0,512.0,8192.0,8192.0,MIR-444C0-777F1-512,0,9232,0,164721,15,23966.1511,23966.1511,0.0,23966.1511,0.0,0.0,23966.1511,MIR-444C0-777F1-512,0,script,-1,complete,Not capability,0% <= x < 16.7%,0% <= x < 16.7%,8,0,0,0,8,0,0,0,1,1,0,0,0,0,0,0,0.0,0
586092.mira,586092,mira,2015-09-02 23:29:30,20150902,2015-09-03 02:22:15,20150903,2015-09-03 06:23:30,20150903,47972554363297,57356241325548,prod-short,14400.0,14475.0,512.0,512.0,8192.0,8192.0,MIR-40400-73731-512,143,3846,0,10366,0,32936.3911,32936.3911,0.0,32938.6666,0.0,0.0,32938.6666,MIR-40400-73731-512,143,script,-1,complete,Not capability,0% <= x < 16.7%,0% <= x < 16.7%,8,0,0,0,8,0,0,0,1,1,0,0,0,0,0,0,0.0,0
585566.mira,585566,mira,2015-09-02 16:32:31,20150902,2015-09-03 02:22:38,20150903,2015-09-03 04:12:46,20150903,19538777423807,64663463907625,prod-short,7200.0,6608.0,512.0,512.0,8192.0,8192.0,MIR-40440-73771-512,0,3847,0,35407,4,15036.8711,15036.8711,0.0,15036.8711,0.0,0.0,15036.8711,MIR-40440-73771-512,0,c8,-1,complete,Not capability,0% <= x < 16.7%,0% <= x < 16.7%,0,0,0,1,1,1,0,0,0,0,0,0,0,1,0,0,0.0,0
584431.mira,584431,mira,2015-09-02 04:43:48,20150902,2015-09-03 02:23:05,20150903,2015-09-03 05:19:11,20150903,96189774897037,73414259670960,prod-short,10800.0,10566.0,512.0,512.0,8192.0,8192.0,MIR-40480-737B1-512,0,1026,0,77956,7,24045.7956,24045.7956,0.0,24043.52,0.0,0.0,24043.52,MIR-40480-737B1-512,0,script,-1,complete,Not capability,0% <= x < 16.7%,0% <= x < 16.7%,8,0,0,0,8,0,0,0,1,1,0,0,0,0,0,0,0.0,0
586349.mira,586349,mira,2015-09-03 02:21:51,20150903,2015-09-03 02:23:32,20150903,2015-09-03 02:26:49,20150903,34871601655553,97534845395728,backfill,300.0,197.0,512.0,432.0,8192.0,6912.0,MIR-40080-733B1-512,0,102,0,102,0,376.32,446.0089,0.0,448.2844,0.0,0.0,448.2844,MIR-40080-733B1-512,0,script,-1,complete,Not capability,0% <= x < 16.7%,0% <= x < 16.7%,0,0,0,1,1,1,0,0,0,0,0,0,0,1,0,0,0.0,0
586351.mira,586351,mira,2015-09-03 02:21:54,20150903,2015-09-03 02:24:03,20150903,2015-09-03 02:26:49,20150903,34871601655553,97534845395728,backfill,300.0,166.0,512.0,432.0,8192.0,6912.0,MIR-40800-73B31-512,0,128,0,128,0,320.64,380.0178,0.0,377.7422,0.0,0.0,377.7422,MIR-40800-73B31-512,0,script,-1,complete,Not capability,0% <= x < 16.7%,0% <= x < 16.7%,0,0,0,1,1,1,0,0,0,0,0,0,0,1,0,0,0.0,0
586350.mira,586350,mira,2015-09-03 02:21:52,20150903,2015-09-03 02:24:32,20150903,2015-09-03 02:27:24,20150903,34871601655553,97534845395728,backfill,300.0,172.0,512.0,432.0,8192.0,6912.0,MIR-404C0-737F1-512,0,160,0,160,0,328.32,389.12,0.0,391.3955,0.0,0.0,391.3955,MIR-404C0-737F1-512,0,script,-1,complete,Not capability,0% <= x < 16.7%,0% <= x < 16.7%,0,0,0,1,1,1,0,0,0,0,0,0,0,1,0,0,0.0,0
586348.mira,586348,mira,2015-09-03 02:21:47,20150903,2015-09-03 02:25:02,20150903,2015-09-03 02:28:41,20150903,34871601655553,97534845395728,backfill,300.0,219.0,512.0,432.0,8192.0,6912.0,MIR-008C0-33BF1-512,0,194,0,194,0,420.48,498.3467,0.0,498.3466,0.0,0.0,498.3466,MIR-008C0-33BF1-512,0,script,-1,complete,Not capability,0% <= x < 16.7%,0% <= x < 16.7%,0,0,0,1,1,1,0,0,0,0,0,0,0,1,0,0,0.0,0
586339.mira,586339,mira,2015-09-03 02:16:28,20150903,2015-09-03 02:25:34,20150903,2015-09-03 02:29:26,20150903,34871601655553,97534845395728,backfill,300.0,232.0,512.0,432.0,8192.0,6912.0,MIR-00840-33B71-512,0,546,1,546,1,445.44,527.9289,0.0,527.9288,0.0,0.0,527.9288,MIR-00840-33B71-512,0,script,-1,complete,Not capability,0% <= x < 16.7%,0% <= x < 16.7%,0,0,0,1,1,1,0,0,0,0,0,0,0,1,0,0,0.0,0
586358.mira,586358,mira,2015-09-03 02:26:57,20150903,2015-09-03 02:27:19,20150903,2015-09-03 02:31:01,20150903,34871601655553,97534845395728,backfill,300.0,222.0,512.0,432.0,8192.0,6912.0,MIR-40C80-73FB1-512,0,22,0,22,0,428.16,507.4489,0.0,505.1733,0.0,0.0,505.1733,MIR-40C80-73FB1-512,0,script,-1,complete,Not capability,0% <= x < 16.7%,0% <= x < 16.7%,0,0,0,1,1,1,0,0,0,0,0,0,0,1,0,0,0.0,0
586359.mira,586359,mira,2015-09-03 02:26:58,20150903,2015-09-03 02:27:49,20150903,2015-09-03 02:31:14,20150903,34871601655553,97534845395728,backfill,300.0,205.0,512.0,432.0,8192.0,6912.0,MIR-40800-73B31-512,0,51,0,51,0,393.6,466.4889,0.0,466.4888,0.0,0.0,466.4888,MIR-40800-73B31-512,0,script,-1,complete,Not capability,0% <= x < 16.7%,0% <= x < 16.7%,0,0,0,1,1,1,0,0,0,0,0,0,0,1,0,0,0.0,0
586340.mira,586340,mira,2015-09-03 02:16:30,20150903,2015-09-03 02:28:16,20150903,2015-09-03 02:31:28,20150903,34871601655553,97534845395728,backfill,300.0,192.0,512.0,432.0,8192.0,6912.0,MIR-40080-733B1-512,0,645,2,707,2,366.72,434.6311,0.0,436.9066,0.0,0.0,436.9066,MIR-40080-733B1-512,0,script,-1,complete,Not capability,0% <= x < 16.7%,0% <= x < 16.7%,0,0,0,1,1,1,0,0,0,0,0,0,0,1,0,0,0.0,0
586338.mira,586338,mira,2015-09-03 02:16:23,20150903,2015-09-03 02:28:41,20150903,2015-09-03 02:31:53,20150903,34871601655553,97534845395728,backfill,300.0,192.0,512.0,432.0,8192.0,6912.0,MIR-404C0-737F1-512,0,673,2,739,2,366.72,434.6311,0.0,436.9066,0.0,0.0,436.9066,MIR-404C0-737F1-512,0,script,-1,complete,Not capability,0% <= x < 16.7%,0% <= x < 16.7%,0,0,0,1,1,1,0,0,0,0,0,0,0,1,0,0,0.0,0
586336.mira,586336,mira,2015-09-03 02:16:08,20150903,2015-09-03 02:29:39,20150903,2015-09-03 02:33:49,20150903,34871601655553,97534845395728,backfill,300.0,250.0,512.0,432.0,8192.0,6912.0,MIR-008C0-33BF1-512,0,712,2,810,2,481.92,571.1644,0.0,568.8888,0.0,0.0,568.8888,MIR-008C0-33BF1-512,0,script,-1,complete,Not capability,0% <= x < 16.7%,0% <= x < 16.7%,0,0,0,1,1,1,0,0,0,0,0,0,0,1,0,0,0.0,0
586337.mira,586337,mira,2015-09-03 02:16:10,20150903,2015-09-03 02:31:26,20150903,2015-09-03 02:34:44,20150903,34871601655553,97534845395728,backfill,300.0,198.0,512.0,432.0,8192.0,6912.0,MIR-00800-33B31-512,0,748,2,915,3,380.16,450.56,0.0,450.56,0.0,0.0,450.56,MIR-00800-33B31-512,0,script,-1,complete,Not capability,0% <= x < 16.7%,0% <= x < 16.7%,0,0,0,1,1,1,0,0,0,0,0,0,0,1,0,0,0.0,0
586334.mira,586334,mira,2015-09-03 02:16:04,20150903,2015-09-03 02:31:55,20150903,2015-09-03 02:34:25,20150903,34871601655553,97534845395728,backfill,300.0,150.0,512.0,432.0,8192.0,6912.0,MIR-40800-73B31-512,0,785,2,950,3,289.92,343.6089,0.0,341.3333,0.0,0.0,341.3333,MIR-40800-73B31-512,0,script,-1,complete,Not capability,0% <= x < 16.7%,0% <= x < 16.7%,0,0,0,1,1,1,0,0,0,0,0,0,0,1,0,0,0.0,0
586367.mira,586367,mira,2015-09-03 02:32:02,20150903,2015-09-03 02:32:24,20150903,2015-09-03 02:36:05,20150903,34871601655553,97534845395728,backfill,300.0,221.0,512.0,432.0,8192.0,6912.0,MIR-40080-733B1-512,0,21,0,21,0,426.24,505.1733,0.0,502.8977,0.0,0.0,502.8977,MIR-40080-733B1-512,0,script,-1,complete,Not capability,0% <= x < 16.7%,0% <= x < 16.7%,0,0,0,1,1,1,0,0,0,0,0,0,0,1,0,0,0.0,0
586370.mira,586370,mira,2015-09-03 02:32:08,20150903,2015-09-03 02:32:53,20150903,2015-09-03 02:35:25,20150903,34871601655553,97534845395728,backfill,300.0,152.0,512.0,432.0,8192.0,6912.0,MIR-404C0-737F1-512,0,45,0,45,0,291.84,345.8844,0.0,345.8844,0.0,0.0,345.8844,MIR-404C0-737F1-512,0,script,-1,complete,Not capability,0% <= x < 16.7%,0% <= x < 16.7%,0,0,0,1,1,1,0,0,0,0,0,0,0,1,0,0,0.0,0
586095.mira,586095,mira,2015-09-02 23:29:51,20150902,2015-09-03 02:34:15,20150903,2015-09-03 06:35:22,20150903,47972554363297,57356241325548,prod-short,14400.0,14467.0,512.0,512.0,8192.0,8192.0,MIR-040C0-373F1-512,143,4543,0,11065,0,32920.4622,32920.4622,0.0,32920.4622,0.0,0.0,32920.4622,MIR-040C0-373F1-512,143,script,-1,complete,Not capability,0% <= x < 16.7%,0% <= x < 16.7%,8,0,0,0,8,0,0,0,1,1,0,0,0,0,0,0,0.0,0
586371.mira,586371,mira,2015-09-03 02:32:10,20150903,2015-09-03 02:34:44,20150903,2015-09-03 02:37:30,20150903,34871601655553,97534845395728,backfill,300.0,166.0,512.0,432.0,8192.0,6912.0,MIR-008C0-33BF1-512,0,110,0,153,0,318.72,377.7422,0.0,377.7422,0.0,0.0,377.7422,MIR-008C0-33BF1-512,0,script,-1,complete,Not capability,0% <= x < 16.7%,0% <= x < 16.7%,0,0,0,1,1,1,0,0,0,0,0,0,0,1,0,0,0.0,0
586372.mira,586372,mira,2015-09-03 02:32:12,20150903,2015-09-03 02:35:15,20150903,2015-09-03 02:38:15,20150903,34871601655553,97534845395728,backfill,300.0,180.0,512.0,432.0,8192.0,6912.0,MIR-40CC0-73FF1-512,0,140,0,183,0,347.52,411.8756,0.0,409.6,0.0,0.0,409.6,MIR-40CC0-73FF1-512,0,script,-1,complete,Not capability,0% <= x < 16.7%,0% <= x < 16.7%,0,0,0,1,1,1,0,0,0,0,0,0,0,1,0,0,0.0,0
586369.mira,586369,mira,2015-09-03 02:32:07,20150903,2015-09-03 02:35:44,20150903,2015-09-03 02:38:43,20150903,34871601655553,97534845395728,backfill,300.0,179.0,512.0,432.0,8192.0,6912.0,MIR-40800-73B31-512,0,174,0,217,0,345.6,409.6,0.0,407.3244,0.0,0.0,407.3244,MIR-40800-73B31-512,0,script,-1,complete,Not capability,0% <= x < 16.7%,0% <= x < 16.7%,0,0,0,1,1,1,0,0,0,0,0,0,0,1,0,0,0.0,0
586366.mira,586366,mira,2015-09-03 02:32:01,20150903,2015-09-03 02:36:06,20150903,2015-09-03 02:39:12,20150903,34871601655553,97534845395728,backfill,300.0,186.0,512.0,432.0,8192.0,6912.0,MIR-404C0-737F1-512,0,202,0,245,0,360.96,427.8044,0.0,423.2533,0.0,0.0,423.2533,MIR-404C0-737F1-512,0,script,-1,complete,Not capability,0% <= x < 16.7%,0% <= x < 16.7%,0,0,0,1,1,1,0,0,0,0,0,0,0,1,0,0,0.0,0
586368.mira,586368,mira,2015-09-03 02:32:04,20150903,2015-09-03 02:36:35,20150903,2015-09-03 02:39:31,20150903,34871601655553,97534845395728,backfill,300.0,176.0,512.0,432.0,8192.0,6912.0,MIR-40080-733B1-512,0,229,0,272,0,336.0,398.2222,0.0,400.4977,0.0,0.0,400.4977,MIR-40080-733B1-512,0,script,-1,complete,Not capability,0% <= x < 16.7%,0% <= x < 16.7%,0,0,0,1,1,1,0,0,0,0,0,0,0,1,0,0,0.0,0
586380.mira,586380,mira,2015-09-03 02:37:19,20150903,2015-09-03 02:37:34,20150903,2015-09-03 02:40:55,20150903,34871601655553,97534845395728,backfill,300.0,201.0,512.0,432.0,8192.0,6912.0,MIR-00800-33B31-512,0,15,0,15,0,385.92,457.3867,0.0,457.3866,0.0,0.0,457.3866,MIR-00800-33B31-512,0,script,-1,complete,Not capability,0% <= x < 16.7%,0% <= x < 16.7%,0,0,0,1,1,1,0,0,0,0,0,0,0,1,0,0,0.0,0
586381.mira,586381,mira,2015-09-03 02:37:20,20150903,2015-09-03 02:38:31,20150903,2015-09-03 02:41:57,20150903,34871601655553,97534845395728,backfill,300.0,206.0,512.0,432.0,8192.0,6912.0,MIR-008C0-33BF1-512,0,43,0,71,0,393.6,466.4889,0.0,468.7644,0.0,0.0,468.7644,MIR-008C0-33BF1-512,0,script,-1,complete,Not capability,0% <= x < 16.7%,0% <= x < 16.7%,0,0,0,1,1,1,0,0,0,0,0,0,0,1,0,0,0.0,0
586383.mira,586383,mira,2015-09-03 02:37:24,20150903,2015-09-03 02:39:01,20150903,2015-09-03 02:41:23,20150903,34871601655553,97534845395728,backfill,300.0,142.0,512.0,432.0,8192.0,6912.0,MIR-40C40-73F71-512,0,70,0,98,0,274.56,325.4044,0.0,323.1288,0.0,0.0,323.1288,MIR-40C40-73F71-512,0,script,-1,complete,Not capability,0% <= x < 16.7%,0% <= x < 16.7%,0,0,0,1,1,1,0,0,0,0,0,0,0,1,0,0,0.0,0
586382.mira,586382,mira,2015-09-03 02:37:22,20150903,2015-09-03 02:39:30,20150903,2015-09-03 02:42:37,20150903,34871601655553,97534845395728,backfill,300.0,187.0,512.0,432.0,8192.0,6912.0,MIR-40800-73B31-512,0,88,0,127,0,359.04,425.5289,0.0,425.5288,0.0,0.0,425.5288,MIR-40800-73B31-512,0,script,-1,complete,Not capability,0% <= x < 16.7%,0% <= x < 16.7%,0,0,0,1,1,1,0,0,0,0,0,0,0,1,0,0,0.0,0
586379.mira,586379,mira,2015-09-03 02:37:16,20150903,2015-09-03 02:39:50,20150903,2015-09-03 02:42:58,20150903,34871601655553,97534845395728,backfill,300.0,188.0,512.0,432.0,8192.0,6912.0,MIR-40080-733B1-512,0,116,0,155,0,359.04,425.5289,0.0,427.8044,0.0,0.0,427.8044,MIR-40080-733B1-512,0,script,-1,complete,Not capability,0% <= x < 16.7%,0% <= x < 16.7%,0,0,0,1,1,1,0,0,0,0,0,0,0,1,0,0,0.0,0
586335.mira,586335,mira,2015-09-03 02:16:06,20150903,2015-09-03 02:41:14,20150903,2015-09-03 02:44:11,20150903,34871601655553,97534845395728,backfill,300.0,177.0,512.0,432.0,8192.0,6912.0,MIR-404C0-737F1-512,0,1167,3,1508,5,337.92,400.4978,0.0,402.7733,0.0,0.0,402.7733,MIR-404C0-737F1-512,0,script,-1,complete,Not capability,0% <= x < 16.7%,0% <= x < 16.7%,0,0,0,1,1,1,0,0,0,0,0,0,0,1,0,0,0.0,0
586290.mira,586290,mira,2015-09-03 02:00:15,20150903,2015-09-03 02:41:34,20150903,2015-09-03 02:45:46,20150903,34871601655553,97534845395728,backfill,300.0,252.0,512.0,432.0,8192.0,6912.0,MIR-00840-33B71-512,0,1755,5,2480,8,483.84,573.44,0.0,573.44,0.0,0.0,573.44,MIR-00840-33B71-512,0,script,-1,complete,Not capability,0% <= x < 16.7%,0% <= x < 16.7%,0,0,0,1,1,1,0,0,0,0,0,0,0,1,0,0,0.0,0
582690.mira,582690,mira,2015-09-01 01:35:17,20150901,2015-09-03 02:41:55,20150903,2015-09-03 02:45:58,20150903,34871601655553,97534845395728,backfill,300.0,243.0,512.0,432.0,8192.0,6912.0,MIR-40C40-73F71-512,0,172914,576,176798,589,464.64,550.6844,0.0,552.96,0.0,0.0,552.96,MIR-40C40-73F71-512,0,script,-1,complete,Not capability,0% <= x < 16.7%,0% <= x < 16.7%,0,0,0,1,1,1,0,0,0,0,0,0,0,1,0,0,0.0,0
582691.mira,582691,mira,2015-09-01 01:35:19,20150901,2015-09-03 02:42:39,20150903,2015-09-03 02:47:16,20150903,34871601655553,97534845395728,backfill,300.0,277.0,512.0,432.0,8192.0,6912.0,MIR-008C0-33BF1-512,0,172931,576,176839,589,533.76,632.6044,0.0,630.3288,0.0,0.0,630.3288,MIR-008C0-33BF1-512,0,script,-1,complete,Not capability,0% <= x < 16.7%,0% <= x < 16.7%,0,0,0,1,1,1,0,0,0,0,0,0,0,1,0,0,0.0,0
586393.mira,586393,mira,2015-09-03 02:42:44,20150903,2015-09-03 02:43:07,20150903,2015-09-03 02:45:58,20150903,34871601655553,97534845395728,backfill,300.0,171.0,512.0,432.0,8192.0,6912.0,MIR-40080-733B1-512,0,24,0,24,0,328.32,389.12,0.0,389.12,0.0,0.0,389.12,MIR-40080-733B1-512,0,script,-1,complete,Not capability,0% <= x < 16.7%,0% <= x < 16.7%,0,0,0,1,1,1,0,0,0,0,0,0,0,1,0,0,0.0,0
586399.mira,586399,mira,2015-09-03 02:43:10,20150903,2015-09-03 02:44:24,20150903,2015-09-03 02:46:43,20150903,34871601655553,97534845395728,backfill,300.0,139.0,512.0,432.0,8192.0,6912.0,MIR-40800-73B31-512,0,37,0,74,0,266.88,316.3022,0.0,316.3022,0.0,0.0,316.3022,MIR-40800-73B31-512,0,script,-1,complete,Not capability,0% <= x < 16.7%,0% <= x < 16.7%,0,0,0,1,1,1,0,0,0,0,0,0,0,1,0,0,0.0,0
586398.mira,586398,mira,2015-09-03 02:43:08,20150903,2015-09-03 02:46:02,20150903,2015-09-03 02:48:30,20150903,34871601655553,97534845395728,backfill,300.0,148.0,512.0,432.0,8192.0,6912.0,MIR-404C0-737F1-512,0,69,0,174,0,282.24,334.5067,0.0,336.7822,0.0,0.0,336.7822,MIR-404C0-737F1-512,0,script,-1,complete,Not capability,0% <= x < 16.7%,0% <= x < 16.7%,0,0,0,1,1,1,0,0,0,0,0,0,0,1,0,0,0.0,0
586397.mira,586397,mira,2015-09-03 02:42:58,20150903,2015-09-03 02:46:32,20150903,2015-09-03 02:48:41,20150903,34871601655553,97534845395728,backfill,300.0,129.0,512.0,432.0,8192.0,6912.0,MIR-00800-33B31-512,0,110,0,215,0,247.68,293.5467,0.0,293.5466,0.0,0.0,293.5466,MIR-00800-33B31-512,0,script,-1,complete,Not capability,0% <= x < 16.7%,0% <= x < 16.7%,0,0,0,1,1,1,0,0,0,0,0,0,0,1,0,0,0.0,0
586395.mira,586395,mira,2015-09-03 02:42:47,20150903,2015-09-03 02:47:02,20150903,2015-09-03 02:50:54,20150903,34871601655553,97534845395728,backfill,300.0,232.0,512.0,432.0,8192.0,6912.0,MIR-40C40-73F71-512,0,149,0,256,0,445.44,527.9289,0.0,527.9288,0.0,0.0,527.9288,MIR-40C40-73F71-512,0,script,-1,complete,Not capability,0% <= x < 16.7%,0% <= x < 16.7%,0,0,0,1,1,1,0,0,0,0,0,0,0,1,0,0,0.0,0
586391.mira,586391,mira,2015-09-03 02:42:40,20150903,2015-09-03 02:47:59,20150903,2015-09-03 02:50:53,20150903,34871601655553,97534845395728,backfill,300.0,174.0,512.0,432.0,8192.0,6912.0,MIR-008C0-33BF1-512,0,212,0,318,1,336.0,398.2222,0.0,395.9466,0.0,0.0,395.9466,MIR-008C0-33BF1-512,0,script,-1,complete,Not capability,0% <= x < 16.7%,0% <= x < 16.7%,0,0,0,1,1,1,0,0,0,0,0,0,0,1,0,0,0.0,0
586412.mira,586412,mira,2015-09-03 02:48:32,20150903,2015-09-03 02:48:48,20150903,2015-09-03 02:51:34,20150903,34871601655553,97534845395728,backfill,300.0,166.0,512.0,432.0,8192.0,6912.0,MIR-404C0-737F1-512,0,15,0,15,0,318.72,377.7422,0.0,377.7422,0.0,0.0,377.7422,MIR-404C0-737F1-512,0,script,-1,complete,Not capability,0% <= x < 16.7%,0% <= x < 16.7%,0,0,0,1,1,1,0,0,0,0,0,0,0,1,0,0,0.0,0
586415.mira,586415,mira,2015-09-03 02:48:45,20150903,2015-09-03 02:49:40,20150903,2015-09-03 02:51:47,20150903,34871601655553,97534845395728,backfill,300.0,127.0,512.0,432.0,8192.0,6912.0,MIR-00840-33B71-512,0,55,0,55,0,241.92,286.72,0.0,288.9955,0.0,0.0,288.9955,MIR-00840-33B71-512,0,script,-1,complete,Not capability,0% <= x < 16.7%,0% <= x < 16.7%,0,0,0,1,1,1,0,0,0,0,0,0,0,1,0,0,0.0,0
586413.mira,586413,mira,2015-09-03 02:48:39,20150903,2015-09-03 02:52:01,20150903,2015-09-03 02:55:30,20150903,34871601655553,97534845395728,backfill,300.0,209.0,512.0,432.0,8192.0,6912.0,MIR-008C0-33BF1-512,0,202,0,202,0,403.2,477.8667,0.0,475.5911,0.0,0.0,475.5911,MIR-008C0-33BF1-512,0,script,-1,complete,Not capability,0% <= x < 16.7%,0% <= x < 16.7%,0,0,0,1,1,1,0,0,0,0,0,0,0,1,0,0,0.0,0
586098.mira,586098,mira,2015-09-02 23:29:54,20150902,2015-09-03 02:52:29,20150903,2015-09-03 06:52:59,20150903,47972554363297,57356241325548,prod-short,14400.0,14430.0,512.0,512.0,8192.0,8192.0,MIR-400C0-733F1-512,143,5632,0,12154,0,32838.5422,32838.5422,0.0,32836.2666,0.0,0.0,32836.2666,MIR-400C0-733F1-512,143,script,-1,complete,Not capability,0% <= x < 16.7%,0% <= x < 16.7%,8,0,0,0,8,0,0,0,1,1,0,0,0,0,0,0,0.0,0
586414.mira,586414,mira,2015-09-03 02:48:42,20150903,2015-09-03 02:52:55,20150903,2015-09-03 02:57:10,20150903,34871601655553,97534845395728,backfill,300.0,255.0,512.0,432.0,8192.0,6912.0,MIR-40080-733B1-512,0,253,0,253,0,491.52,582.5422,0.0,580.2666,0.0,0.0,580.2666,MIR-40080-733B1-512,0,script,-1,complete,Not capability,0% <= x < 16.7%,0% <= x < 16.7%,0,0,0,1,1,1,0,0,0,0,0,0,0,1,0,0,0.0,0
586409.mira,586409,mira,2015-09-03 02:48:25,20150903,2015-09-03 02:53:19,20150903,2015-09-03 02:56:06,20150903,34871601655553,97534845395728,backfill,300.0,167.0,512.0,432.0,8192.0,6912.0,MIR-404C0-737F1-512,0,293,0,293,0,322.56,382.2933,0.0,380.0177,0.0,0.0,380.0177,MIR-404C0-737F1-512,0,script,-1,complete,Not capability,0% <= x < 16.7%,0% <= x < 16.7%,0,0,0,1,1,1,0,0,0,0,0,0,0,1,0,0,0.0,0
586410.mira,586410,mira,2015-09-03 02:48:27,20150903,2015-09-03 02:53:47,20150903,2015-09-03 02:56:43,20150903,34871601655553,97534845395728,backfill,300.0,176.0,512.0,432.0,8192.0,6912.0,MIR-40800-73B31-512,0,321,1,321,1,336.0,398.2222,0.0,400.4977,0.0,0.0,400.4977,MIR-40800-73B31-512,0,script,-1,complete,Not capability,0% <= x < 16.7%,0% <= x < 16.7%,0,0,0,1,1,1,0,0,0,0,0,0,0,1,0,0,0.0,0
586424.mira,586424,mira,2015-09-03 02:53:54,20150903,2015-09-03 02:54:12,20150903,2015-09-03 02:56:59,20150903,34871601655553,97534845395728,backfill,300.0,167.0,512.0,432.0,8192.0,6912.0,MIR-00840-33B71-512,0,18,0,18,0,320.64,380.0178,0.0,380.0177,0.0,0.0,380.0177,MIR-00840-33B71-512,0,script,-1,complete,Not capability,0% <= x < 16.7%,0% <= x < 16.7%,0,0,0,1,1,1,0,0,0,0,0,0,0,1,0,0,0.0,0
584013.mira,584013,mira,2015-09-01 21:29:23,20150901,2015-09-03 02:54:38,20150903,2015-09-03 08:55:27,20150903,18521055867206,96053935958097,prod-short,21600.0,21649.0,1024.0,1024.0,16384.0,16384.0,MIR-04000-37371-1-1024,143,93413,4,105915,4,98522.4533,98522.4533,0.0,98527.0044,0.0,0.0,98527.0044,MIR-04000-37371-1-1024,143,script,-1,complete,Not capability,0% <= x < 16.7%,0% <= x < 16.7%,0,0,0,1,1,1,0,0,0,0,0,0,0,1,0,0,0.0,0
585985.mira,585985,mira,2015-09-02 22:02:42,20150902,2015-09-03 02:55:57,20150903,2015-09-03 08:56:36,20150903,18521055867206,96053935958097,prod-short,21600.0,21639.0,1024.0,1024.0,16384.0,16384.0,MIR-04C00-37F71-1-1024,143,9125,0,17594,0,98481.4933,98481.4933,0.0,98481.4933,0.0,0.0,98481.4933,MIR-04C00-37F71-1-1024,143,script,-1,complete,Not capability,0% <= x < 16.7%,0% <= x < 16.7%,0,0,0,1,1,1,0,0,0,0,0,0,0,1,0,0,0.0,0
586425.mira,586425,mira,2015-09-03 02:53:55,20150903,2015-09-03 02:56:27,20150903,2015-09-03 02:59:09,20150903,34871601655553,97534845395728,backfill,300.0,162.0,512.0,432.0,8192.0,6912.0,MIR-008C0-33BF1-512,0,89,0,152,0,312.96,370.9156,0.0,368.64,0.0,0.0,368.64,MIR-008C0-33BF1-512,0,script,-1,complete,Not capability,0% <= x < 16.7%,0% <= x < 16.7%,0,0,0,1,1,1,0,0,0,0,0,0,0,1,0,0,0.0,0
586421.mira,586421,mira,2015-09-03 02:53:48,20150903,2015-09-03 02:56:57,20150903,2015-09-03 02:59:28,20150903,34871601655553,97534845395728,backfill,300.0,151.0,512.0,432.0,8192.0,6912.0,MIR-40C40-73F71-512,0,126,0,189,0,291.84,345.8844,0.0,343.6088,0.0,0.0,343.6088,MIR-40C40-73F71-512,0,script,-1,complete,Not capability,0% <= x < 16.7%,0% <= x < 16.7%,0,0,0,1,1,1,0,0,0,0,0,0,0,1,0,0,0.0,0
586422.mira,586422,mira,2015-09-03 02:53:50,20150903,2015-09-03 02:57:26,20150903,2015-09-03 03:00:11,20150903,34871601655553,97534845395728,backfill,300.0,165.0,512.0,432.0,8192.0,6912.0,MIR-404C0-737F1-512,0,152,0,215,0,316.8,375.4667,0.0,375.4666,0.0,0.0,375.4666,MIR-404C0-737F1-512,0,script,-1,complete,Not capability,0% <= x < 16.7%,0% <= x < 16.7%,0,0,0,1,1,1,0,0,0,0,0,0,0,1,0,0,0.0,0
586411.mira,586411,mira,2015-09-03 02:48:29,20150903,2015-09-03 02:57:56,20150903,2015-09-03 03:00:26,20150903,34871601655553,97534845395728,backfill,300.0,150.0,512.0,432.0,8192.0,6912.0,MIR-40080-733B1-512,0,504,1,567,1,288.0,341.3333,0.0,341.3333,0.0,0.0,341.3333,MIR-40080-733B1-512,0,script,-1,complete,Not capability,0% <= x < 16.7%,0% <= x < 16.7%,0,0,0,1,1,1,0,0,0,0,0,0,0,1,0,0,0.0,0
586408.mira,586408,mira,2015-09-03 02:48:23,20150903,2015-09-03 02:58:26,20150903,2015-09-03 03:01:06,20150903,34871601655553,97534845395728,backfill,300.0,160.0,512.0,432.0,8192.0,6912.0,MIR-40840-73B71-512,0,542,1,604,2,311.04,368.64,0.0,364.0888,0.0,0.0,364.0888,MIR-40840-73B71-512,0,script,-1,complete,Not capability,0% <= x < 16.7%,0% <= x < 16.7%,0,0,0,1,1,1,0,0,0,0,0,0,0,1,0,0,0.0,0
586394.mira,586394,mira,2015-09-03 02:42:45,20150903,2015-09-03 02:58:56,20150903,2015-09-03 03:02:21,20150903,34871601655553,97534845395728,backfill,300.0,205.0,512.0,432.0,8192.0,6912.0,MIR-00800-33B31-512,0,783,2,970,3,393.6,466.4889,0.0,466.4888,0.0,0.0,466.4888,MIR-00800-33B31-512,0,script,-1,complete,Not capability,0% <= x < 16.7%,0% <= x < 16.7%,0,0,0,1,1,1,0,0,0,0,0,0,0,1,0,0,0.0,0
586433.mira,586433,mira,2015-09-03 02:59:10,20150903,2015-09-03 02:59:28,20150903,2015-09-03 03:03:04,20150903,34871601655553,97534845395728,backfill,300.0,216.0,512.0,432.0,8192.0,6912.0,MIR-008C0-33BF1-512,0,18,0,18,0,412.8,489.2444,0.0,491.52,0.0,0.0,491.52,MIR-008C0-33BF1-512,0,script,-1,complete,Not capability,0% <= x < 16.7%,0% <= x < 16.7%,0,0,0,1,1,1,0,0,0,0,0,0,0,1,0,0,0.0,0
586439.mira,586439,mira,2015-09-03 02:59:33,20150903,2015-09-03 03:00:28,20150903,2015-09-03 03:04:48,20150903,34871601655553,97534845395728,backfill,300.0,260.0,512.0,432.0,8192.0,6912.0,MIR-40C40-73F71-512,0,30,0,54,0,501.12,593.92,0.0,591.6444,0.0,0.0,591.6444,MIR-40C40-73F71-512,0,script,-1,complete,Not capability,0% <= x < 16.7%,0% <= x < 16.7%,0,0,0,1,1,1,0,0,0,0,0,0,0,1,0,0,0.0,0
586435.mira,586435,mira,2015-09-03 02:59:17,20150903,2015-09-03 03:00:57,20150903,2015-09-03 03:05:14,20150903,34871601655553,97534845395728,backfill,300.0,257.0,512.0,432.0,8192.0,6912.0,MIR-404C0-737F1-512,0,72,0,100,0,491.52,582.5422,0.0,584.8177,0.0,0.0,584.8177,MIR-404C0-737F1-512,0,script,-1,complete,Not capability,0% <= x < 16.7%,0% <= x < 16.7%,0,0,0,1,1,1,0,0,0,0,0,0,0,1,0,0,0.0,0
586434.mira,586434,mira,2015-09-03 02:59:14,20150903,2015-09-03 03:01:37,20150903,2015-09-03 03:06:03,20150903,34871601655553,97534845395728,backfill,300.0,266.0,512.0,432.0,8192.0,6912.0,MIR-40080-733B1-512,0,105,0,143,0,510.72,605.2978,0.0,605.2977,0.0,0.0,605.2977,MIR-40080-733B1-512,0,script,-1,complete,Not capability,0% <= x < 16.7%,0% <= x < 16.7%,0,0,0,1,1,1,0,0,0,0,0,0,0,1,0,0,0.0,0
586438.mira,586438,mira,2015-09-03 02:59:32,20150903,2015-09-03 03:02:32,20150903,2015-09-03 03:06:52,20150903,34871601655553,97534845395728,backfill,300.0,260.0,512.0,432.0,8192.0,6912.0,MIR-40840-73B71-512,0,116,0,181,0,497.28,589.3689,0.0,591.6444,0.0,0.0,591.6444,MIR-40840-73B71-512,0,script,-1,complete,Not capability,0% <= x < 16.7%,0% <= x < 16.7%,0,0,0,1,1,1,0,0,0,0,0,0,0,1,0,0,0.0,0
586437.mira,586437,mira,2015-09-03 02:59:30,20150903,2015-09-03 03:03:27,20150903,2015-09-03 03:07:44,20150903,34871601655553,97534845395728,backfill,300.0,257.0,512.0,432.0,8192.0,6912.0,MIR-00840-33B71-512,0,149,0,236,0,495.36,587.0933,0.0,584.8177,0.0,0.0,584.8177,MIR-00840-33B71-512,0,script,-1,complete,Not capability,0% <= x < 16.7%,0% <= x < 16.7%,0,0,0,1,1,1,0,0,0,0,0,0,0,1,0,0,0.0,0
586455.mira,586455,mira,2015-09-03 03:04:55,20150903,2015-09-03 03:05:18,20150903,2015-09-03 03:09:27,20150903,34871601655553,97534845395728,backfill,300.0,249.0,512.0,432.0,8192.0,6912.0,MIR-008C0-33BF1-512,0,23,0,23,0,478.08,566.6133,0.0,566.6133,0.0,0.0,566.6133,MIR-008C0-33BF1-512,0,script,-1,complete,Not capability,0% <= x < 16.7%,0% <= x < 16.7%,0,0,0,1,1,1,0,0,0,0,0,0,0,1,0,0,0.0,0
586453.mira,586453,mira,2015-09-03 03:04:51,20150903,2015-09-03 03:05:48,20150903,2015-09-03 03:11:24,20150903,34871601655553,97534845395728,backfill,300.0,336.0,512.0,432.0,8192.0,6912.0,MIR-40C00-73F31-512,0,56,0,56,0,645.12,764.5867,0.0,764.5866,0.0,0.0,764.5866,MIR-40C00-73F31-512,0,script,-1,complete,Not capability,0% <= x < 16.7%,0% <= x < 16.7%,0,0,0,1,1,1,0,0,0,0,0,0,0,1,0,0,0.0,0
586454.mira,586454,mira,2015-09-03 03:04:53,20150903,2015-09-03 03:06:18,20150903,2015-09-03 03:10:47,20150903,34871601655553,97534845395728,backfill,300.0,269.0,512.0,432.0,8192.0,6912.0,MIR-404C0-737F1-512,0,85,0,85,0,518.4,614.4,0.0,612.1244,0.0,0.0,612.1244,MIR-404C0-737F1-512,0,script,-1,complete,Not capability,0% <= x < 16.7%,0% <= x < 16.7%,0,0,0,1,1,1,0,0,0,0,0,0,0,1,0,0,0.0,0
586451.mira,586451,mira,2015-09-03 03:04:39,20150903,2015-09-03 03:07:12,20150903,2015-09-03 03:11:38,20150903,34871601655553,97534845395728,backfill,300.0,266.0,512.0,432.0,8192.0,6912.0,MIR-40080-733B1-512,0,132,0,153,0,508.8,603.0222,0.0,605.2977,0.0,0.0,605.2977,MIR-40080-733B1-512,0,script,-1,complete,Not capability,0% <= x < 16.7%,0% <= x < 16.7%,0,0,0,1,1,1,0,0,0,0,0,0,0,1,0,0,0.0,0
586452.mira,586452,mira,2015-09-03 03:04:50,20150903,2015-09-03 03:08:01,20150903,2015-09-03 03:12:23,20150903,34871601655553,97534845395728,backfill,300.0,262.0,512.0,432.0,8192.0,6912.0,MIR-40800-73B31-512,0,150,0,191,0,504.96,598.4711,0.0,596.1955,0.0,0.0,596.1955,MIR-40800-73B31-512,0,script,-1,complete,Not capability,0% <= x < 16.7%,0% <= x < 16.7%,0,0,0,1,1,1,0,0,0,0,0,0,0,1,0,0,0.0,0
586450.mira,586450,mira,2015-09-03 03:04:37,20150903,2015-09-03 03:09:54,20150903,2015-09-03 03:14:13,20150903,34871601655553,97534845395728,backfill,300.0,259.0,512.0,432.0,8192.0,6912.0,MIR-00840-33B71-512,0,210,0,317,1,499.2,591.6444,0.0,589.3688,0.0,0.0,589.3688,MIR-00840-33B71-512,0,script,-1,complete,Not capability,0% <= x < 16.7%,0% <= x < 16.7%,0,0,0,1,1,1,0,0,0,0,0,0,0,1,0,0,0.0,0
586466.mira,586466,mira,2015-09-03 03:10:02,20150903,2015-09-03 03:10:49,20150903,2015-09-03 03:14:59,20150903,34871601655553,97534845395728,backfill,300.0,250.0,512.0,432.0,8192.0,6912.0,MIR-008C0-33BF1-512,0,24,0,46,0,481.92,571.1644,0.0,568.8888,0.0,0.0,568.8888,MIR-008C0-33BF1-512,0,script,-1,complete,Not capability,0% <= x < 16.7%,0% <= x < 16.7%,0,0,0,1,1,1,0,0,0,0,0,0,0,1,0,0,0.0,0
583775.mira,583775,mira,2015-09-01 17:06:29,20150901,2015-09-03 03:11:39,20150903,2015-09-03 04:50:49,20150903,19538777423807,64663463907625,prod-short,7200.0,5950.0,512.0,512.0,8192.0,8192.0,MIR-404C0-737F1-512,0,37,0,122710,17,13539.5556,13539.5556,0.0,13539.5555,0.0,0.0,13539.5555,MIR-404C0-737F1-512,0,c8,-1,complete,Not capability,0% <= x < 16.7%,0% <= x < 16.7%,0,0,0,1,1,1,0,0,0,0,0,0,0,1,0,0,0.0,0
586465.mira,586465,mira,2015-09-03 03:10:00,20150903,2015-09-03 03:12:08,20150903,2015-09-03 03:15:51,20150903,34871601655553,97534845395728,backfill,300.0,223.0,512.0,432.0,8192.0,6912.0,MIR-40080-733B1-512,0,83,0,128,0,428.16,507.4489,0.0,507.4488,0.0,0.0,507.4488,MIR-40080-733B1-512,0,script,-1,complete,Not capability,0% <= x < 16.7%,0% <= x < 16.7%,0,0,0,1,1,1,0,0,0,0,0,0,0,1,0,0,0.0,0
586463.mira,586463,mira,2015-09-03 03:09:57,20150903,2015-09-03 03:12:29,20150903,2015-09-03 03:16:54,20150903,34871601655553,97534845395728,backfill,300.0,265.0,512.0,432.0,8192.0,6912.0,MIR-40C00-73F31-512,0,104,0,152,0,510.72,605.2978,0.0,603.0222,0.0,0.0,603.0222,MIR-40C00-73F31-512,0,script,-1,complete,Not capability,0% <= x < 16.7%,0% <= x < 16.7%,0,0,0,1,1,1,0,0,0,0,0,0,0,1,0,0,0.0,0
586464.mira,586464,mira,2015-09-03 03:09:59,20150903,2015-09-03 03:12:57,20150903,2015-09-03 03:17:34,20150903,34871601655553,97534845395728,backfill,300.0,277.0,512.0,432.0,8192.0,6912.0,MIR-40840-73B71-512,0,133,0,179,0,529.92,628.0533,0.0,630.3288,0.0,0.0,630.3288,MIR-40840-73B71-512,0,script,-1,complete,Not capability,0% <= x < 16.7%,0% <= x < 16.7%,0,0,0,1,1,1,0,0,0,0,0,0,0,1,0,0,0.0,0
586478.mira,586478,mira,2015-09-03 03:15:14,20150903,2015-09-03 03:16:02,20150903,2015-09-03 03:20:11,20150903,34871601655553,97534845395728,backfill,300.0,249.0,512.0,432.0,8192.0,6912.0,MIR-008C0-33BF1-512,0,49,0,49,0,478.08,566.6133,0.0,566.6133,0.0,0.0,566.6133,MIR-008C0-33BF1-512,0,script,-1,complete,Not capability,0% <= x < 16.7%,0% <= x < 16.7%,0,0,0,1,1,1,0,0,0,0,0,0,0,1,0,0,0.0,0
586480.mira,586480,mira,2015-09-03 03:15:17,20150903,2015-09-03 03:17:04,20150903,2015-09-03 03:20:36,20150903,34871601655553,97534845395728,backfill,300.0,212.0,512.0,432.0,8192.0,6912.0,MIR-40080-733B1-512,0,106,0,106,0,408.96,484.6933,0.0,482.4177,0.0,0.0,482.4177,MIR-40080-733B1-512,0,script,-1,complete,Not capability,0% <= x < 16.7%,0% <= x < 16.7%,0,0,0,1,1,1,0,0,0,0,0,0,0,1,0,0,0.0,0
586479.mira,586479,mira,2015-09-03 03:15:15,20150903,2015-09-03 03:17:34,20150903,2015-09-03 03:21:12,20150903,34871601655553,97534845395728,backfill,300.0,218.0,512.0,432.0,8192.0,6912.0,MIR-40C80-73FB1-512,0,138,0,138,0,418.56,496.0711,0.0,496.0711,0.0,0.0,496.0711,MIR-40C80-73FB1-512,0,script,-1,complete,Not capability,0% <= x < 16.7%,0% <= x < 16.7%,0,0,0,1,1,1,0,0,0,0,0,0,0,1,0,0,0.0,0
586477.mira,586477,mira,2015-09-03 03:15:12,20150903,2015-09-03 03:18:34,20150903,2015-09-03 03:22:42,20150903,34871601655553,97534845395728,backfill,300.0,248.0,512.0,432.0,8192.0,6912.0,MIR-40800-73B31-512,0,201,0,201,0,478.08,566.6133,0.0,564.3377,0.0,0.0,564.3377,MIR-40800-73B31-512,0,script,-1,complete,Not capability,0% <= x < 16.7%,0% <= x < 16.7%,0,0,0,1,1,1,0,0,0,0,0,0,0,1,0,0,0.0,0
586496.mira,586496,mira,2015-09-03 03:20:26,20150903,2015-09-03 03:21:08,20150903,2015-09-03 03:25:03,20150903,34871601655553,97534845395728,backfill,300.0,235.0,512.0,432.0,8192.0,6912.0,MIR-00800-33B31-512,0,42,0,42,0,451.2,534.7556,0.0,534.7555,0.0,0.0,534.7555,MIR-00800-33B31-512,0,script,-1,complete,Not capability,0% <= x < 16.7%,0% <= x < 16.7%,0,0,0,1,1,1,0,0,0,0,0,0,0,1,0,0,0.0,0
586495.mira,586495,mira,2015-09-03 03:20:23,20150903,2015-09-03 03:21:42,20150903,2015-09-03 03:25:26,20150903,34871601655553,97534845395728,backfill,300.0,224.0,512.0,432.0,8192.0,6912.0,MIR-40080-733B1-512,0,79,0,79,0,432.0,512.0,0.0,509.7244,0.0,0.0,509.7244,MIR-40080-733B1-512,0,script,-1,complete,Not capability,0% <= x < 16.7%,0% <= x < 16.7%,0,0,0,1,1,1,0,0,0,0,0,0,0,1,0,0,0.0,0
586494.mira,586494,mira,2015-09-03 03:20:21,20150903,2015-09-03 03:22:42,20150903,2015-09-03 03:26:56,20150903,34871601655553,97534845395728,backfill,300.0,254.0,512.0,432.0,8192.0,6912.0,MIR-40C00-73F31-512,0,142,0,142,0,485.76,575.7156,0.0,577.9911,0.0,0.0,577.9911,MIR-40C00-73F31-512,0,script,-1,complete,Not capability,0% <= x < 16.7%,0% <= x < 16.7%,0,0,0,1,1,1,0,0,0,0,0,0,0,1,0,0,0.0,0
586493.mira,586493,mira,2015-09-03 03:20:19,20150903,2015-09-03 03:23:55,20150903,2015-09-03 03:27:48,20150903,34871601655553,97534845395728,backfill,300.0,233.0,512.0,432.0,8192.0,6912.0,MIR-40840-73B71-512,0,215,0,215,0,449.28,532.48,0.0,530.2044,0.0,0.0,530.2044,MIR-40840-73B71-512,0,script,-1,complete,Not capability,0% <= x < 16.7%,0% <= x < 16.7%,0,0,0,1,1,1,0,0,0,0,0,0,0,1,0,0,0.0,0
586501.mira,586501,mira,2015-09-03 03:25:31,20150903,2015-09-03 03:25:54,20150903,2015-09-03 03:29:04,20150903,34871601655553,97534845395728,backfill,300.0,190.0,512.0,432.0,8192.0,6912.0,MIR-00800-33B31-512,0,24,0,24,0,364.8,432.3556,0.0,432.3555,0.0,0.0,432.3555,MIR-00800-33B31-512,0,script,-1,complete,Not capability,0% <= x < 16.7%,0% <= x < 16.7%,0,0,0,1,1,1,0,0,0,0,0,0,0,1,0,0,0.0,0
586504.mira,586504,mira,2015-09-03 03:25:36,20150903,2015-09-03 03:26:24,20150903,2015-09-03 03:30:22,20150903,34871601655553,97534845395728,backfill,300.0,238.0,512.0,432.0,8192.0,6912.0,MIR-40080-733B1-512,0,47,0,47,0,458.88,543.8578,0.0,541.5822,0.0,0.0,541.5822,MIR-40080-733B1-512,0,script,-1,complete,Not capability,0% <= x < 16.7%,0% <= x < 16.7%,0,0,0,1,1,1,0,0,0,0,0,0,0,1,0,0,0.0,0
586511.mira,586511,mira,2015-09-03 03:30:53,20150903,2015-09-03 03:31:18,20150903,2015-09-03 03:34:58,20150903,34871601655553,97534845395728,backfill,300.0,220.0,512.0,432.0,8192.0,6912.0,MIR-40080-733B1-512,0,26,0,26,0,422.4,500.6222,0.0,500.6222,0.0,0.0,500.6222,MIR-40080-733B1-512,0,script,-1,complete,Not capability,0% <= x < 16.7%,0% <= x < 16.7%,0,0,0,1,1,1,0,0,0,0,0,0,0,1,0,0,0.0,0
586101.mira,586101,mira,2015-09-02 23:29:58,20150902,2015-09-03 03:32:15,20150903,2015-09-03 07:33:14,20150903,47972554363297,57356241325548,prod-short,14400.0,14459.0,512.0,512.0,8192.0,8192.0,MIR-408C0-73BF1-512,143,8015,0,14537,1,32902.2578,32902.2578,0.0,32902.2577,0.0,0.0,32902.2577,MIR-408C0-73BF1-512,143,script,-1,complete,Not capability,0% <= x < 16.7%,0% <= x < 16.7%,8,0,0,0,8,0,0,0,1,1,0,0,0,0,0,0,0.0,0
586510.mira,586510,mira,2015-09-03 03:30:51,20150903,2015-09-03 03:32:51,20150903,2015-09-03 03:36:50,20150903,34871601655553,97534845395728,backfill,300.0,239.0,512.0,432.0,8192.0,6912.0,MIR-40880-73BB1-512,0,120,0,120,0,456.96,541.5822,0.0,543.8577,0.0,0.0,543.8577,MIR-40880-73BB1-512,0,script,-1,complete,Not capability,0% <= x < 16.7%,0% <= x < 16.7%,0,0,0,1,1,1,0,0,0,0,0,0,0,1,0,0,0.0,0
586508.mira,586508,mira,2015-09-03 03:30:38,20150903,2015-09-03 03:33:20,20150903,2015-09-03 03:37:02,20150903,34871601655553,97534845395728,backfill,300.0,222.0,512.0,432.0,8192.0,6912.0,MIR-40800-73B31-512,0,162,0,162,0,426.24,505.1733,0.0,505.1733,0.0,0.0,505.1733,MIR-40800-73B31-512,0,script,-1,complete,Not capability,0% <= x < 16.7%,0% <= x < 16.7%,0,0,0,1,1,1,0,0,0,0,0,0,0,1,0,0,0.0,0
586509.mira,586509,mira,2015-09-03 03:30:42,20150903,2015-09-03 03:33:50,20150903,2015-09-03 03:37:16,20150903,34871601655553,97534845395728,backfill,300.0,206.0,512.0,432.0,8192.0,6912.0,MIR-00880-33BB1-512,0,187,0,187,0,397.44,471.04,0.0,468.7644,0.0,0.0,468.7644,MIR-00880-33BB1-512,0,script,-1,complete,Not capability,0% <= x < 16.7%,0% <= x < 16.7%,0,0,0,1,1,1,0,0,0,0,0,0,0,1,0,0,0.0,0
586500.mira,586500,mira,2015-09-03 03:25:29,20150903,2015-09-03 03:34:24,20150903,2015-09-03 03:38:45,20150903,34871601655553,97534845395728,backfill,300.0,261.0,512.0,432.0,8192.0,6912.0,MIR-40CC0-73FF1-512,0,535,1,535,1,499.2,591.6444,0.0,593.92,0.0,0.0,593.92,MIR-40CC0-73FF1-512,0,script,-1,complete,Not capability,0% <= x < 16.7%,0% <= x < 16.7%,0,0,0,1,1,1,0,0,0,0,0,0,0,1,0,0,0.0,0
586502.mira,586502,mira,2015-09-03 03:25:32,20150903,2015-09-03 03:35:52,20150903,2015-09-03 03:39:56,20150903,34871601655553,97534845395728,backfill,300.0,244.0,512.0,432.0,8192.0,6912.0,MIR-40080-733B1-512,0,599,1,620,2,472.32,559.7867,0.0,555.2355,0.0,0.0,555.2355,MIR-40080-733B1-512,0,script,-1,complete,Not capability,0% <= x < 16.7%,0% <= x < 16.7%,0,0,0,1,1,1,0,0,0,0,0,0,0,1,0,0,0.0,0
586516.mira,586516,mira,2015-09-03 03:35:55,20150903,2015-09-03 03:37:42,20150903,2015-09-03 03:41:30,20150903,34871601655553,97534845395728,backfill,300.0,228.0,512.0,432.0,8192.0,6912.0,MIR-40880-73BB1-512,0,76,0,107,0,437.76,518.8267,0.0,518.8266,0.0,0.0,518.8266,MIR-40880-73BB1-512,0,script,-1,complete,Not capability,0% <= x < 16.7%,0% <= x < 16.7%,0,0,0,1,1,1,0,0,0,0,0,0,0,1,0,0,0.0,0
586503.mira,586503,mira,2015-09-03 03:25:34,20150903,2015-09-03 03:38:12,20150903,2015-09-03 03:41:43,20150903,34871601655553,97534845395728,backfill,300.0,211.0,512.0,432.0,8192.0,6912.0,MIR-40840-73B71-512,0,704,2,758,2,405.12,480.1422,0.0,480.1422,0.0,0.0,480.1422,MIR-40840-73B71-512,0,script,-1,complete,Not capability,0% <= x < 16.7%,0% <= x < 16.7%,0,0,0,1,1,1,0,0,0,0,0,0,0,1,0,0,0.0,0
586476.mira,586476,mira,2015-09-03 03:15:10,20150903,2015-09-03 03:38:56,20150903,2015-09-03 03:42:45,20150903,34871601655553,97534845395728,backfill,300.0,229.0,512.0,432.0,8192.0,6912.0,MIR-00880-33BB1-512,0,1372,4,1426,4,439.68,521.1022,0.0,521.1022,0.0,0.0,521.1022,MIR-00880-33BB1-512,0,script,-1,complete,Not capability,0% <= x < 16.7%,0% <= x < 16.7%,0,0,0,1,1,1,0,0,0,0,0,0,0,1,0,0,0.0,0
586475.mira,586475,mira,2015-09-03 03:15:08,20150903,2015-09-03 03:39:27,20150903,2015-09-03 03:43:21,20150903,34871601655553,97534845395728,backfill,300.0,234.0,512.0,432.0,8192.0,6912.0,MIR-40CC0-73FF1-512,0,1404,4,1458,4,451.2,534.7556,0.0,532.48,0.0,0.0,532.48,MIR-40CC0-73FF1-512,0,script,-1,complete,Not capability,0% <= x < 16.7%,0% <= x < 16.7%,0,0,0,1,1,1,0,0,0,0,0,0,0,1,0,0,0.0,0
586467.mira,586467,mira,2015-09-03 03:10:06,20150903,2015-09-03 03:40:57,20150903,2015-09-03 03:45:09,20150903,34871601655553,97534845395728,backfill,300.0,252.0,512.0,432.0,8192.0,6912.0,MIR-40080-733B1-512,0,1668,5,1852,6,485.76,575.7156,0.0,573.44,0.0,0.0,573.44,MIR-40080-733B1-512,0,script,-1,complete,Not capability,0% <= x < 16.7%,0% <= x < 16.7%,0,0,0,1,1,1,0,0,0,0,0,0,0,1,0,0,0.0,0
586520.mira,586520,mira,2015-09-03 03:41:03,20150903,2015-09-03 03:42:14,20150903,2015-09-03 03:45:50,20150903,34871601655553,97534845395728,backfill,300.0,216.0,512.0,432.0,8192.0,6912.0,MIR-40880-73BB1-512,0,56,0,71,0,414.72,491.52,0.0,491.52,0.0,0.0,491.52,MIR-40880-73BB1-512,0,script,-1,complete,Not capability,0% <= x < 16.7%,0% <= x < 16.7%,0,0,0,1,1,1,0,0,0,0,0,0,0,1,0,0,0.0,0
586522.mira,586522,mira,2015-09-03 03:41:07,20150903,2015-09-03 03:42:43,20150903,2015-09-03 03:45:11,20150903,34871601655553,97534845395728,backfill,300.0,148.0,512.0,432.0,8192.0,6912.0,MIR-40800-73B31-512,0,85,0,96,0,286.08,339.0578,0.0,336.7822,0.0,0.0,336.7822,MIR-40800-73B31-512,0,script,-1,complete,Not capability,0% <= x < 16.7%,0% <= x < 16.7%,0,0,0,1,1,1,0,0,0,0,0,0,0,1,0,0,0.0,0
586521.mira,586521,mira,2015-09-03 03:41:05,20150903,2015-09-03 03:43:37,20150903,2015-09-03 03:47:02,20150903,34871601655553,97534845395728,backfill,300.0,205.0,512.0,432.0,8192.0,6912.0,MIR-008C0-33BF1-512,0,139,0,152,0,393.6,466.4889,0.0,466.4888,0.0,0.0,466.4888,MIR-008C0-33BF1-512,0,script,-1,complete,Not capability,0% <= x < 16.7%,0% <= x < 16.7%,0,0,0,1,1,1,0,0,0,0,0,0,0,1,0,0,0.0,0
586519.mira,586519,mira,2015-09-03 03:41:01,20150903,2015-09-03 03:44:37,20150903,2015-09-03 03:48:33,20150903,34871601655553,97534845395728,backfill,300.0,236.0,512.0,432.0,8192.0,6912.0,MIR-40CC0-73FF1-512,0,200,0,216,0,455.04,539.3067,0.0,537.0311,0.0,0.0,537.0311,MIR-40CC0-73FF1-512,0,script,-1,complete,Not capability,0% <= x < 16.7%,0% <= x < 16.7%,0,0,0,1,1,1,0,0,0,0,0,0,0,1,0,0,0.0,0
586531.mira,586531,mira,2015-09-03 03:46:19,20150903,2015-09-03 03:46:48,20150903,2015-09-03 03:50:04,20150903,34871601655553,97534845395728,backfill,300.0,196.0,512.0,432.0,8192.0,6912.0,MIR-40080-733B1-512,0,29,0,29,0,376.32,446.0089,0.0,446.0088,0.0,0.0,446.0088,MIR-40080-733B1-512,0,script,-1,complete,Not capability,0% <= x < 16.7%,0% <= x < 16.7%,0,0,0,1,1,1,0,0,0,0,0,0,0,1,0,0,0.0,0
586530.mira,586530,mira,2015-09-03 03:46:17,20150903,2015-09-03 03:47:17,20150903,2015-09-03 03:50:43,20150903,34871601655553,97534845395728,backfill,300.0,206.0,512.0,432.0,8192.0,6912.0,MIR-40880-73BB1-512,0,59,0,59,0,397.44,471.04,0.0,468.7644,0.0,0.0,468.7644,MIR-40880-73BB1-512,0,script,-1,complete,Not capability,0% <= x < 16.7%,0% <= x < 16.7%,0,0,0,1,1,1,0,0,0,0,0,0,0,1,0,0,0.0,0
586532.mira,586532,mira,2015-09-03 03:46:21,20150903,2015-09-03 03:47:48,20150903,2015-09-03 03:50:30,20150903,34871601655553,97534845395728,backfill,300.0,162.0,512.0,432.0,8192.0,6912.0,MIR-40800-73B31-512,0,86,0,86,0,312.96,370.9156,0.0,368.64,0.0,0.0,368.64,MIR-40800-73B31-512,0,script,-1,complete,Not capability,0% <= x < 16.7%,0% <= x < 16.7%,0,0,0,1,1,1,0,0,0,0,0,0,0,1,0,0,0.0,0
586526.mira,586526,mira,2015-09-03 03:46:09,20150903,2015-09-03 03:48:20,20150903,2015-09-03 03:51:44,20150903,34871601655553,97534845395728,backfill,300.0,204.0,512.0,432.0,8192.0,6912.0,MIR-00840-33B71-512,0,131,0,131,0,391.68,464.2133,0.0,464.2133,0.0,0.0,464.2133,MIR-00840-33B71-512,0,script,-1,complete,Not capability,0% <= x < 16.7%,0% <= x < 16.7%,0,0,0,1,1,1,0,0,0,0,0,0,0,1,0,0,0.0,0
585879.mira,585879,mira,2015-09-02 20:39:55,20150902,2015-09-03 03:48:39,20150903,2015-09-03 09:49:18,20150903,50394197576862,38970600412679,prod-short,21600.0,21639.0,4096.0,4096.0,65536.0,65536.0,MIR-04800-77BF1-4096,143,25725,1,25725,1,393925.9733,393925.9733,0.0,393925.9733,0.0,0.0,393925.9733,MIR-04800-77BF1-4096,143,script,-1,complete,Not capability,0% <= x < 16.7%,0% <= x < 16.7%,0,28,0,0,28,0,1,0,0,0,0,0,1,0,0,0,0.0,0
586527.mira,586527,mira,2015-09-03 03:46:11,20150903,2015-09-03 03:49:02,20150903,2015-09-03 03:52:43,20150903,34871601655553,97534845395728,backfill,300.0,221.0,512.0,432.0,8192.0,6912.0,MIR-40C40-73F71-512,0,171,0,171,0,428.16,507.4489,0.0,502.8977,0.0,0.0,502.8977,MIR-40C40-73F71-512,0,script,-1,complete,Not capability,0% <= x < 16.7%,0% <= x < 16.7%,0,0,0,1,1,1,0,0,0,0,0,0,0,1,0,0,0.0,0
586528.mira,586528,mira,2015-09-03 03:46:12,20150903,2015-09-03 03:50:32,20150903,2015-09-03 03:54:30,20150903,34871601655553,97534845395728,backfill,300.0,238.0,512.0,432.0,8192.0,6912.0,MIR-40080-733B1-512,0,225,0,260,0,456.96,541.5822,0.0,541.5822,0.0,0.0,541.5822,MIR-40080-733B1-512,0,script,-1,complete,Not capability,0% <= x < 16.7%,0% <= x < 16.7%,0,0,0,1,1,1,0,0,0,0,0,0,0,1,0,0,0.0,0
586529.mira,586529,mira,2015-09-03 03:46:14,20150903,2015-09-03 03:51:30,20150903,2015-09-03 03:54:56,20150903,34871601655553,97534845395728,backfill,300.0,206.0,512.0,432.0,8192.0,6912.0,MIR-40840-73B71-512,0,281,0,316,1,395.52,468.7644,0.0,468.7644,0.0,0.0,468.7644,MIR-40840-73B71-512,0,script,-1,complete,Not capability,0% <= x < 16.7%,0% <= x < 16.7%,0,0,0,1,1,1,0,0,0,0,0,0,0,1,0,0,0.0,0
586546.mira,586546,mira,2015-09-03 03:51:37,20150903,2015-09-03 03:52:02,20150903,2015-09-03 03:55:21,20150903,34871601655553,97534845395728,backfill,300.0,199.0,512.0,432.0,8192.0,6912.0,MIR-40880-73BB1-512,0,24,0,24,0,384.0,455.1111,0.0,452.8355,0.0,0.0,452.8355,MIR-40880-73BB1-512,0,script,-1,complete,Not capability,0% <= x < 16.7%,0% <= x < 16.7%,0,0,0,1,1,1,0,0,0,0,0,0,0,1,0,0,0.0,0
586544.mira,586544,mira,2015-09-03 03:51:34,20150903,2015-09-03 03:52:32,20150903,2015-09-03 03:55:21,20150903,34871601655553,97534845395728,backfill,300.0,169.0,512.0,432.0,8192.0,6912.0,MIR-008C0-33BF1-512,0,59,0,59,0,322.56,382.2933,0.0,384.5688,0.0,0.0,384.5688,MIR-008C0-33BF1-512,0,script,-1,complete,Not capability,0% <= x < 16.7%,0% <= x < 16.7%,0,0,0,1,1,1,0,0,0,0,0,0,0,1,0,0,0.0,0
586547.mira,586547,mira,2015-09-03 03:51:39,20150903,2015-09-03 03:53:27,20150903,2015-09-03 03:56:21,20150903,34871601655553,97534845395728,backfill,300.0,174.0,512.0,432.0,8192.0,6912.0,MIR-40CC0-73FF1-512,0,97,0,108,0,336.0,398.2222,0.0,395.9466,0.0,0.0,395.9466,MIR-40CC0-73FF1-512,0,script,-1,complete,Not capability,0% <= x < 16.7%,0% <= x < 16.7%,0,0,0,1,1,1,0,0,0,0,0,0,0,1,0,0,0.0,0
586545.mira,586545,mira,2015-09-03 03:51:36,20150903,2015-09-03 03:55:36,20150903,2015-09-03 03:59:37,20150903,34871601655553,97534845395728,backfill,300.0,241.0,512.0,432.0,8192.0,6912.0,MIR-40080-733B1-512,0,179,0,240,0,462.72,548.4089,0.0,548.4088,0.0,0.0,548.4088,MIR-40080-733B1-512,0,script,-1,complete,Not capability,0% <= x < 16.7%,0% <= x < 16.7%,0,0,0,1,1,1,0,0,0,0,0,0,0,1,0,0,0.0,0
586543.mira,586543,mira,2015-09-03 03:51:31,20150903,2015-09-03 03:56:10,20150903,2015-09-03 03:59:20,20150903,34871601655553,97534845395728,backfill,300.0,190.0,512.0,432.0,8192.0,6912.0,MIR-40840-73B71-512,0,218,0,279,0,364.8,432.3556,0.0,432.3555,0.0,0.0,432.3555,MIR-40840-73B71-512,0,script,-1,complete,Not capability,0% <= x < 16.7%,0% <= x < 16.7%,0,0,0,1,1,1,0,0,0,0,0,0,0,1,0,0,0.0,0
586518.mira,586518,mira,2015-09-03 03:40:59,20150903,2015-09-03 03:56:42,20150903,2015-09-03 03:59:49,20150903,34871601655553,97534845395728,backfill,300.0,187.0,512.0,432.0,8192.0,6912.0,MIR-40880-73BB1-512,0,797,2,943,3,359.04,425.5289,0.0,425.5288,0.0,0.0,425.5288,MIR-40880-73BB1-512,0,script,-1,complete,Not capability,0% <= x < 16.7%,0% <= x < 16.7%,0,0,0,1,1,1,0,0,0,0,0,0,0,1,0,0,0.0,0
586556.mira,586556,mira,2015-09-03 03:56:42,20150903,2015-09-03 03:57:19,20150903,2015-09-03 04:00:39,20150903,34871601655553,97534845395728,backfill,300.0,200.0,512.0,432.0,8192.0,6912.0,MIR-00880-33BB1-512,0,37,0,37,0,384.0,455.1111,0.0,455.1111,0.0,0.0,455.1111,MIR-00880-33BB1-512,0,script,-1,complete,Not capability,0% <= x < 16.7%,0% <= x < 16.7%,0,0,0,1,1,1,0,0,0,0,0,0,0,1,0,0,0.0,0
586563.mira,586563,mira,2015-09-03 03:56:55,20150903,2015-09-03 03:57:57,20150903,2015-09-03 04:00:56,20150903,34871601655553,97534845395728,backfill,300.0,179.0,512.0,432.0,8192.0,6912.0,MIR-40CC0-73FF1-512,0,63,0,63,0,343.68,407.3244,0.0,407.3244,0.0,0.0,407.3244,MIR-40CC0-73FF1-512,0,script,-1,complete,Not capability,0% <= x < 16.7%,0% <= x < 16.7%,0,0,0,1,1,1,0,0,0,0,0,0,0,1,0,0,0.0,0
586564.mira,586564,mira,2015-09-03 03:57:18,20150903,2015-09-03 04:00:37,20150903,2015-09-03 05:01:35,20150903,29465017993685,27406265552810,prod-short,3600.0,3658.0,512.0,512.0,8192.0,8192.0,MIR-40080-733B1-512,143,199,0,199,0,8323.9822,8323.9822,0.0,8323.9822,0.0,0.0,8323.9822,MIR-40080-733B1-512,143,script,-1,complete,Not capability,0% <= x < 16.7%,0% <= x < 16.7%,0,0,0,1,1,1,0,0,0,0,0,0,0,1,0,0,0.0,0
586566.mira,586566,mira,2015-09-03 03:58:28,20150903,2015-09-03 04:01:04,20150903,2015-09-03 04:55:10,20150903,29465017993685,27406265552810,prod-short,3600.0,3246.0,1024.0,1024.0,16384.0,16384.0,MIR-40800-73B71-1-1024,0,157,0,157,0,14768.3556,14768.3556,0.0,14772.9066,0.0,0.0,14772.9066,MIR-40800-73B71-1-1024,0,script,-1,complete,Not capability,0% <= x < 16.7%,0% <= x < 16.7%,0,0,0,1,1,1,0,0,0,0,0,0,0,1,0,0,0.0,0
586570.mira,586570,mira,2015-09-03 03:59:12,20150903,2015-09-03 04:01:36,20150903,2015-09-03 04:44:52,20150903,29465017993685,27406265552810,prod-short,5400.0,2596.0,2048.0,2048.0,32768.0,32768.0,MIR-00800-33BF1-2048,0,145,0,145,0,23629.3689,23629.3689,0.0,23629.3688,0.0,0.0,23629.3688,MIR-00800-33BF1-2048,0,script,-1,complete,Not capability,0% <= x < 16.7%,0% <= x < 16.7%,0,0,0,1,1,1,0,0,0,0,0,0,0,1,0,0,0.0,0
586558.mira,586558,mira,2015-09-03 03:56:46,20150903,2015-09-03 04:02:21,20150903,2015-09-03 04:05:25,20150903,34871601655553,97534845395728,backfill,300.0,184.0,512.0,432.0,8192.0,6912.0,MIR-40880-73BB1-512,0,267,0,336,1,351.36,416.4267,0.0,418.7022,0.0,0.0,418.7022,MIR-40880-73BB1-512,0,script,-1,complete,Not capability,0% <= x < 16.7%,0% <= x < 16.7%,0,0,0,1,1,1,0,0,0,0,0,0,0,1,0,0,0.0,0
586580.mira,586580,mira,2015-09-03 04:02:26,20150903,2015-09-03 04:02:51,20150903,2015-09-03 04:05:38,20150903,34871601655553,97534845395728,backfill,300.0,167.0,512.0,432.0,8192.0,6912.0,MIR-40CC0-73FF1-512,0,24,0,24,0,320.64,380.0178,0.0,380.0177,0.0,0.0,380.0177,MIR-40CC0-73FF1-512,0,script,-1,complete,Not capability,0% <= x < 16.7%,0% <= x < 16.7%,0,0,0,1,1,1,0,0,0,0,0,0,0,1,0,0,0.0,0
586579.mira,586579,mira,2015-09-03 04:02:23,20150903,2015-09-03 04:06:20,20150903,2015-09-03 04:09:17,20150903,34871601655553,97534845395728,backfill,300.0,177.0,512.0,432.0,8192.0,6912.0,MIR-40880-73BB1-512,0,236,0,236,0,341.76,405.0489,0.0,402.7733,0.0,0.0,402.7733,MIR-40880-73BB1-512,0,script,-1,complete,Not capability,0% <= x < 16.7%,0% <= x < 16.7%,0,0,0,1,1,1,0,0,0,0,0,0,0,1,0,0,0.0,0
586578.mira,586578,mira,2015-09-03 04:02:21,20150903,2015-09-03 04:06:51,20150903,2015-09-03 04:10:19,20150903,34871601655553,97534845395728,backfill,300.0,208.0,512.0,432.0,8192.0,6912.0,MIR-40C00-73F31-512,0,270,0,270,0,399.36,473.3156,0.0,473.3155,0.0,0.0,473.3155,MIR-40C00-73F31-512,0,script,-1,complete,Not capability,0% <= x < 16.7%,0% <= x < 16.7%,0,0,0,1,1,1,0,0,0,0,0,0,0,1,0,0,0.0,0
586593.mira,586593,mira,2015-09-03 04:07:30,20150903,2015-09-03 04:10:10,20150903,2015-09-03 04:12:59,20150903,34871601655553,97534845395728,backfill,300.0,169.0,512.0,432.0,8192.0,6912.0,MIR-40880-73BB1-512,0,159,0,159,0,324.48,384.5689,0.0,384.5688,0.0,0.0,384.5688,MIR-40880-73BB1-512,0,script,-1,complete,Not capability,0% <= x < 16.7%,0% <= x < 16.7%,0,0,0,1,1,1,0,0,0,0,0,0,0,1,0,0,0.0,0
586592.mira,586592,mira,2015-09-03 04:07:28,20150903,2015-09-03 04:11:47,20150903,2015-09-03 04:14:40,20150903,34871601655553,97534845395728,backfill,300.0,173.0,512.0,432.0,8192.0,6912.0,MIR-40C40-73F71-512,0,259,0,259,0,332.16,393.6711,0.0,393.6711,0.0,0.0,393.6711,MIR-40C40-73F71-512,0,script,-1,complete,Not capability,0% <= x < 16.7%,0% <= x < 16.7%,0,0,0,1,1,1,0,0,0,0,0,0,0,1,0,0,0.0,0
585567.mira,585567,mira,2015-09-02 16:32:34,20150902,2015-09-03 04:13:36,20150903,2015-09-03 05:49:22,20150903,19538777423807,64663463907625,prod-short,7200.0,5746.0,512.0,512.0,8192.0,8192.0,MIR-40440-73771-512,0,50,0,42062,5,13075.3422,13075.3422,0.0,13075.3422,0.0,0.0,13075.3422,MIR-40440-73771-512,0,c8,-1,complete,Not capability,0% <= x < 16.7%,0% <= x < 16.7%,0,0,0,1,1,1,0,0,0,0,0,0,0,1,0,0,0.0,0
586599.mira,586599,mira,2015-09-03 04:12:36,20150903,2015-09-03 04:14:08,20150903,2015-09-03 04:17:38,20150903,34871601655553,97534845395728,backfill,300.0,210.0,512.0,432.0,8192.0,6912.0,MIR-40880-73BB1-512,0,91,0,91,0,405.12,480.1422,0.0,477.8666,0.0,0.0,477.8666,MIR-40880-73BB1-512,0,script,-1,complete,Not capability,0% <= x < 16.7%,0% <= x < 16.7%,0,0,0,1,1,1,0,0,0,0,0,0,0,1,0,0,0.0,0
586598.mira,586598,mira,2015-09-03 04:12:35,20150903,2015-09-03 04:15:33,20150903,2015-09-03 04:18:47,20150903,34871601655553,97534845395728,backfill,300.0,194.0,512.0,432.0,8192.0,6912.0,MIR-40CC0-73FF1-512,0,179,0,179,0,372.48,441.4578,0.0,441.4577,0.0,0.0,441.4577,MIR-40CC0-73FF1-512,0,script,-1,complete,Not capability,0% <= x < 16.7%,0% <= x < 16.7%,0,0,0,1,1,1,0,0,0,0,0,0,0,1,0,0,0.0,0
586610.mira,586610,mira,2015-09-03 04:17:42,20150903,2015-09-03 04:18:34,20150903,2015-09-03 04:22:19,20150903,34871601655553,97534845395728,backfill,300.0,225.0,512.0,432.0,8192.0,6912.0,MIR-40880-73BB1-512,0,52,0,52,0,430.08,509.7244,0.0,512.0,0.0,0.0,512.0,MIR-40880-73BB1-512,0,script,-1,complete,Not capability,0% <= x < 16.7%,0% <= x < 16.7%,0,0,0,1,1,1,0,0,0,0,0,0,0,1,0,0,0.0,0
586611.mira,586611,mira,2015-09-03 04:17:44,20150903,2015-09-03 04:19:28,20150903,2015-09-03 04:22:33,20150903,34871601655553,97534845395728,backfill,300.0,185.0,512.0,432.0,8192.0,6912.0,MIR-40C40-73F71-512,0,104,0,104,0,355.2,420.9778,0.0,420.9777,0.0,0.0,420.9777,MIR-40C40-73F71-512,0,script,-1,complete,Not capability,0% <= x < 16.7%,0% <= x < 16.7%,0,0,0,1,1,1,0,0,0,0,0,0,0,1,0,0,0.0,0
586536.mira,586536,mira,2015-09-03 03:48:53,20150903,2015-09-03 04:23:12,20150903,2015-09-03 05:52:48,20150903,50394197576862,38970600412679,prod-short,5340.0,5376.0,4096.0,4096.0,65536.0,65536.0,MIR-00C00-73FF1-4096,143,2060,0,2060,0,97848.8889,97848.8889,0.0,97867.0933,0.0,0.0,97867.0933,MIR-00C00-73FF1-4096,143,script,-1,complete,Not capability,0% <= x < 16.7%,0% <= x < 16.7%,0,11,0,0,11,0,1,0,0,0,0,0,1,0,0,0,0.0,0
586620.mira,586620,mira,2015-09-03 04:22:49,20150903,2015-09-03 04:23:43,20150903,2015-09-03 04:26:15,20150903,34871601655553,97534845395728,backfill,300.0,152.0,512.0,432.0,8192.0,6912.0,MIR-40880-73BB1-512,0,54,0,54,0,291.84,345.8844,0.0,345.8844,0.0,0.0,345.8844,MIR-40880-73BB1-512,0,script,-1,complete,Not capability,0% <= x < 16.7%,0% <= x < 16.7%,0,0,0,1,1,1,0,0,0,0,0,0,0,1,0,0,0.0,0
586621.mira,586621,mira,2015-09-03 04:22:50,20150903,2015-09-03 04:27:15,20150903,2015-09-03 04:29:53,20150903,34871601655553,97534845395728,backfill,300.0,158.0,512.0,432.0,8192.0,6912.0,MIR-40880-73BB1-512,0,264,0,264,0,305.28,361.8133,0.0,359.5377,0.0,0.0,359.5377,MIR-40880-73BB1-512,0,script,-1,complete,Not capability,0% <= x < 16.7%,0% <= x < 16.7%,0,0,0,1,1,1,0,0,0,0,0,0,0,1,0,0,0.0,0
586629.mira,586629,mira,2015-09-03 04:27:52,20150903,2015-09-03 04:30:39,20150903,2015-09-03 04:33:41,20150903,34871601655553,97534845395728,backfill,300.0,182.0,512.0,432.0,8192.0,6912.0,MIR-40880-73BB1-512,0,166,0,166,0,349.44,414.1511,0.0,414.1511,0.0,0.0,414.1511,MIR-40880-73BB1-512,0,script,-1,complete,Not capability,0% <= x < 16.7%,0% <= x < 16.7%,0,0,0,1,1,1,0,0,0,0,0,0,0,1,0,0,0.0,0
586635.mira,586635,mira,2015-09-03 04:32:55,20150903,2015-09-03 04:34:39,20150903,2015-09-03 04:37:54,20150903,34871601655553,97534845395728,backfill,300.0,195.0,512.0,432.0,8192.0,6912.0,MIR-40880-73BB1-512,0,104,0,104,0,376.32,446.0089,0.0,443.7333,0.0,0.0,443.7333,MIR-40880-73BB1-512,0,script,-1,complete,Not capability,0% <= x < 16.7%,0% <= x < 16.7%,0,0,0,1,1,1,0,0,0,0,0,0,0,1,0,0,0.0,0
586640.mira,586640,mira,2015-09-03 04:38:01,20150903,2015-09-03 04:38:36,20150903,2015-09-03 04:41:19,20150903,34871601655553,97534845395728,backfill,300.0,163.0,512.0,432.0,8192.0,6912.0,MIR-40880-73BB1-512,0,35,0,35,0,311.04,368.64,0.0,370.9155,0.0,0.0,370.9155,MIR-40880-73BB1-512,0,script,-1,complete,Not capability,0% <= x < 16.7%,0% <= x < 16.7%,0,0,0,1,1,1,0,0,0,0,0,0,0,1,0,0,0.0,0
586639.mira,586639,mira,2015-09-03 04:37:58,20150903,2015-09-03 04:42:01,20150903,2015-09-03 04:44:53,20150903,34871601655553,97534845395728,backfill,300.0,172.0,512.0,432.0,8192.0,6912.0,MIR-40880-73BB1-512,0,243,0,243,0,328.32,389.12,0.0,391.3955,0.0,0.0,391.3955,MIR-40880-73BB1-512,0,script,-1,complete,Not capability,0% <= x < 16.7%,0% <= x < 16.7%,0,0,0,1,1,1,0,0,0,0,0,0,0,1,0,0,0.0,0
586617.mira,586617,mira,2015-09-03 04:21:50,20150903,2015-09-03 04:45:52,20150903,2015-09-03 05:43:48,20150903,97119758043959,98400208166986,prod-short,3600.0,3476.0,1024.0,1024.0,16384.0,16384.0,MIR-00880-33BF1-1-1024,0,1441,0,1441,0,15824.2133,15824.2133,0.0,15819.6622,0.0,0.0,15819.6622,MIR-00880-33BF1-1-1024,0,c2,-1,complete,Not capability,0% <= x < 16.7%,0% <= x < 16.7%,0,0,0,1,1,1,0,0,0,0,0,0,0,1,0,0,0.0,0
586643.mira,586643,mira,2015-09-03 04:43:04,20150903,2015-09-03 04:46:29,20150903,2015-09-03 04:49:58,20150903,34871601655553,97534845395728,backfill,300.0,209.0,512.0,432.0,8192.0,6912.0,MIR-40880-73BB1-512,0,205,0,205,0,403.2,477.8667,0.0,475.5911,0.0,0.0,475.5911,MIR-40880-73BB1-512,0,script,-1,complete,Not capability,0% <= x < 16.7%,0% <= x < 16.7%,0,0,0,1,1,1,0,0,0,0,0,0,0,1,0,0,0.0,0
586619.mira,586619,mira,2015-09-03 04:22:47,20150903,2015-09-03 04:47:00,20150903,2015-09-03 04:49:46,20150903,34871601655553,97534845395728,backfill,300.0,166.0,512.0,432.0,8192.0,6912.0,MIR-00800-33B31-512,0,1454,4,1454,4,318.72,377.7422,0.0,377.7422,0.0,0.0,377.7422,MIR-00800-33B31-512,0,script,-1,complete,Not capability,0% <= x < 16.7%,0% <= x < 16.7%,0,0,0,1,1,1,0,0,0,0,0,0,0,1,0,0,0.0,0
586652.mira,586652,mira,2015-09-03 04:48:16,20150903,2015-09-03 04:50:49,20150903,2015-09-03 04:53:57,20150903,34871601655553,97534845395728,backfill,300.0,188.0,512.0,432.0,8192.0,6912.0,MIR-40880-73BB1-512,0,153,0,153,0,362.88,430.08,0.0,427.8044,0.0,0.0,427.8044,MIR-40880-73BB1-512,0,script,-1,complete,Not capability,0% <= x < 16.7%,0% <= x < 16.7%,0,0,0,1,1,1,0,0,0,0,0,0,0,1,0,0,0.0,0
586609.mira,586609,mira,2015-09-03 04:17:40,20150903,2015-09-03 04:51:18,20150903,2015-09-03 04:54:10,20150903,34871601655553,97534845395728,backfill,300.0,172.0,512.0,432.0,8192.0,6912.0,MIR-00840-33B71-512,0,2018,6,2018,6,330.24,391.3956,0.0,391.3955,0.0,0.0,391.3955,MIR-00840-33B71-512,0,script,-1,complete,Not capability,0% <= x < 16.7%,0% <= x < 16.7%,0,0,0,1,1,1,0,0,0,0,0,0,0,1,0,0,0.0,0
586576.mira,586576,mira,2015-09-03 04:02:00,20150903,2015-09-03 04:51:48,20150903,2015-09-03 04:54:39,20150903,34871601655553,97534845395728,backfill,300.0,171.0,512.0,432.0,8192.0,6912.0,MIR-404C0-737F1-512,0,2987,9,2987,9,330.24,391.3956,0.0,389.12,0.0,0.0,389.12,MIR-404C0-737F1-512,0,script,-1,complete,Not capability,0% <= x < 16.7%,0% <= x < 16.7%,0,0,0,1,1,1,0,0,0,0,0,0,0,1,0,0,0.0,0
585576.mira,585576,mira,2015-09-02 16:40:04,20150902,2015-09-03 04:54:35,20150903,2015-09-03 06:29:00,20150903,19538777423807,64663463907625,prod-short,7200.0,5665.0,512.0,512.0,8192.0,8192.0,MIR-40880-73BB1-512,0,226,0,44072,6,12891.0222,12891.0222,0.0,12891.0222,0.0,0.0,12891.0222,MIR-40880-73BB1-512,0,c8,-1,complete,Not capability,0% <= x < 16.7%,0% <= x < 16.7%,0,0,0,1,1,1,0,0,0,0,0,0,0,1,0,0,0.0,0
586660.mira,586660,mira,2015-09-03 04:53:18,20150903,2015-09-03 04:55:12,20150903,2015-09-03 04:59:00,20150903,34871601655553,97534845395728,backfill,300.0,228.0,512.0,432.0,8192.0,6912.0,MIR-00840-33B71-512,0,113,0,113,0,439.68,521.1022,0.0,518.8266,0.0,0.0,518.8266,MIR-00840-33B71-512,0,script,-1,complete,Not capability,0% <= x < 16.7%,0% <= x < 16.7%,0,0,0,1,1,1,0,0,0,0,0,0,0,1,0,0,0.0,0
586661.mira,586661,mira,2015-09-03 04:53:20,20150903,2015-09-03 04:55:43,20150903,2015-09-03 04:58:23,20150903,34871601655553,97534845395728,backfill,300.0,160.0,512.0,432.0,8192.0,6912.0,MIR-404C0-737F1-512,0,144,0,144,0,307.2,364.0889,0.0,364.0888,0.0,0.0,364.0888,MIR-404C0-737F1-512,0,script,-1,complete,Not capability,0% <= x < 16.7%,0% <= x < 16.7%,0,0,0,1,1,1,0,0,0,0,0,0,0,1,0,0,0.0,0
586577.mira,586577,mira,2015-09-03 04:02:13,20150903,2015-09-03 04:56:12,20150903,2015-09-03 04:58:48,20150903,34871601655553,97534845395728,backfill,300.0,156.0,512.0,432.0,8192.0,6912.0,MIR-40800-73B31-512,0,3239,10,3239,10,299.52,354.9867,0.0,354.9866,0.0,0.0,354.9866,MIR-40800-73B31-512,0,script,-1,complete,Not capability,0% <= x < 16.7%,0% <= x < 16.7%,0,0,0,1,1,1,0,0,0,0,0,0,0,1,0,0,0.0,0
586676.mira,586676,mira,2015-09-03 04:58:30,20150903,2015-09-03 04:59:30,20150903,2015-09-03 05:02:05,20150903,34871601655553,97534845395728,backfill,300.0,155.0,512.0,432.0,8192.0,6912.0,MIR-404C0-737F1-512,0,60,0,60,0,299.52,354.9867,0.0,352.7111,0.0,0.0,352.7111,MIR-404C0-737F1-512,0,script,-1,complete,Not capability,0% <= x < 16.7%,0% <= x < 16.7%,0,0,0,1,1,1,0,0,0,0,0,0,0,1,0,0,0.0,0
586675.mira,586675,mira,2015-09-03 04:58:28,20150903,2015-09-03 05:00:01,20150903,2015-09-03 05:03:02,20150903,34871601655553,97534845395728,backfill,300.0,181.0,512.0,432.0,8192.0,6912.0,MIR-00840-33B71-512,0,93,0,93,0,349.44,414.1511,0.0,411.8755,0.0,0.0,411.8755,MIR-00840-33B71-512,0,script,-1,complete,Not capability,0% <= x < 16.7%,0% <= x < 16.7%,0,0,0,1,1,1,0,0,0,0,0,0,0,1,0,0,0.0,0
586674.mira,586674,mira,2015-09-03 04:58:26,20150903,2015-09-03 05:00:35,20150903,2015-09-03 05:03:43,20150903,34871601655553,97534845395728,backfill,300.0,188.0,512.0,432.0,8192.0,6912.0,MIR-40800-73B31-512,0,129,0,129,0,360.96,427.8044,0.0,427.8044,0.0,0.0,427.8044,MIR-40800-73B31-512,0,script,-1,complete,Not capability,0% <= x < 16.7%,0% <= x < 16.7%,0,0,0,1,1,1,0,0,0,0,0,0,0,1,0,0,0.0,0
586672.mira,586672,mira,2015-09-03 04:58:25,20150903,2015-09-03 05:02:36,20150903,2015-09-03 05:05:15,20150903,34871601655553,97534845395728,backfill,300.0,159.0,512.0,432.0,8192.0,6912.0,MIR-40080-733B1-512,0,251,0,251,0,307.2,364.0889,0.0,361.8133,0.0,0.0,361.8133,MIR-40080-733B1-512,0,script,-1,complete,Not capability,0% <= x < 16.7%,0% <= x < 16.7%,0,0,0,1,1,1,0,0,0,0,0,0,0,1,0,0,0.0,0
586560.mira,586560,mira,2015-09-03 03:56:49,20150903,2015-09-03 05:03:14,20150903,2015-09-03 05:06:04,20150903,34871601655553,97534845395728,backfill,300.0,170.0,512.0,432.0,8192.0,6912.0,MIR-404C0-737F1-512,0,3915,13,3984,13,326.4,386.8444,0.0,386.8444,0.0,0.0,386.8444,MIR-404C0-737F1-512,0,script,-1,complete,Not capability,0% <= x < 16.7%,0% <= x < 16.7%,0,0,0,1,1,1,0,0,0,0,0,0,0,1,0,0,0.0,0
586562.mira,586562,mira,2015-09-03 03:56:51,20150903,2015-09-03 05:03:45,20150903,2015-09-03 05:06:28,20150903,34871601655553,97534845395728,backfill,300.0,163.0,512.0,432.0,8192.0,6912.0,MIR-00800-33B31-512,0,3944,13,4013,13,312.96,370.9156,0.0,370.9155,0.0,0.0,370.9155,MIR-00800-33B31-512,0,script,-1,complete,Not capability,0% <= x < 16.7%,0% <= x < 16.7%,0,0,0,1,1,1,0,0,0,0,0,0,0,1,0,0,0.0,0
586687.mira,586687,mira,2015-09-03 05:03:48,20150903,2015-09-03 05:04:15,20150903,2015-09-03 05:07:43,20150903,34871601655553,97534845395728,backfill,300.0,208.0,512.0,432.0,8192.0,6912.0,MIR-40800-73B31-512,0,26,0,26,0,399.36,473.3156,0.0,473.3155,0.0,0.0,473.3155,MIR-40800-73B31-512,0,script,-1,complete,Not capability,0% <= x < 16.7%,0% <= x < 16.7%,0,0,0,1,1,1,0,0,0,0,0,0,0,1,0,0,0.0,0
586689.mira,586689,mira,2015-09-03 05:03:52,20150903,2015-09-03 05:06:11,20150903,2015-09-03 05:09:50,20150903,34871601655553,97534845395728,backfill,300.0,219.0,512.0,432.0,8192.0,6912.0,MIR-40080-733B1-512,0,140,0,140,0,420.48,498.3467,0.0,498.3466,0.0,0.0,498.3466,MIR-40080-733B1-512,0,script,-1,complete,Not capability,0% <= x < 16.7%,0% <= x < 16.7%,0,0,0,1,1,1,0,0,0,0,0,0,0,1,0,0,0.0,0
586686.mira,586686,mira,2015-09-03 05:03:47,20150903,2015-09-03 05:07:13,20150903,2015-09-03 05:09:50,20150903,34871601655553,97534845395728,backfill,300.0,157.0,512.0,432.0,8192.0,6912.0,MIR-404C0-737F1-512,0,207,0,207,0,301.44,357.2622,0.0,357.2622,0.0,0.0,357.2622,MIR-404C0-737F1-512,0,script,-1,complete,Not capability,0% <= x < 16.7%,0% <= x < 16.7%,0,0,0,1,1,1,0,0,0,0,0,0,0,1,0,0,0.0,0
586688.mira,586688,mira,2015-09-03 05:03:50,20150903,2015-09-03 05:07:45,20150903,2015-09-03 05:10:03,20150903,34871601655553,97534845395728,backfill,300.0,138.0,512.0,432.0,8192.0,6912.0,MIR-00840-33B71-512,0,236,0,236,0,264.96,314.0267,0.0,314.0266,0.0,0.0,314.0266,MIR-00840-33B71-512,0,script,-1,complete,Not capability,0% <= x < 16.7%,0% <= x < 16.7%,0,0,0,1,1,1,0,0,0,0,0,0,0,1,0,0,0.0,0
586691.mira,586691,mira,2015-09-03 05:03:53,20150903,2015-09-03 05:08:44,20150903,2015-09-03 05:13:04,20150903,34871601655553,97534845395728,backfill,300.0,260.0,512.0,432.0,8192.0,6912.0,MIR-40840-73B71-512,0,290,0,290,0,501.12,593.92,0.0,591.6444,0.0,0.0,591.6444,MIR-40840-73B71-512,0,script,-1,complete,Not capability,0% <= x < 16.7%,0% <= x < 16.7%,0,0,0,1,1,1,0,0,0,0,0,0,0,1,0,0,0.0,0
586705.mira,586705,mira,2015-09-03 05:09:15,20150903,2015-09-03 05:10:47,20150903,2015-09-03 05:15:23,20150903,34871601655553,97534845395728,backfill,300.0,276.0,512.0,432.0,8192.0,6912.0,MIR-40080-733B1-512,0,92,0,92,0,531.84,630.3289,0.0,628.0533,0.0,0.0,628.0533,MIR-40080-733B1-512,0,script,-1,complete,Not capability,0% <= x < 16.7%,0% <= x < 16.7%,0,0,0,1,1,1,0,0,0,0,0,0,0,1,0,0,0.0,0
586706.mira,586706,mira,2015-09-03 05:09:17,20150903,2015-09-03 05:11:16,20150903,2015-09-03 05:16:14,20150903,34871601655553,97534845395728,backfill,300.0,298.0,512.0,432.0,8192.0,6912.0,MIR-404C0-737F1-512,0,120,0,120,0,572.16,678.1156,0.0,678.1155,0.0,0.0,678.1155,MIR-404C0-737F1-512,0,script,-1,complete,Not capability,0% <= x < 16.7%,0% <= x < 16.7%,0,0,0,1,1,1,0,0,0,0,0,0,0,1,0,0,0.0,0
586703.mira,586703,mira,2015-09-03 05:08:56,20150903,2015-09-03 05:11:38,20150903,2015-09-03 05:15:49,20150903,34871601655553,97534845395728,backfill,300.0,251.0,512.0,432.0,8192.0,6912.0,MIR-00800-33B31-512,0,162,0,162,0,483.84,573.44,0.0,571.1644,0.0,0.0,571.1644,MIR-00800-33B31-512,0,script,-1,complete,Not capability,0% <= x < 16.7%,0% <= x < 16.7%,0,0,0,1,1,1,0,0,0,0,0,0,0,1,0,0,0.0,0
586704.mira,586704,mira,2015-09-03 05:09:11,20150903,2015-09-03 05:13:45,20150903,2015-09-03 05:18:35,20150903,34871601655553,97534845395728,backfill,300.0,290.0,512.0,432.0,8192.0,6912.0,MIR-40800-73B31-512,0,273,0,273,0,558.72,662.1867,0.0,659.9111,0.0,0.0,659.9111,MIR-40800-73B31-512,0,script,-1,complete,Not capability,0% <= x < 16.7%,0% <= x < 16.7%,0,0,0,1,1,1,0,0,0,0,0,0,0,1,0,0,0.0,0
586711.mira,586711,mira,2015-09-03 05:14:21,20150903,2015-09-03 05:16:18,20150903,2015-09-03 05:20:45,20150903,34871601655553,97534845395728,backfill,300.0,267.0,512.0,432.0,8192.0,6912.0,MIR-40080-733B1-512,0,118,0,118,0,512.64,607.5733,0.0,607.5733,0.0,0.0,607.5733,MIR-40080-733B1-512,0,script,-1,complete,Not capability,0% <= x < 16.7%,0% <= x < 16.7%,0,0,0,1,1,1,0,0,0,0,0,0,0,1,0,0,0.0,0
586713.mira,586713,mira,2015-09-03 05:14:24,20150903,2015-09-03 05:16:50,20150903,2015-09-03 05:21:14,20150903,34871601655553,97534845395728,backfill,300.0,264.0,512.0,432.0,8192.0,6912.0,MIR-00840-33B71-512,0,146,0,146,0,506.88,600.7467,0.0,600.7466,0.0,0.0,600.7466,MIR-00840-33B71-512,0,script,-1,complete,Not capability,0% <= x < 16.7%,0% <= x < 16.7%,0,0,0,1,1,1,0,0,0,0,0,0,0,1,0,0,0.0,0
586712.mira,586712,mira,2015-09-03 05:14:22,20150903,2015-09-03 05:17:20,20150903,2015-09-03 05:21:46,20150903,34871601655553,97534845395728,backfill,300.0,266.0,512.0,432.0,8192.0,6912.0,MIR-404C0-737F1-512,0,177,0,177,0,510.72,605.2978,0.0,605.2977,0.0,0.0,605.2977,MIR-404C0-737F1-512,0,script,-1,complete,Not capability,0% <= x < 16.7%,0% <= x < 16.7%,0,0,0,1,1,1,0,0,0,0,0,0,0,1,0,0,0.0,0
586104.mira,586104,mira,2015-09-02 23:30:06,20150902,2015-09-03 05:17:43,20150903,2015-09-03 09:18:35,20150903,47972554363297,57356241325548,prod-short,14400.0,14452.0,512.0,512.0,8192.0,8192.0,MIR-444C0-777F1-512,143,14336,0,20857,1,32884.0533,32884.0533,0.0,32886.3288,0.0,0.0,32886.3288,MIR-444C0-777F1-512,143,script,-1,complete,Not capability,0% <= x < 16.7%,0% <= x < 16.7%,8,0,0,0,8,0,0,0,1,1,0,0,0,0,0,0,0.0,0
586710.mira,586710,mira,2015-09-03 05:14:19,20150903,2015-09-03 05:19:18,20150903,2015-09-03 05:23:56,20150903,34871601655553,97534845395728,backfill,300.0,278.0,512.0,432.0,8192.0,6912.0,MIR-40840-73B71-512,0,299,0,299,0,533.76,632.6044,0.0,632.6044,0.0,0.0,632.6044,MIR-40840-73B71-512,0,script,-1,complete,Not capability,0% <= x < 16.7%,0% <= x < 16.7%,0,0,0,1,1,1,0,0,0,0,0,0,0,1,0,0,0.0,0
586720.mira,586720,mira,2015-09-03 05:19:28,20150903,2015-09-03 05:21:41,20150903,2015-09-03 05:25:48,20150903,34871601655553,97534845395728,backfill,300.0,247.0,512.0,432.0,8192.0,6912.0,MIR-40080-733B1-512,0,132,0,132,0,476.16,564.3378,0.0,562.0622,0.0,0.0,562.0622,MIR-40080-733B1-512,0,script,-1,complete,Not capability,0% <= x < 16.7%,0% <= x < 16.7%,0,0,0,1,1,1,0,0,0,0,0,0,0,1,0,0,0.0,0
586725.mira,586725,mira,2015-09-03 05:19:32,20150903,2015-09-03 05:22:11,20150903,2015-09-03 05:26:40,20150903,34871601655553,97534845395728,backfill,300.0,269.0,512.0,432.0,8192.0,6912.0,MIR-00800-33B31-512,0,159,0,159,0,514.56,609.8489,0.0,612.1244,0.0,0.0,612.1244,MIR-00800-33B31-512,0,script,-1,complete,Not capability,0% <= x < 16.7%,0% <= x < 16.7%,0,0,0,1,1,1,0,0,0,0,0,0,0,1,0,0,0.0,0
586722.mira,586722,mira,2015-09-03 05:19:30,20150903,2015-09-03 05:22:39,20150903,2015-09-03 05:26:28,20150903,34871601655553,97534845395728,backfill,300.0,229.0,512.0,432.0,8192.0,6912.0,MIR-404C0-737F1-512,0,188,0,188,0,441.6,523.3778,0.0,521.1022,0.0,0.0,521.1022,MIR-404C0-737F1-512,0,script,-1,complete,Not capability,0% <= x < 16.7%,0% <= x < 16.7%,0,0,0,1,1,1,0,0,0,0,0,0,0,1,0,0,0.0,0
586231.mira,586231,mira,2015-09-03 01:27:47,20150903,2015-09-03 05:23:06,20150903,2015-09-03 08:49:00,20150903,11261749645351,83102796172305,prod-short,18000.0,12354.0,512.0,512.0,8192.0,8192.0,MIR-04080-373B1-512,0,14119,0,14119,0,28112.2133,28112.2133,0.0,28112.2133,0.0,0.0,28112.2133,MIR-04080-373B1-512,0,script,-1,complete,Not capability,0% <= x < 16.7%,0% <= x < 16.7%,64,0,0,0,64,0,0,0,1,1,0,0,0,0,0,0,0.0,0
586719.mira,586719,mira,2015-09-03 05:19:27,20150903,2015-09-03 05:24:25,20150903,2015-09-03 05:28:32,20150903,34871601655553,97534845395728,backfill,300.0,247.0,512.0,432.0,8192.0,6912.0,MIR-40840-73B71-512,0,299,0,299,0,474.24,562.0622,0.0,562.0622,0.0,0.0,562.0622,MIR-40840-73B71-512,0,script,-1,complete,Not capability,0% <= x < 16.7%,0% <= x < 16.7%,0,0,0,1,1,1,0,0,0,0,0,0,0,1,0,0,0.0,0
586739.mira,586739,mira,2015-09-03 05:24:46,20150903,2015-09-03 05:26:42,20150903,2015-09-03 05:30:47,20150903,34871601655553,97534845395728,backfill,300.0,245.0,512.0,432.0,8192.0,6912.0,MIR-40080-733B1-512,0,116,0,116,0,472.32,559.7867,0.0,557.5111,0.0,0.0,557.5111,MIR-40080-733B1-512,0,script,-1,complete,Not capability,0% <= x < 16.7%,0% <= x < 16.7%,0,0,0,1,1,1,0,0,0,0,0,0,0,1,0,0,0.0,0
586740.mira,586740,mira,2015-09-03 05:24:53,20150903,2015-09-03 05:27:13,20150903,2015-09-03 05:32:05,20150903,34871601655553,97534845395728,backfill,300.0,292.0,512.0,432.0,8192.0,6912.0,MIR-40480-737B1-512,0,139,0,139,0,562.56,666.7378,0.0,664.4622,0.0,0.0,664.4622,MIR-40480-737B1-512,0,script,-1,complete,Not capability,0% <= x < 16.7%,0% <= x < 16.7%,0,0,0,1,1,1,0,0,0,0,0,0,0,1,0,0,0.0,0
586738.mira,586738,mira,2015-09-03 05:24:38,20150903,2015-09-03 05:27:41,20150903,2015-09-03 05:31:38,20150903,34871601655553,97534845395728,backfill,300.0,237.0,512.0,432.0,8192.0,6912.0,MIR-00840-33B71-512,0,183,0,183,0,456.96,541.5822,0.0,539.3066,0.0,0.0,539.3066,MIR-00840-33B71-512,0,script,-1,complete,Not capability,0% <= x < 16.7%,0% <= x < 16.7%,0,0,0,1,1,1,0,0,0,0,0,0,0,1,0,0,0.0,0
586737.mira,586737,mira,2015-09-03 05:24:34,20150903,2015-09-03 05:29:31,20150903,2015-09-03 05:33:51,20150903,34871601655553,97534845395728,backfill,300.0,260.0,512.0,432.0,8192.0,6912.0,MIR-40800-73B31-512,0,296,0,296,0,499.2,591.6444,0.0,591.6444,0.0,0.0,591.6444,MIR-40800-73B31-512,0,script,-1,complete,Not capability,0% <= x < 16.7%,0% <= x < 16.7%,0,0,0,1,1,1,0,0,0,0,0,0,0,1,0,0,0.0,0
586754.mira,586754,mira,2015-09-03 05:30:05,20150903,2015-09-03 05:31:25,20150903,2015-09-03 05:36:02,20150903,34871601655553,97534845395728,backfill,300.0,277.0,512.0,432.0,8192.0,6912.0,MIR-40080-733B1-512,0,81,0,81,0,531.84,630.3289,0.0,630.3288,0.0,0.0,630.3288,MIR-40080-733B1-512,0,script,-1,complete,Not capability,0% <= x < 16.7%,0% <= x < 16.7%,0,0,0,1,1,1,0,0,0,0,0,0,0,1,0,0,0.0,0
586755.mira,586755,mira,2015-09-03 05:30:06,20150903,2015-09-03 05:32:23,20150903,2015-09-03 05:36:50,20150903,34871601655553,97534845395728,backfill,300.0,267.0,512.0,432.0,8192.0,6912.0,MIR-00800-33B31-512,0,136,0,136,0,512.64,607.5733,0.0,607.5733,0.0,0.0,607.5733,MIR-00800-33B31-512,0,script,-1,complete,Not capability,0% <= x < 16.7%,0% <= x < 16.7%,0,0,0,1,1,1,0,0,0,0,0,0,0,1,0,0,0.0,0
586753.mira,586753,mira,2015-09-03 05:30:03,20150903,2015-09-03 05:32:53,20150903,2015-09-03 05:37:14,20150903,34871601655553,97534845395728,backfill,300.0,261.0,512.0,432.0,8192.0,6912.0,MIR-404C0-737F1-512,0,171,0,171,0,499.2,591.6444,0.0,593.92,0.0,0.0,593.92,MIR-404C0-737F1-512,0,script,-1,complete,Not capability,0% <= x < 16.7%,0% <= x < 16.7%,0,0,0,1,1,1,0,0,0,0,0,0,0,1,0,0,0.0,0
586752.mira,586752,mira,2015-09-03 05:30:00,20150903,2015-09-03 05:34:48,20150903,2015-09-03 05:38:29,20150903,34871601655553,97534845395728,backfill,300.0,221.0,512.0,432.0,8192.0,6912.0,MIR-40840-73B71-512,0,287,0,287,0,426.24,505.1733,0.0,502.8977,0.0,0.0,502.8977,MIR-40840-73B71-512,0,script,-1,complete,Not capability,0% <= x < 16.7%,0% <= x < 16.7%,0,0,0,1,1,1,0,0,0,0,0,0,0,1,0,0,0.0,0
586764.mira,586764,mira,2015-09-03 05:35:22,20150903,2015-09-03 05:37:04,20150903,2015-09-03 05:40:49,20150903,34871601655553,97534845395728,backfill,300.0,225.0,512.0,432.0,8192.0,6912.0,MIR-40080-733B1-512,0,102,0,102,0,432.0,512.0,0.0,512.0,0.0,0.0,512.0,MIR-40080-733B1-512,0,script,-1,complete,Not capability,0% <= x < 16.7%,0% <= x < 16.7%,0,0,0,1,1,1,0,0,0,0,0,0,0,1,0,0,0.0,0
586763.mira,586763,mira,2015-09-03 05:35:20,20150903,2015-09-03 05:37:34,20150903,2015-09-03 05:41:33,20150903,34871601655553,97534845395728,backfill,300.0,239.0,512.0,432.0,8192.0,6912.0,MIR-00800-33B31-512,0,134,0,134,0,456.96,541.5822,0.0,543.8577,0.0,0.0,543.8577,MIR-00800-33B31-512,0,script,-1,complete,Not capability,0% <= x < 16.7%,0% <= x < 16.7%,0,0,0,1,1,1,0,0,0,0,0,0,0,1,0,0,0.0,0
586761.mira,586761,mira,2015-09-03 05:35:16,20150903,2015-09-03 05:38:29,20150903,2015-09-03 05:42:27,20150903,34871601655553,97534845395728,backfill,300.0,238.0,512.0,432.0,8192.0,6912.0,MIR-40480-737B1-512,0,193,0,193,0,455.04,539.3067,0.0,541.5822,0.0,0.0,541.5822,MIR-40480-737B1-512,0,script,-1,complete,Not capability,0% <= x < 16.7%,0% <= x < 16.7%,0,0,0,1,1,1,0,0,0,0,0,0,0,1,0,0,0.0,0
586762.mira,586762,mira,2015-09-03 05:35:18,20150903,2015-09-03 05:39:30,20150903,2015-09-03 05:43:24,20150903,34871601655553,97534845395728,backfill,300.0,234.0,512.0,432.0,8192.0,6912.0,MIR-40840-73B71-512,0,253,0,253,0,447.36,530.2044,0.0,532.48,0.0,0.0,532.48,MIR-40840-73B71-512,0,script,-1,complete,Not capability,0% <= x < 16.7%,0% <= x < 16.7%,0,0,0,1,1,1,0,0,0,0,0,0,0,1,0,0,0.0,0
586770.mira,586770,mira,2015-09-03 05:40:26,20150903,2015-09-03 05:41:46,20150903,2015-09-03 05:44:42,20150903,34871601655553,97534845395728,backfill,300.0,176.0,512.0,432.0,8192.0,6912.0,MIR-40080-733B1-512,0,81,0,81,0,337.92,400.4978,0.0,400.4977,0.0,0.0,400.4977,MIR-40080-733B1-512,0,script,-1,complete,Not capability,0% <= x < 16.7%,0% <= x < 16.7%,0,0,0,1,1,1,0,0,0,0,0,0,0,1,0,0,0.0,0
586772.mira,586772,mira,2015-09-03 05:40:29,20150903,2015-09-03 05:43:11,20150903,2015-09-03 05:46:39,20150903,34871601655553,97534845395728,backfill,300.0,208.0,512.0,432.0,8192.0,6912.0,MIR-404C0-737F1-512,0,162,0,162,0,397.44,471.04,0.0,473.3155,0.0,0.0,473.3155,MIR-404C0-737F1-512,0,script,-1,complete,Not capability,0% <= x < 16.7%,0% <= x < 16.7%,0,0,0,1,1,1,0,0,0,0,0,0,0,1,0,0,0.0,0
586771.mira,586771,mira,2015-09-03 05:40:28,20150903,2015-09-03 05:44:06,20150903,2015-09-03 05:48:14,20150903,34871601655553,97534845395728,backfill,300.0,248.0,512.0,432.0,8192.0,6912.0,MIR-40840-73B71-512,0,219,0,219,0,476.16,564.3378,0.0,564.3377,0.0,0.0,564.3377,MIR-40840-73B71-512,0,script,-1,complete,Not capability,0% <= x < 16.7%,0% <= x < 16.7%,0,0,0,1,1,1,0,0,0,0,0,0,0,1,0,0,0.0,0
586769.mira,586769,mira,2015-09-03 05:40:24,20150903,2015-09-03 05:44:36,20150903,2015-09-03 05:47:59,20150903,34871601655553,97534845395728,backfill,300.0,203.0,512.0,432.0,8192.0,6912.0,MIR-00880-33BB1-512,0,252,0,252,0,389.76,461.9378,0.0,461.9377,0.0,0.0,461.9377,MIR-00880-33BB1-512,0,script,-1,complete,Not capability,0% <= x < 16.7%,0% <= x < 16.7%,0,0,0,1,1,1,0,0,0,0,0,0,0,1,0,0,0.0,0
586783.mira,586783,mira,2015-09-03 05:45:37,20150903,2015-09-03 05:45:58,20150903,2015-09-03 05:49:55,20150903,34871601655553,97534845395728,backfill,300.0,237.0,512.0,432.0,8192.0,6912.0,MIR-40080-733B1-512,0,21,0,21,0,455.04,539.3067,0.0,539.3066,0.0,0.0,539.3066,MIR-40080-733B1-512,0,script,-1,complete,Not capability,0% <= x < 16.7%,0% <= x < 16.7%,0,0,0,1,1,1,0,0,0,0,0,0,0,1,0,0,0.0,0
586782.mira,586782,mira,2015-09-03 05:45:35,20150903,2015-09-03 05:47:21,20150903,2015-09-03 05:50:20,20150903,34871601655553,97534845395728,backfill,300.0,179.0,512.0,432.0,8192.0,6912.0,MIR-404C0-737F1-512,0,106,0,106,0,341.76,405.0489,0.0,407.3244,0.0,0.0,407.3244,MIR-404C0-737F1-512,0,script,-1,complete,Not capability,0% <= x < 16.7%,0% <= x < 16.7%,0,0,0,1,1,1,0,0,0,0,0,0,0,1,0,0,0.0,0
586781.mira,586781,mira,2015-09-03 05:45:34,20150903,2015-09-03 05:48:48,20150903,2015-09-03 05:52:36,20150903,34871601655553,97534845395728,backfill,300.0,228.0,512.0,432.0,8192.0,6912.0,MIR-40800-73B31-512,0,194,0,194,0,439.68,521.1022,0.0,518.8266,0.0,0.0,518.8266,MIR-40800-73B31-512,0,script,-1,complete,Not capability,0% <= x < 16.7%,0% <= x < 16.7%,0,0,0,1,1,1,0,0,0,0,0,0,0,1,0,0,0.0,0
586780.mira,586780,mira,2015-09-03 05:45:32,20150903,2015-09-03 05:49:22,20150903,2015-09-03 05:53:13,20150903,34871601655553,97534845395728,backfill,300.0,231.0,512.0,432.0,8192.0,6912.0,MIR-00800-33B31-512,0,230,0,230,0,445.44,527.9289,0.0,525.6533,0.0,0.0,525.6533,MIR-00800-33B31-512,0,script,-1,complete,Not capability,0% <= x < 16.7%,0% <= x < 16.7%,0,0,0,1,1,1,0,0,0,0,0,0,0,1,0,0,0.0,0
586784.mira,586784,mira,2015-09-03 05:45:38,20150903,2015-09-03 05:50:27,20150903,2015-09-03 05:54:23,20150903,34871601655553,97534845395728,backfill,300.0,236.0,512.0,432.0,8192.0,6912.0,MIR-40440-73771-512,0,288,0,288,0,453.12,537.0311,0.0,537.0311,0.0,0.0,537.0311,MIR-40440-73771-512,0,script,-1,complete,Not capability,0% <= x < 16.7%,0% <= x < 16.7%,0,0,0,1,1,1,0,0,0,0,0,0,0,1,0,0,0.0,0
586557.mira,586557,mira,2015-09-03 03:56:44,20150903,2015-09-03 05:50:58,20150903,2015-09-03 05:55:09,20150903,34871601655553,97534845395728,backfill,300.0,251.0,512.0,432.0,8192.0,6912.0,MIR-40080-733B1-512,0,6784,22,6854,22,481.92,571.1644,0.0,571.1644,0.0,0.0,571.1644,MIR-40080-733B1-512,0,script,-1,complete,Not capability,0% <= x < 16.7%,0% <= x < 16.7%,0,0,0,1,1,1,0,0,0,0,0,0,0,1,0,0,0.0,0
586794.mira,586794,mira,2015-09-03 05:51:02,20150903,2015-09-03 05:51:26,20150903,2015-09-03 05:55:24,20150903,34871601655553,97534845395728,backfill,300.0,238.0,512.0,432.0,8192.0,6912.0,MIR-404C0-737F1-512,0,23,0,23,0,458.88,543.8578,0.0,541.5822,0.0,0.0,541.5822,MIR-404C0-737F1-512,0,script,-1,complete,Not capability,0% <= x < 16.7%,0% <= x < 16.7%,0,0,0,1,1,1,0,0,0,0,0,0,0,1,0,0,0.0,0
586792.mira,586792,mira,2015-09-03 05:51:01,20150903,2015-09-03 05:53:12,20150903,2015-09-03 05:56:47,20150903,34871601655553,97534845395728,backfill,300.0,215.0,512.0,432.0,8192.0,6912.0,MIR-40840-73B71-512,0,77,0,131,0,412.8,489.2444,0.0,489.2444,0.0,0.0,489.2444,MIR-40840-73B71-512,0,script,-1,complete,Not capability,0% <= x < 16.7%,0% <= x < 16.7%,0,0,0,1,1,1,0,0,0,0,0,0,0,1,0,0,0.0,0
586575.mira,586575,mira,2015-09-03 04:00:38,20150903,2015-09-03 05:53:40,20150903,2015-09-03 06:28:17,20150903,29465017993685,27406265552810,prod-short,7200.0,2077.0,4096.0,4096.0,65536.0,65536.0,MIR-00C00-73FF1-4096,0,6782,0,6782,0,37828.8356,37828.8356,0.0,37810.6311,0.0,0.0,37810.6311,MIR-00C00-73FF1-4096,0,script,-1,complete,Not capability,0% <= x < 16.7%,0% <= x < 16.7%,0,0,0,1,1,1,0,0,0,0,0,0,0,1,0,0,0.0,0
586791.mira,586791,mira,2015-09-03 05:50:56,20150903,2015-09-03 05:54:11,20150903,2015-09-03 05:58:05,20150903,34871601655553,97534845395728,backfill,300.0,234.0,512.0,432.0,8192.0,6912.0,MIR-00800-33B31-512,0,141,0,194,0,451.2,534.7556,0.0,532.48,0.0,0.0,532.48,MIR-00800-33B31-512,0,script,-1,complete,Not capability,0% <= x < 16.7%,0% <= x < 16.7%,0,0,0,1,1,1,0,0,0,0,0,0,0,1,0,0,0.0,0
586789.mira,586789,mira,2015-09-03 05:50:44,20150903,2015-09-03 05:55:32,20150903,2015-09-03 05:58:18,20150903,34871601655553,97534845395728,backfill,300.0,166.0,512.0,432.0,8192.0,6912.0,MIR-40080-733B1-512,0,234,0,287,0,318.72,377.7422,0.0,377.7422,0.0,0.0,377.7422,MIR-40080-733B1-512,0,script,-1,complete,Not capability,0% <= x < 16.7%,0% <= x < 16.7%,0,0,0,1,1,1,0,0,0,0,0,0,0,1,0,0,0.0,0
586788.mira,586788,mira,2015-09-03 05:50:41,20150903,2015-09-03 05:56:01,20150903,2015-09-03 05:59:04,20150903,34871601655553,97534845395728,backfill,300.0,183.0,512.0,432.0,8192.0,6912.0,MIR-40440-73771-512,0,267,0,320,1,351.36,416.4267,0.0,416.4266,0.0,0.0,416.4266,MIR-40440-73771-512,0,script,-1,complete,Not capability,0% <= x < 16.7%,0% <= x < 16.7%,0,0,0,1,1,1,0,0,0,0,0,0,0,1,0,0,0.0,0
586802.mira,586802,mira,2015-09-03 05:56:11,20150903,2015-09-03 05:56:31,20150903,2015-09-03 05:59:28,20150903,34871601655553,97534845395728,backfill,300.0,177.0,512.0,432.0,8192.0,6912.0,MIR-404C0-737F1-512,0,20,0,20,0,337.92,400.4978,0.0,402.7733,0.0,0.0,402.7733,MIR-404C0-737F1-512,0,script,-1,complete,Not capability,0% <= x < 16.7%,0% <= x < 16.7%,0,0,0,1,1,1,0,0,0,0,0,0,0,1,0,0,0.0,0
586801.mira,586801,mira,2015-09-03 05:56:09,20150903,2015-09-03 05:57:31,20150903,2015-09-03 06:00:14,20150903,34871601655553,97534845395728,backfill,300.0,163.0,512.0,432.0,8192.0,6912.0,MIR-40800-73B31-512,0,82,0,82,0,312.96,370.9156,0.0,370.9155,0.0,0.0,370.9155,MIR-40800-73B31-512,0,script,-1,complete,Not capability,0% <= x < 16.7%,0% <= x < 16.7%,0,0,0,1,1,1,0,0,0,0,0,0,0,1,0,0,0.0,0
586803.mira,586803,mira,2015-09-03 05:56:13,20150903,2015-09-03 05:58:54,20150903,2015-09-03 06:02:16,20150903,34871601655553,97534845395728,backfill,300.0,202.0,512.0,432.0,8192.0,6912.0,MIR-40080-733B1-512,0,141,0,161,0,387.84,459.6622,0.0,459.6622,0.0,0.0,459.6622,MIR-40080-733B1-512,0,script,-1,complete,Not capability,0% <= x < 16.7%,0% <= x < 16.7%,0,0,0,1,1,1,0,0,0,0,0,0,0,1,0,0,0.0,0
586799.mira,586799,mira,2015-09-03 05:56:04,20150903,2015-09-03 05:59:24,20150903,2015-09-03 06:02:15,20150903,34871601655553,97534845395728,backfill,300.0,171.0,512.0,432.0,8192.0,6912.0,MIR-00880-33BB1-512,0,179,0,199,0,330.24,391.3956,0.0,389.12,0.0,0.0,389.12,MIR-00880-33BB1-512,0,script,-1,complete,Not capability,0% <= x < 16.7%,0% <= x < 16.7%,0,0,0,1,1,1,0,0,0,0,0,0,0,1,0,0,0.0,0
586800.mira,586800,mira,2015-09-03 05:56:06,20150903,2015-09-03 06:00:17,20150903,2015-09-03 06:02:53,20150903,34871601655553,97534845395728,backfill,300.0,156.0,512.0,432.0,8192.0,6912.0,MIR-40440-73771-512,0,230,0,250,0,301.44,357.2622,0.0,354.9866,0.0,0.0,354.9866,MIR-40440-73771-512,0,script,-1,complete,Not capability,0% <= x < 16.7%,0% <= x < 16.7%,0,0,0,1,1,1,0,0,0,0,0,0,0,1,0,0,0.0,0
586559.mira,586559,mira,2015-09-03 03:56:48,20150903,2015-09-03 06:00:47,20150903,2015-09-03 06:03:49,20150903,34871601655553,97534845395728,backfill,300.0,182.0,512.0,432.0,8192.0,6912.0,MIR-404C0-737F1-512,0,7298,24,7439,24,351.36,416.4267,0.0,414.1511,0.0,0.0,414.1511,MIR-404C0-737F1-512,0,script,-1,complete,Not capability,0% <= x < 16.7%,0% <= x < 16.7%,0,0,0,1,1,1,0,0,0,0,0,0,0,1,0,0,0.0,0
586432.mira,586432,mira,2015-09-03 02:58:58,20150903,2015-09-03 06:01:16,20150903,2015-09-03 06:05:27,20150903,34871601655553,97534845395728,backfill,300.0,251.0,512.0,432.0,8192.0,6912.0,MIR-40800-73B31-512,0,10182,33,10937,36,481.92,571.1644,0.0,571.1644,0.0,0.0,571.1644,MIR-40800-73B31-512,0,script,-1,complete,Not capability,0% <= x < 16.7%,0% <= x < 16.7%,0,0,0,1,1,1,0,0,0,0,0,0,0,1,0,0,0.0,0
586816.mira,586816,mira,2015-09-03 06:01:27,20150903,2015-09-03 06:03:07,20150903,2015-09-03 06:06:47,20150903,34871601655553,97534845395728,backfill,300.0,220.0,512.0,432.0,8192.0,6912.0,MIR-40080-733B1-512,0,66,0,99,0,424.32,502.8978,0.0,500.6222,0.0,0.0,500.6222,MIR-40080-733B1-512,0,script,-1,complete,Not capability,0% <= x < 16.7%,0% <= x < 16.7%,0,0,0,1,1,1,0,0,0,0,0,0,0,1,0,0,0.0,0
586812.mira,586812,mira,2015-09-03 06:01:19,20150903,2015-09-03 06:03:34,20150903,2015-09-03 06:06:21,20150903,34871601655553,97534845395728,backfill,300.0,167.0,512.0,432.0,8192.0,6912.0,MIR-40440-73771-512,0,93,0,134,0,322.56,382.2933,0.0,380.0177,0.0,0.0,380.0177,MIR-40440-73771-512,0,script,-1,complete,Not capability,0% <= x < 16.7%,0% <= x < 16.7%,0,0,0,1,1,1,0,0,0,0,0,0,0,1,0,0,0.0,0
586813.mira,586813,mira,2015-09-03 06:01:21,20150903,2015-09-03 06:04:01,20150903,2015-09-03 06:07:34,20150903,34871601655553,97534845395728,backfill,300.0,213.0,512.0,432.0,8192.0,6912.0,MIR-00840-33B71-512,0,121,0,160,0,408.96,484.6933,0.0,484.6933,0.0,0.0,484.6933,MIR-00840-33B71-512,0,script,-1,complete,Not capability,0% <= x < 16.7%,0% <= x < 16.7%,0,0,0,1,1,1,0,0,0,0,0,0,0,1,0,0,0.0,0
586815.mira,586815,mira,2015-09-03 06:01:25,20150903,2015-09-03 06:04:29,20150903,2015-09-03 06:08:00,20150903,34871601655553,97534845395728,backfill,300.0,211.0,512.0,432.0,8192.0,6912.0,MIR-40480-737B1-512,0,149,0,185,0,403.2,477.8667,0.0,480.1422,0.0,0.0,480.1422,MIR-40480-737B1-512,0,script,-1,complete,Not capability,0% <= x < 16.7%,0% <= x < 16.7%,0,0,0,1,1,1,0,0,0,0,0,0,0,1,0,0,0.0,0
586811.mira,586811,mira,2015-09-03 06:01:18,20150903,2015-09-03 06:06:23,20150903,2015-09-03 06:09:33,20150903,34871601655553,97534845395728,backfill,300.0,190.0,512.0,432.0,8192.0,6912.0,MIR-40800-73B31-512,0,224,0,305,1,364.8,432.3556,0.0,432.3555,0.0,0.0,432.3555,MIR-40800-73B31-512,0,script,-1,complete,Not capability,0% <= x < 16.7%,0% <= x < 16.7%,0,0,0,1,1,1,0,0,0,0,0,0,0,1,0,0,0.0,0
586828.mira,586828,mira,2015-09-03 06:06:49,20150903,2015-09-03 06:07:22,20150903,2015-09-03 06:10:17,20150903,34871601655553,97534845395728,backfill,300.0,175.0,512.0,432.0,8192.0,6912.0,MIR-40440-73771-512,0,33,0,33,0,336.0,398.2222,0.0,398.2222,0.0,0.0,398.2222,MIR-40440-73771-512,0,script,-1,complete,Not capability,0% <= x < 16.7%,0% <= x < 16.7%,0,0,0,1,1,1,0,0,0,0,0,0,0,1,0,0,0.0,0
586830.mira,586830,mira,2015-09-03 06:06:51,20150903,2015-09-03 06:07:49,20150903,2015-09-03 06:10:29,20150903,34871601655553,97534845395728,backfill,300.0,160.0,512.0,432.0,8192.0,6912.0,MIR-40080-733B1-512,0,59,0,59,0,305.28,361.8133,0.0,364.0888,0.0,0.0,364.0888,MIR-40080-733B1-512,0,script,-1,complete,Not capability,0% <= x < 16.7%,0% <= x < 16.7%,0,0,0,1,1,1,0,0,0,0,0,0,0,1,0,0,0.0,0
586827.mira,586827,mira,2015-09-03 06:06:45,20150903,2015-09-03 06:08:20,20150903,2015-09-03 06:11:34,20150903,34871601655553,97534845395728,backfill,300.0,194.0,512.0,432.0,8192.0,6912.0,MIR-00800-33B31-512,0,94,0,94,0,372.48,441.4578,0.0,441.4577,0.0,0.0,441.4577,MIR-00800-33B31-512,0,script,-1,complete,Not capability,0% <= x < 16.7%,0% <= x < 16.7%,0,0,0,1,1,1,0,0,0,0,0,0,0,1,0,0,0.0,0
586825.mira,586825,mira,2015-09-03 06:06:37,20150903,2015-09-03 06:08:42,20150903,2015-09-03 06:11:21,20150903,34871601655553,97534845395728,backfill,300.0,159.0,512.0,432.0,8192.0,6912.0,MIR-40480-737B1-512,0,126,0,126,0,305.28,361.8133,0.0,361.8133,0.0,0.0,361.8133,MIR-40480-737B1-512,0,script,-1,complete,Not capability,0% <= x < 16.7%,0% <= x < 16.7%,0,0,0,1,1,1,0,0,0,0,0,0,0,1,0,0,0.0,0
586824.mira,586824,mira,2015-09-03 06:06:33,20150903,2015-09-03 06:10:24,20150903,2015-09-03 06:12:55,20150903,34871601655553,97534845395728,backfill,300.0,151.0,512.0,432.0,8192.0,6912.0,MIR-40800-73B31-512,0,195,0,232,0,291.84,345.8844,0.0,343.6088,0.0,0.0,343.6088,MIR-40800-73B31-512,0,script,-1,complete,Not capability,0% <= x < 16.7%,0% <= x < 16.7%,0,0,0,1,1,1,0,0,0,0,0,0,0,1,0,0,0.0,0
586822.mira,586822,mira,2015-09-03 06:06:30,20150903,2015-09-03 06:11:21,20150903,2015-09-03 06:14:17,20150903,34871601655553,97534845395728,backfill,300.0,176.0,512.0,432.0,8192.0,6912.0,MIR-40440-73771-512,0,254,0,292,0,339.84,402.7733,0.0,400.4977,0.0,0.0,400.4977,MIR-40440-73771-512,0,script,-1,complete,Not capability,0% <= x < 16.7%,0% <= x < 16.7%,0,0,0,1,1,1,0,0,0,0,0,0,0,1,0,0,0.0,0
586823.mira,586823,mira,2015-09-03 06:06:31,20150903,2015-09-03 06:11:53,20150903,2015-09-03 06:15:02,20150903,34871601655553,97534845395728,backfill,300.0,189.0,512.0,432.0,8192.0,6912.0,MIR-40080-733B1-512,0,284,0,322,1,360.96,427.8044,0.0,430.08,0.0,0.0,430.08,MIR-40080-733B1-512,0,script,-1,complete,Not capability,0% <= x < 16.7%,0% <= x < 16.7%,0,0,0,1,1,1,0,0,0,0,0,0,0,1,0,0,0.0,0
586840.mira,586840,mira,2015-09-03 06:12:00,20150903,2015-09-03 06:12:25,20150903,2015-09-03 06:15:54,20150903,34871601655553,97534845395728,backfill,300.0,209.0,512.0,432.0,8192.0,6912.0,MIR-404C0-737F1-512,0,25,0,25,0,401.28,475.5911,0.0,475.5911,0.0,0.0,475.5911,MIR-404C0-737F1-512,0,script,-1,complete,Not capability,0% <= x < 16.7%,0% <= x < 16.7%,0,0,0,1,1,1,0,0,0,0,0,0,0,1,0,0,0.0,0
586843.mira,586843,mira,2015-09-03 06:12:15,20150903,2015-09-03 06:12:44,20150903,2015-09-03 06:15:15,20150903,34871601655553,97534845395728,backfill,300.0,151.0,512.0,432.0,8192.0,6912.0,MIR-008C0-33BF1-512,0,29,0,29,0,288.0,341.3333,0.0,343.6088,0.0,0.0,343.6088,MIR-008C0-33BF1-512,0,script,-1,complete,Not capability,0% <= x < 16.7%,0% <= x < 16.7%,0,0,0,1,1,1,0,0,0,0,0,0,0,1,0,0,0.0,0
586842.mira,586842,mira,2015-09-03 06:12:03,20150903,2015-09-03 06:13:44,20150903,2015-09-03 06:17:05,20150903,34871601655553,97534845395728,backfill,300.0,201.0,512.0,432.0,8192.0,6912.0,MIR-40840-73B71-512,0,90,0,101,0,387.84,459.6622,0.0,457.3866,0.0,0.0,457.3866,MIR-40840-73B71-512,0,script,-1,complete,Not capability,0% <= x < 16.7%,0% <= x < 16.7%,0,0,0,1,1,1,0,0,0,0,0,0,0,1,0,0,0.0,0
586837.mira,586837,mira,2015-09-03 06:11:55,20150903,2015-09-03 06:15:13,20150903,2015-09-03 06:18:11,20150903,34871601655553,97534845395728,backfill,300.0,178.0,512.0,432.0,8192.0,6912.0,MIR-40440-73771-512,0,155,0,198,0,343.68,407.3244,0.0,405.0488,0.0,0.0,405.0488,MIR-40440-73771-512,0,script,-1,complete,Not capability,0% <= x < 16.7%,0% <= x < 16.7%,0,0,0,1,1,1,0,0,0,0,0,0,0,1,0,0,0.0,0
586838.mira,586838,mira,2015-09-03 06:11:57,20150903,2015-09-03 06:15:44,20150903,2015-09-03 06:18:31,20150903,34871601655553,97534845395728,backfill,300.0,167.0,512.0,432.0,8192.0,6912.0,MIR-40080-733B1-512,0,184,0,227,0,320.64,380.0178,0.0,380.0177,0.0,0.0,380.0177,MIR-40080-733B1-512,0,script,-1,complete,Not capability,0% <= x < 16.7%,0% <= x < 16.7%,0,0,0,1,1,1,0,0,0,0,0,0,0,1,0,0,0.0,0
586839.mira,586839,mira,2015-09-03 06:11:58,20150903,2015-09-03 06:16:11,20150903,2015-09-03 06:18:54,20150903,34871601655553,97534845395728,backfill,300.0,163.0,512.0,432.0,8192.0,6912.0,MIR-00800-33B31-512,0,208,0,252,0,314.88,373.1911,0.0,370.9155,0.0,0.0,370.9155,MIR-00800-33B31-512,0,script,-1,complete,Not capability,0% <= x < 16.7%,0% <= x < 16.7%,0,0,0,1,1,1,0,0,0,0,0,0,0,1,0,0,0.0,0
